5.81E-13
6.77E-13
7.78E-13
9.21E-13
1.07E-12
1.29E-12
1.53E-12
1.88E-12
2.27E-12
2.68E-12
3.07E-12
3.18E-12
3.29E-12
3.41E-12
3.54E-12
3.54E-12
3.54E-12
3.54E-12
3.54E-12
3.54E-12
3.41E-12
3.29E-12
3.18E-12
3.07E-12
2.96E-12
2.86E-12
2.77E-12
2.68E-12
2.59E-12
2.50E-12
2.35E-12
2.20E-12
2.06E-12
1.94E-12
1.83E-12
1.72E-12
1.57E-12
1.44E-12
1.33E-12
1.26E-12
1.16E-12
1.07E-12
9.92E-13
9.44E-13
8.76E-13
8.15E-13
7.96E-13
7.78E-13
7.42E-13
7.42E-13
7.42E-13
7.96E-13
8.35E-13
8.76E-13
9.44E-13
9.92E-13
1.07E-12
1.13E-12
1.19E-12
1.37E-12
