8.051299691E+13
7.950000087E+13
7.867124419E+13
7.811822931E+13
7.788869906E+13
7.800397455E+13
7.842559305E+13
7.903676262E+13
7.974589860E+13
8.044168234E+13
8.104497404E+13
8.151791006E+13
8.180613808E+13
8.192784585E+13
8.191111411E+13
8.175599443E+13
8.146253834E+13
8.104725764E+13
8.055589808E+13
8.000291953E+13
7.935787340E+13
7.865040047E+13
7.789993329E+13
7.706729906E+13
7.625382480E+13
7.542077322E+13
7.467219567E+13
7.409572585E+13
7.368137775E+13
7.347439102E+13
7.341666611E+13
7.352177092E+13
7.370865771E+13
7.392183895E+13
7.407951481E+13
7.411806957E+13
7.390935694E+13
7.337866678E+13
7.250278276E+13
7.117455682E+13
6.942582463E+13
6.724388533E+13
6.479276625E+13
6.211812650E+13
5.927621619E+13
5.638905394E+13
5.346562407E+13
5.058072349E+13
4.765169764E+13
4.469287050E+13
4.172559371E+13
3.875132702E+13
3.579818430E+13
3.291085684E+13
3.011314360E+13
2.746869775E+13
2.504102861E+13
2.288033630E+13
2.105323385E+13
1.964400572E+13
1.873433080E+13
1.839234064E+13
1.867707991E+13
1.960763217E+13
2.113628764E+13
2.314782483E+13
2.548960487E+13
2.799431331E+13
3.051068814E+13
3.294306087E+13
3.526255925E+13
3.749146767E+13
3.970558622E+13
4.199062166E+13
4.441692891E+13
4.702116150E+13
4.984276898E+13
5.273832433E+13
5.560301177E+13
5.827105135E+13
6.056112281E+13
6.243885193E+13
6.379549298E+13
6.471056625E+13
6.521379563E+13
6.548063385E+13
6.563380264E+13
6.572972903E+13
6.584755761E+13
6.597765364E+13
6.614070919E+13
6.628425366E+13
6.638207111E+13
6.640242260E+13
6.636275560E+13
6.627742470E+13
6.611592802E+13
6.589325605E+13
6.553589871E+13
6.502531640E+13
6.432018865E+13
6.344396735E+13
6.243106884E+13
6.128154470E+13
5.999544646E+13
5.859963892E+13
5.711296239E+13
5.550946033E+13
5.384630681E+13
5.218356926E+13
5.062028016E+13
4.926405011E+13
4.813603130E+13
4.725966407E+13
4.656905329E+13
4.591526515E+13
4.516073455E+13
4.416310816E+13
4.281929205E+13
4.108700454E+13
3.897557680E+13
3.653136758E+13
3.382504746E+13
3.095406996E+13
2.802173577E+13
2.512755841E+13
2.238788200E+13
1.992614812E+13
1.785108433E+13
1.624197431E+13
1.517359594E+13
1.469037718E+13
1.478444256E+13
1.543132360E+13
1.658129068E+13
1.816979813E+13
2.011589420E+13
2.233350493E+13
2.475397249E+13
2.732770501E+13
3.000763167E+13
3.275924657E+13
3.556219062E+13
3.838156884E+13
4.115889396E+13
4.383048636E+13
4.631643647E+13
4.853940536E+13
5.042778218E+13
5.193514922E+13
5.300538360E+13
5.370453513E+13
5.401818716E+13
5.408128816E+13
5.403550152E+13
5.404780634E+13
5.420801488E+13
5.460032950E+13
5.526956795E+13
5.625101965E+13
5.749532456E+13
5.891260538E+13
6.041303018E+13
6.190994302E+13
6.335302276E+13
6.461697188E+13
6.574288861E+13
6.669050058E+13
6.754625801E+13
6.826675305E+13
6.889628327E+13
6.938961551E+13
6.974624133E+13
6.996709927E+13
7.000753478E+13
6.986710311E+13
6.954587303E+13
6.904391322E+13
6.831822568E+13
6.740942313E+13
6.627786094E+13
6.492068683E+13
6.346227364E+13
6.183185280E+13
6.010241621E+13
5.840370858E+13
5.679037336E+13
5.542527170E+13
5.444827609E+13
5.387772805E+13
5.382794809E+13
5.420639357E+13
5.491610463E+13
5.579367359E+13
5.676980706E+13
5.769141888E+13
5.852260800E+13
5.926340880E+13
5.980917261E+13
6.019838826E+13
6.045229156E+13
6.060460606E+13
6.070002655E+13
6.071750985E+13
6.070979275E+13
6.063798830E+13
6.050776470E+13
6.027008159E+13
5.992820634E+13
5.958762910E+13
5.923212868E+13
5.889091773E+13
5.850719944E+13
5.800479282E+13
5.728238344E+13
5.623428837E+13
5.482662716E+13
5.308670571E+13
5.111274218E+13
4.901214760E+13
4.695193450E+13
4.513950094E+13
4.372548515E+13
4.280079455E+13
4.238296306E+13
4.242115509E+13
4.281103389E+13
4.340505209E+13
4.406334208E+13
4.468802952E+13
4.520348194E+13
4.554485523E+13
4.567781867E+13
4.562842119E+13
4.542934606E+13
4.512099506E+13
4.480427768E+13
4.455729712E+13
4.443968124E+13
4.449716304E+13
4.473224344E+13
4.513565598E+13
4.572510774E+13
4.650663743E+13
4.743759015E+13
4.847377956E+13
4.955143766E+13
5.044927932E+13
5.101954571E+13
5.109904501E+13
5.056865207E+13
4.942045841E+13
4.781915696E+13
4.594096870E+13
4.406257270E+13
4.244004735E+13
4.130095027E+13
4.077935357E+13
4.092259111E+13
4.168234288E+13
4.292592299E+13
4.446926718E+13
4.612201273E+13
4.775931048E+13
4.925385916E+13
5.056923018E+13
5.169807761E+13
5.261722793E+13
5.338887050E+13
5.392451022E+13
5.414732313E+13
5.404119135E+13
5.348349013E+13
5.243475265E+13
5.089938080E+13
4.892942980E+13
4.665914089E+13
4.424654807E+13
4.195054115E+13
3.999504246E+13
3.857119186E+13
3.779117509E+13
3.768776550E+13
3.819317055E+13
3.915240026E+13
4.039338725E+13
4.175052854E+13
4.310334552E+13
4.438977198E+13
4.558287408E+13
4.674687378E+13
4.782395525E+13
4.881167090E+13
4.966808561E+13
5.034911595E+13
5.076953888E+13
5.100424494E+13
5.110118414E+13
5.106456870E+13
5.105264667E+13
5.116351609E+13
5.144657497E+13
5.186916468E+13
5.242508604E+13
5.300168246E+13
5.350386367E+13
5.380679649E+13
5.388736051E+13
5.370971602E+13
5.326543740E+13
5.255462772E+13
5.157739006E+13
5.029950973E+13
4.871099294E+13
4.684547441E+13
4.471065198E+13
4.237419453E+13
3.994797375E+13
3.756358232E+13
3.537313382E+13
3.351312980E+13
3.207413937E+13
3.109742152E+13
3.056731251E+13
3.040716271E+13
3.050265897E+13
3.072489490E+13
3.095330243E+13
3.108758391E+13
3.106576451E+13
3.088462938E+13
3.059557553E+13
3.027417481E+13
3.002279586E+13
2.992935556E+13
3.004207151E+13
3.036139287E+13
3.084146068E+13
3.140403977E+13
3.194284821E+13
3.234868180E+13
3.255022047E+13
3.252376208E+13
3.228911357E+13
3.192462873E+13
3.156124653E+13
3.133766009E+13
3.137280379E+13
3.175622489E+13
3.252423619E+13
3.363843778E+13
3.498672835E+13
3.641896189E+13
3.777384222E+13
3.890076515E+13
3.970539516E+13
4.017588119E+13
4.037953460E+13
4.044301972E+13
4.051830215E+13
4.074018370E+13
4.118130870E+13
4.184500199E+13
4.264480639E+13
4.344071123E+13
4.409804611E+13
4.451742449E+13
4.468492276E+13
4.469059158E+13
4.471101179E+13
4.494710489E+13
4.558776330E+13
4.677412524E+13
4.846913273E+13
5.057562124E+13
5.294398564E+13
5.535578040E+13
5.759267345E+13
5.945249705E+13
6.081970405E+13
6.165807607E+13
6.196781920E+13
6.178137090E+13
6.130496585E+13
6.067524428E+13
6.006673637E+13
5.963927525E+13
5.944534578E+13
5.959933600E+13
6.004645509E+13
6.061552468E+13
6.117574650E+13
6.159137927E+13
6.164884271E+13
6.122273319E+13
6.031191439E+13
5.887581708E+13
5.700228473E+13
5.482226596E+13
5.251028014E+13
5.019889516E+13
4.801912943E+13
4.614476938E+13
4.465543011E+13
4.363777427E+13
4.311129794E+13
4.305152662E+13
4.339915495E+13
4.406860996E+13
4.493231448E+13
4.593192873E+13
4.698348070E+13
4.800002126E+13
4.893354533E+13
4.985613665E+13
5.066417223E+13
5.134049406E+13
5.181053265E+13
5.206133572E+13
5.209298912E+13
5.194169925E+13
5.172239920E+13
5.149468311E+13
5.140675046E+13
5.156306091E+13
5.208443902E+13
5.303340971E+13
5.441983694E+13
5.614469396E+13
5.817541221E+13
6.038322959E+13
6.262641527E+13
6.474353291E+13
6.662320002E+13
6.811767200E+13
6.917450180E+13
6.979386124E+13
7.000531661E+13
6.985234496E+13
6.946421616E+13
6.890140178E+13
6.821960306E+13
6.747803310E+13
6.669297616E+13
6.589108304E+13
6.516811673E+13
6.452463193E+13
6.400132550E+13
6.360263937E+13
6.331600961E+13
6.308755644E+13
6.283528332E+13
6.249247789E+13
6.201889495E+13
6.136918973E+13
6.052390653E+13
5.950442477E+13
5.831081322E+13
5.698539420E+13
5.561461506E+13
5.428487771E+13
5.306258919E+13
5.201044510E+13
5.117639829E+13
5.056036290E+13
5.010711011E+13
4.975905855E+13
4.952412426E+13
4.937632180E+13
4.931561684E+13
4.934197499E+13
4.945536192E+13
4.964010313E+13
4.983780330E+13
4.997709022E+13
5.002934713E+13
4.998053221E+13
4.980127539E+13
4.946503850E+13
4.893733258E+13
4.830439022E+13
4.766452218E+13
4.714693251E+13
4.692613015E+13
4.724862194E+13
4.818972996E+13
4.977190692E+13
5.191272524E+13
5.438740440E+13
5.690162908E+13
5.907685815E+13
6.070825740E+13
6.149897991E+13
6.137824433E+13
6.036758756E+13
5.858967212E+13
5.614962037E+13
5.325081986E+13
5.003889284E+13
4.674569925E+13
4.342884786E+13
4.029451013E+13
3.750934304E+13
3.522997836E+13
3.358489256E+13
3.264125343E+13
3.238086611E+13
3.269903139E+13
3.346214451E+13
3.452977296E+13
3.580850131E+13
3.726032580E+13
3.891090080E+13
4.077899181E+13
4.285031752E+13
4.508578856E+13
4.730629927E+13
4.939927853E+13
5.115306903E+13
5.235351965E+13
5.286857766E+13
5.261057834E+13
5.145394016E+13
4.954923312E+13
4.691037029E+13
4.383429602E+13
4.056158501E+13
3.734262412E+13
3.446402105E+13
3.215673504E+13
3.058004145E+13
2.982838320E+13
2.994344543E+13
3.089088828E+13
3.258071567E+13
3.487563481E+13
3.760223289E+13
4.055329375E+13
4.349800564E+13
4.627847109E+13
4.868170077E+13
5.062033104E+13
5.208421109E+13
5.307352987E+13
5.368331074E+13
5.404183354E+13
5.424647773E+13
5.438270105E+13
5.447580847E+13
5.449615261E+13
5.440108133E+13
5.406130578E+13
5.330624421E+13
5.204973202E+13
5.024931095E+13
4.794454005E+13
4.530174435E+13
4.261658606E+13
4.019518264E+13
3.831105436E+13
3.720713069E+13
3.703897329E+13
3.785612798E+13
3.960131055E+13
4.214142278E+13
4.527824313E+13
4.878651127E+13
5.239900753E+13
5.585612861E+13
5.896697172E+13
6.156140416E+13
6.357502596E+13
6.496765930E+13
6.573402931E+13
6.590218040E+13
6.548518164E+13
6.451489181E+13
6.301933015E+13
6.111352805E+13
5.887623974E+13
5.645278164E+13
5.397872021E+13
5.155595408E+13
4.927895834E+13
4.723848585E+13
4.551003986E+13
4.407448952E+13
4.300697432E+13
4.233694945E+13
4.208832185E+13
4.228236285E+13
4.292448096E+13
4.402168234E+13
4.552998929E+13
4.733759191E+13
4.942062447E+13
5.165967083E+13
5.388701221E+13
5.601736451E+13
5.789043022E+13
5.948640858E+13
6.071105902E+13
6.148329378E+13
6.186165331E+13
6.182075520E+13
6.141920426E+13
6.076893497E+13
5.991967214E+13
5.896308379E+13
5.801975144E+13
5.717435120E+13
5.651151389E+13
5.610512007E+13
5.595506671E+13
5.605666349E+13
5.636329205E+13
5.678643413E+13
5.719569965E+13
5.743108735E+13
5.744234919E+13
5.706732225E+13
5.626579614E+13
5.503947338E+13
5.343538840E+13
5.166346458E+13
4.985130877E+13
4.821018196E+13
4.691350802E+13
4.608605109E+13
4.568533064E+13
4.579450068E+13
4.624901216E+13
4.704417411E+13
4.793570002E+13
4.883154482E+13
4.952755198E+13
4.997096788E+13
5.008056002E+13
4.988838243E+13
4.943673301E+13
4.884386599E+13
4.819872882E+13
4.766009773E+13
4.728604433E+13
4.719154545E+13
4.739472674E+13
4.793114540E+13
4.873691998E+13
4.976259906E+13
5.093145149E+13
5.215919184E+13
5.336158016E+13
5.445442187E+13
5.538655263E+13
5.611594627E+13
5.660059942E+13
5.683036367E+13
5.680534213E+13
5.652563782E+13
5.599135387E+13
5.529348477E+13
5.449842342E+13
5.367778496E+13
5.294480657E+13
5.233926477E+13
5.197462987E+13
5.190690620E+13
5.208074447E+13
5.241202372E+13
5.281666840E+13
5.321064835E+13
5.353606260E+13
5.380235289E+13
5.400088812E+13
5.418946582E+13
5.439578634E+13
5.467456739E+13
5.508028837E+13
5.561289775E+13
5.622628926E+13
5.690448047E+13
5.757806138E+13
5.816683696E+13
5.860633677E+13
5.883422035E+13
5.887131294E+13
5.873924304E+13
5.845805684E+13
5.806971301E+13
5.761614746E+13
5.712043799E+13
5.660105677E+13
5.609988882E+13
5.562340777E+13
5.512973963E+13
5.459396727E+13
5.396644536E+13
5.318636758E+13
5.223245918E+13
5.102552880E+13
4.959575025E+13
4.798289513E+13
4.621660241E+13
4.443639177E+13
4.275291991E+13
4.129656428E+13
4.012504381E+13
3.930108363E+13
3.884836777E+13
3.875860821E+13
3.899454405E+13
3.949756798E+13
4.020700681E+13
4.105798854E+13
4.199979064E+13
4.301294175E+13
4.408843619E+13
4.520429193E+13
4.638760919E+13
4.757060292E+13
4.872340947E+13
4.970046351E+13
5.045342028E+13
5.090530636E+13
5.102050781E+13
5.079916201E+13
5.024660950E+13
4.940466227E+13
4.832400887E+13
4.712159696E+13
4.584283268E+13
4.456441506E+13
4.328811041E+13
4.203659268E+13
4.079911411E+13
3.959648473E+13
3.845195104E+13
3.745758536E+13
3.672554730E+13
3.635981380E+13
3.647344522E+13
3.716635462E+13
3.848430536E+13
4.040220257E+13
4.282902428E+13
4.552227946E+13
4.826486894E+13
5.072864206E+13
5.266049242E+13
5.392904559E+13
5.444879389E+13
5.432935949E+13
5.365750957E+13
5.255424819E+13
5.121900164E+13
4.974857523E+13
4.822604877E+13
4.669825626E+13
4.517087972E+13
4.360847740E+13
4.195204313E+13
4.020875682E+13
3.842340639E+13
3.670005689E+13
3.520510989E+13
3.413002159E+13
3.363339188E+13
3.380262187E+13
3.463101535E+13
3.600382870E+13
3.769864987E+13
3.946369446E+13
4.105541911E+13
4.229095347E+13
4.306252007E+13
4.336564215E+13
4.326720271E+13
4.287878405E+13
4.223708030E+13
4.142447499E+13
4.049641782E+13
3.948177822E+13
3.842170723E+13
3.737226580E+13
3.640847542E+13
3.563092662E+13
3.513602285E+13
3.499056428E+13
3.520895977E+13
3.574008697E+13
3.647920407E+13
3.729994901E+13
3.809261869E+13
3.880744030E+13
3.946317832E+13
4.013150164E+13
4.090521301E+13
4.185820133E+13
4.303366662E+13
4.441155890E+13
4.593563247E+13
4.748616124E+13
4.895301504E+13
5.027967085E+13
5.136094489E+13
5.215067640E+13
5.264898559E+13
5.287334692E+13
5.284811067E+13
5.260659116E+13
5.219882608E+13
5.164074171E+13
5.097359448E+13
5.022350847E+13
4.940525408E+13
4.856003691E+13
4.772903988E+13
4.695342318E+13
4.626108189E+13
4.562624344E+13
4.497908222E+13
4.424209092E+13
4.328600699E+13
4.207320250E+13
4.056839261E+13
3.875545418E+13
3.672599366E+13
3.458256206E+13
3.245738526E+13
3.049017972E+13
2.878305832E+13
2.739904150E+13
2.637256023E+13
2.571433216E+13
2.537200788E+13
2.527698959E+13
2.534575039E+13
2.548852386E+13
2.562487906E+13
2.571727106E+13
2.578611804E+13
2.591500823E+13
2.622979719E+13
2.684486498E+13
2.786367591E+13
2.930612133E+13
3.108634115E+13
3.306644763E+13
3.506989123E+13
3.691770767E+13
3.846459986E+13
3.963002211E+13
4.038576126E+13
4.072403682E+13
4.067669960E+13
4.028857006E+13
3.959883841E+13
3.866896180E+13
3.756044016E+13
3.633073319E+13
3.506099396E+13
3.383700299E+13
3.275633469E+13
3.188625142E+13
3.129592323E+13
3.100937633E+13
3.100574468E+13
3.122702229E+13
3.159712409E+13
3.204922868E+13
3.253229506E+13
3.303996299E+13
3.363557581E+13
3.440307050E+13
3.545225927E+13
3.685988377E+13
3.860083848E+13
4.057008206E+13
4.257993174E+13
4.437742342E+13
4.576181347E+13
4.659741979E+13
4.685647867E+13
4.666360571E+13
4.618213251E+13
4.557529984E+13
4.497628065E+13
4.450737792E+13
4.420312749E+13
4.400573832E+13
4.389064124E+13
4.380156636E+13
4.371251460E+13
4.356873637E+13
4.336980692E+13
4.315647265E+13
4.302197942E+13
4.303665008E+13
4.324112856E+13
4.372633275E+13
4.444078683E+13
4.531926571E+13
4.626555481E+13
4.714058005E+13
4.786894580E+13
4.838712133E+13
4.868153897E+13
4.881513296E+13
4.882563871E+13
4.877744489E+13
4.872926262E+13
4.872250473E+13
4.877739680E+13
4.885329179E+13
4.892916370E+13
4.894732531E+13
4.884256833E+13
4.863343525E+13
4.832431843E+13
4.794568611E+13
4.758454243E+13
4.729847202E+13
4.715193593E+13
4.715288154E+13
4.727659925E+13
4.750749467E+13
4.778980058E+13
4.802760515E+13
4.814263579E+13
4.813494402E+13
4.800458140E+13
4.776493551E+13
4.748250276E+13
4.722841920E+13
4.697440501E+13
4.670859324E+13
4.640199813E+13
4.604350393E+13
4.561418536E+13
4.516494519E+13
4.475666234E+13
4.441831818E+13
4.423405404E+13
4.416335418E+13
4.413145661E+13
4.396895167E+13
4.360412002E+13
4.287225177E+13
4.177350157E+13
4.032621581E+13
3.864474933E+13
3.687542559E+13
3.519087289E+13
3.375350625E+13
3.269672426E+13
3.209209385E+13
3.196796360E+13
3.231437022E+13
3.306307904E+13
3.411114442E+13
3.538122220E+13
3.678848620E+13
3.825114718E+13
3.974530491E+13
4.125392807E+13
4.273319195E+13
4.416171478E+13
4.542694720E+13
4.648750182E+13
4.718019993E+13
4.742580882E+13
4.714393324E+13
4.633368685E+13
4.511338094E+13
4.360401387E+13
4.204239046E+13
4.058977708E+13
3.939934517E+13
3.859017584E+13
3.819709235E+13
3.819291441E+13
3.851979967E+13
3.909203179E+13
3.982458196E+13
4.063645495E+13
4.146116865E+13
4.231044936E+13
4.309552620E+13
4.383310204E+13
4.449644398E+13
4.504539913E+13
4.553804793E+13
4.592528098E+13
4.625481935E+13
4.660701041E+13
4.699961825E+13
4.746352793E+13
4.797778243E+13
4.847205240E+13
4.889588274E+13
4.920917579E+13
4.934278650E+13
4.927396699E+13
4.897446512E+13
4.846021839E+13
4.768859794E+13
4.668848905E+13
4.545953902E+13
4.404129188E+13
4.246169254E+13
4.083423701E+13
3.927169747E+13
3.788021778E+13
3.676414477E+13
3.599601691E+13
3.558305097E+13
3.545460950E+13
3.549191427E+13
3.556509738E+13
3.555282957E+13
3.538115703E+13
3.506238147E+13
3.467397270E+13
3.433088858E+13
3.416301338E+13
3.427994566E+13
3.473761090E+13
3.552647396E+13
3.657951530E+13
3.777431020E+13
3.894971345E+13
3.993575476E+13
4.058961820E+13
4.083268353E+13
4.067008753E+13
4.019192058E+13
3.954801289E+13
3.891247656E+13
3.843509920E+13
3.820869581E+13
3.825928391E+13
3.854975315E+13
3.900602358E+13
3.952693764E+13
4.000878557E+13
4.034922246E+13
4.045880014E+13
4.027848875E+13
3.977693888E+13
3.895742954E+13
3.787456735E+13
3.662444854E+13
3.532416863E+13
3.411610833E+13
3.314156344E+13
3.253452494E+13
3.237367673E+13
3.268418035E+13
3.344301923E+13
3.457512566E+13
3.595715640E+13
3.745851221E+13
3.898419532E+13
4.042677867E+13
4.170253967E+13
4.275436653E+13
4.355424877E+13
4.403305387E+13
4.419091920E+13
4.403239067E+13
4.360543263E+13
4.302564344E+13
4.237585764E+13
4.176929984E+13
4.124304522E+13
4.080179532E+13
4.051977179E+13
4.029128033E+13
4.004777198E+13
3.968674480E+13
3.913716157E+13
3.835567979E+13
3.737708550E+13
3.630649418E+13
3.530321310E+13
3.451791518E+13
3.405430129E+13
3.398821462E+13
3.432583209E+13
3.500644435E+13
3.595524409E+13
3.710057649E+13
3.832684531E+13
3.953346117E+13
4.062506002E+13
4.156390182E+13
4.223696180E+13
4.266532805E+13
4.281932196E+13
4.279675801E+13
4.264848477E+13
4.248129425E+13
4.238061025E+13
4.239262145E+13
4.249180241E+13
4.267072973E+13
4.277044695E+13
4.271908005E+13
4.241505523E+13
4.180135710E+13
4.086895628E+13
3.967794931E+13
3.831631712E+13
3.687495158E+13
3.541868433E+13
3.397995673E+13
3.258526054E+13
3.123160264E+13
2.992514800E+13
2.868978639E+13
2.757716330E+13
2.666351991E+13
2.604979665E+13
2.583087156E+13
2.607306737E+13
2.679894882E+13
2.797537780E+13
2.952519111E+13
3.132897029E+13
3.325812292E+13
3.518354320E+13
3.698271972E+13
3.857066475E+13
3.989109375E+13
4.093202330E+13
4.165560487E+13
4.210555361E+13
4.231557460E+13
4.232874805E+13
4.224275476E+13
4.215565605E+13
4.218635324E+13
4.243228505E+13
4.291886089E+13
4.360361932E+13
4.439760262E+13
4.512168613E+13
4.561872716E+13
4.578178313E+13
4.558806311E+13
4.506970061E+13
4.432101022E+13
4.345988641E+13
4.260415549E+13
4.184244894E+13
4.121397389E+13
4.073021289E+13
4.035861420E+13
4.009265277E+13
3.994422550E+13
3.992302954E+13
4.006943064E+13
4.043351464E+13
4.103184391E+13
4.177719467E+13
4.260901156E+13
4.338911078E+13
4.396137600E+13
4.425796823E+13
4.416848482E+13
4.372338073E+13
4.293133144E+13
4.184797188E+13
4.058617871E+13
3.923772833E+13
3.788981305E+13
3.664996826E+13
3.561339635E+13
3.486215539E+13
3.447256814E+13
3.448109319E+13
3.487567878E+13
3.558553195E+13
3.650375612E+13
3.748056807E+13
3.835929104E+13
3.902366545E+13
3.941499773E+13
3.952620290E+13
3.941792494E+13
3.918469860E+13
3.893532021E+13
3.876282924E+13
3.873648152E+13
3.887541233E+13
3.916782299E+13
3.958315076E+13
4.009686124E+13
4.068538332E+13
4.131367935E+13
4.198113509E+13
4.276367729E+13
4.355114437E+13
4.441289537E+13
4.520543462E+13
4.595565331E+13
4.655778180E+13
4.696668622E+13
4.710803078E+13
4.697428281E+13
4.656556260E+13
4.588199039E+13
4.495773396E+13
4.389920014E+13
4.268984538E+13
4.138976667E+13
4.006375775E+13
3.872243516E+13
3.743282136E+13
3.627970723E+13
3.534856683E+13
3.473407811E+13
3.449668267E+13
3.465961396E+13
3.519356837E+13
3.602033701E+13
3.701847039E+13
3.805583995E+13
3.901173892E+13
3.981172961E+13
4.039211651E+13
4.076344264E+13
4.099274119E+13
4.110450494E+13
4.115125722E+13
4.115885018E+13
4.110177280E+13
4.094127099E+13
4.066343432E+13
4.019491200E+13
3.956176435E+13
3.879330437E+13
3.791783581E+13
3.698587600E+13
3.606276842E+13
3.521644793E+13
3.451597595E+13
3.405389015E+13
3.392611371E+13
3.419851069E+13
3.489471118E+13
3.597590856E+13
3.731483516E+13
3.871968854E+13
3.997769967E+13
4.086291041E+13
4.120976985E+13
4.097125722E+13
4.015118430E+13
3.883592508E+13
3.720565509E+13
3.543995773E+13
3.370577476E+13
3.213869506E+13
3.083333427E+13
2.982913733E+13
2.913606084E+13
2.874707888E+13
2.863545041E+13
2.878453488E+13
2.918263874E+13
2.982071726E+13
3.069223413E+13
3.177675602E+13
3.302832033E+13
3.437569827E+13
3.571484021E+13
3.691243888E+13
3.782762508E+13
3.832030288E+13
3.827538585E+13
3.762297368E+13
3.637727434E+13
3.462682089E+13
3.254198089E+13
3.037414138E+13
2.841982316E+13
2.696622767E+13
2.624806730E+13
2.641220580E+13
2.748141719E+13
2.934625644E+13
3.178153081E+13
3.450672327E+13
3.722379836E+13
3.965981020E+13
4.163790356E+13
4.309594568E+13
4.397939450E+13
4.437225673E+13
4.441915429E+13
4.416416215E+13
4.371303808E+13
4.303363294E+13
4.220114196E+13
4.125402973E+13
4.023104318E+13
3.918325677E+13
3.822569064E+13
3.745824339E+13
3.699942515E+13
3.693164989E+13
3.727012683E+13
3.796924346E+13
3.892637808E+13
3.998943490E+13
4.103826566E+13
4.186627350E+13
4.242579696E+13
4.267863808E+13
4.262214524E+13
4.229162858E+13
4.179515380E+13
4.117873556E+13
4.054895715E+13
3.995313368E+13
3.942952753E+13
3.901307142E+13
3.866290316E+13
3.833513951E+13
3.796527708E+13
3.750665476E+13
3.693916805E+13
3.628473396E+13
3.560153502E+13
3.498786650E+13
3.454772320E+13
3.436942239E+13
3.451060735E+13
3.497748994E+13
3.572235083E+13
3.664169460E+13
3.760593411E+13
3.848141600E+13
3.916983523E+13
3.957391132E+13
3.969381736E+13
3.957025301E+13
3.929295263E+13
3.895611464E+13
3.865369249E+13
3.847741537E+13
3.848814611E+13
3.869315436E+13
3.905818608E+13
3.947917829E+13
3.983117811E+13
4.004512763E+13
4.003847118E+13
3.978469188E+13
3.929826112E+13
3.866672096E+13
3.801873345E+13
3.747145668E+13
3.713811153E+13
3.708978096E+13
3.735056187E+13
3.788583801E+13
3.861569432E+13
3.943596267E+13
4.025749965E+13
4.097557731E+13
4.150164189E+13
4.180164709E+13
4.184984589E+13
4.166797520E+13
4.128819796E+13
4.075520931E+13
4.011509696E+13
3.949683357E+13
3.900687874E+13
3.869794035E+13
3.862971572E+13
3.880473492E+13
3.917376379E+13
3.967021436E+13
4.021843871E+13
4.067771172E+13
4.097446416E+13
4.101484225E+13
4.080325509E+13
4.030745064E+13
3.960336227E+13
3.877196578E+13
3.792181247E+13
3.718832989E+13
3.666629579E+13
3.642749565E+13
3.649996243E+13
3.688220056E+13
3.753688947E+13
3.840875441E+13
3.942601818E+13
4.055077478E+13
4.173233392E+13
4.288142760E+13
4.401301757E+13
4.502978915E+13
4.592172405E+13
4.661795862E+13
4.708078016E+13
4.727650819E+13
4.721259871E+13
4.696473605E+13
4.660855904E+13
4.622494863E+13
4.595347116E+13
4.575827658E+13
4.563933060E+13
4.559403965E+13
4.554782145E+13
4.546353630E+13
4.534120136E+13
4.518075088E+13
4.494370844E+13
4.459265048E+13
4.420279965E+13
4.370045743E+13
4.308414830E+13
4.231733411E+13
4.139863979E+13
4.029223551E+13
3.906718994E+13
3.772848131E+13
3.644350239E+13
3.533085953E+13
3.452393811E+13
3.410062353E+13
3.407534063E+13
3.438253216E+13
3.490743418E+13
3.551981408E+13
3.609438639E+13
3.655150896E+13
3.685748016E+13
3.702333404E+13
3.708329651E+13
3.708716012E+13
3.707254882E+13
3.706438316E+13
3.707639825E+13
3.710535015E+13
3.715231885E+13
3.723238140E+13
3.735590405E+13
3.753866749E+13
3.778849670E+13
3.809294344E+13
3.843321874E+13
3.877478498E+13
3.906081836E+13
3.927106395E+13
3.935507712E+13
3.928770987E+13
3.909358606E+13
3.883446503E+13
3.858056784E+13
3.838993932E+13
3.833124243E+13
3.844197237E+13
3.873779116E+13
3.917971726E+13
3.969122388E+13
4.015443120E+13
4.046189076E+13
4.058040735E+13
4.046915090E+13
4.013385378E+13
3.966922398E+13
3.914867586E+13
3.868602033E+13
3.838944842E+13
3.829800568E+13
3.844212639E+13
3.877971350E+13
3.924455565E+13
3.978826494E+13
4.033607789E+13
4.081327649E+13
4.117726000E+13
4.142807995E+13
4.156578786E+13
4.160545319E+13
4.154041394E+13
4.136776868E+13
4.111551642E+13
4.072640363E+13
4.023779977E+13
3.964809754E+13
3.892069043E+13
3.807939277E+13
3.713010379E+13
3.610245733E+13
3.503940875E+13
3.399577972E+13
3.302372772E+13
3.216612697E+13
3.143558536E+13
3.082543925E+13
3.032259151E+13
2.992043942E+13
2.961951025E+13
2.943794840E+13
2.940309696E+13
2.953046178E+13
2.981861843E+13
3.024172035E+13
3.075419361E+13
3.128718910E+13
3.176497382E+13
3.212770964E+13
3.233874108E+13
3.239236547E+13
3.232065869E+13
3.217366461E+13
3.201107684E+13
3.185978054E+13
3.171752398E+13
3.155716187E+13
3.133837228E+13
3.102843516E+13
3.060699167E+13
3.008924288E+13
2.949809338E+13
2.887429738E+13
2.825464456E+13
2.765402529E+13
2.709865586E+13
2.659609773E+13
2.616841347E+13
2.584149871E+13
2.564124727E+13
2.558628887E+13
2.566994858E+13
2.585986131E+13
2.610151378E+13
2.631492091E+13
2.642555324E+13
2.636968409E+13
2.610478873E+13
2.564389750E+13
2.502551277E+13
2.433967301E+13
2.368258112E+13
2.316003214E+13
2.285691777E+13
2.282613205E+13
2.307510498E+13
2.356980975E+13
2.424814781E+13
2.503749750E+13
2.585795963E+13
2.664593441E+13
2.736564594E+13
2.799622080E+13
2.855053563E+13
2.906202019E+13
2.957038147E+13
3.011347144E+13
3.069836037E+13
3.128922201E+13
3.181695822E+13
3.219371090E+13
3.233508669E+13
3.219058117E+13
3.176359139E+13
3.109368414E+13
3.024840695E+13
2.930040587E+13
2.831498047E+13
2.733604954E+13
2.639675752E+13
2.552113719E+13
2.472756873E+13
2.404324351E+13
2.350775418E+13
2.315877865E+13
2.302724228E+13
2.313626249E+13
2.349596849E+13
2.410190428E+13
2.493898180E+13
2.598871004E+13
2.721928110E+13
2.858089160E+13
3.000916891E+13
3.142878793E+13
3.275197815E+13
3.389870788E+13
3.481540398E+13
3.546779378E+13
3.585073436E+13
3.598658655E+13
3.591060042E+13
3.565897705E+13
3.527667088E+13
3.480922699E+13
3.430198669E+13
3.380803902E+13
3.336590407E+13
3.300355380E+13
3.272836725E+13
3.251083586E+13
3.230810054E+13
3.206157949E+13
3.171236735E+13
3.121882793E+13
3.056095904E+13
2.976250014E+13
2.886428073E+13
2.791860395E+13
2.697651303E+13
2.607732596E+13
2.525851949E+13
2.456291565E+13
2.404670007E+13
2.378374437E+13
2.384763771E+13
2.428708458E+13
2.508837216E+13
2.618304814E+13
2.743666604E+13
2.868289799E+13
2.975326112E+13
3.052227663E+13
3.090993942E+13
3.091163932E+13
3.057068982E+13
2.997770091E+13
2.921749350E+13
2.837727539E+13
2.750328299E+13
2.662615621E+13
2.574930096E+13
2.487355946E+13
2.401351811E+13
2.318505643E+13
2.243555221E+13
2.181274803E+13
2.138223063E+13
2.121311765E+13
2.136930318E+13
2.189799455E+13
2.280500886E+13
2.406485619E+13
2.559447015E+13
2.728155401E+13
2.897798140E+13
3.054151158E+13
3.187175237E+13
3.290137439E+13
3.363280236E+13
3.411706126E+13
3.443870662E+13
3.466206019E+13
3.483595004E+13
3.495288711E+13
3.497923228E+13
3.485660746E+13
3.453268473E+13
3.398758625E+13
3.323132842E+13
3.231479759E+13
3.130512781E+13
3.028611436E+13
2.933610772E+13
2.850528669E+13
2.782571509E+13
2.729247525E+13
2.687146332E+13
2.651721895E+13
2.618529233E+13
2.583485448E+13
2.543135111E+13
2.495005705E+13
2.437185542E+13
2.368123202E+13
2.287637013E+13
2.197091091E+13
2.100267609E+13
2.002847109E+13
1.912180955E+13
1.835758250E+13
1.780578640E+13
1.751673651E+13
1.752333097E+13
1.783878387E+13
1.845340306E+13
1.933815940E+13
2.044186865E+13
2.169248871E+13
2.300217326E+13
2.428300858E+13
2.545787972E+13
2.646635207E+13
2.727916173E+13
2.789884739E+13
2.834740470E+13
2.865563368E+13
2.885429502E+13
2.896702061E+13
2.900323111E+13
2.895616103E+13
2.880474695E+13
2.851854295E+13
2.806835373E+13
2.743058096E+13
2.659443275E+13
2.557262968E+13
2.440961324E+13
2.318472353E+13
2.199651133E+13
2.096214316E+13
2.020495222E+13
1.983321223E+13
1.992530368E+13
2.051626744E+13
2.158053105E+13
2.302961992E+13
2.471024044E+13
2.644511195E+13
2.805790222E+13
2.941117644E+13
3.041898858E+13
3.105665270E+13
3.134346632E+13
3.131378187E+13
3.101170278E+13
3.049231015E+13
2.980487380E+13
2.901088379E+13
2.818507490E+13
2.739713527E+13
2.670603296E+13
2.615674912E+13
2.576888868E+13
2.554842281E+13
2.547677046E+13
2.553128133E+13
2.568073076E+13
2.587982178E+13
2.609352084E+13
2.629273778E+13
2.644666241E+13
2.653772253E+13
2.655310150E+13
2.649641897E+13
2.637292596E+13
2.621151591E+13
2.604427623E+13
2.589986133E+13
2.580638746E+13
2.577421310E+13
2.579575619E+13
2.582801291E+13
2.581298816E+13
2.570753280E+13
2.546885165E+13
2.507894697E+13
2.457279144E+13
2.402105822E+13
2.349527308E+13
2.307717761E+13
2.283198617E+13
2.278703658E+13
2.295395585E+13
2.331375672E+13
2.384491644E+13
2.450980706E+13
2.527227848E+13
2.609658313E+13
2.693761937E+13
2.774588966E+13
2.848981336E+13
2.913785085E+13
2.966692711E+13
3.007050966E+13
3.035681039E+13
3.053658189E+13
3.063775565E+13
3.069244894E+13
3.072716047E+13
3.076960926E+13
3.084009174E+13
3.093749626E+13
3.104134323E+13
3.111088550E+13
3.109725006E+13
3.095578051E+13
3.065905747E+13
3.020835701E+13
2.961690087E+13
2.890630994E+13
2.808227240E+13
2.712940585E+13
2.601706229E+13
2.471669825E+13
2.322630741E+13
2.159258366E+13
1.991410857E+13
1.832560642E+13
1.697053791E+13
1.596546941E+13
1.537840817E+13
1.521017352E+13
1.540437875E+13
1.586444861E+13
1.647863926E+13
1.713879476E+13
1.775735550E+13
1.827639825E+13
1.865898955E+13
1.887861798E+13
1.891406377E+13
1.876324781E+13
1.844891987E+13
1.802468855E+13
1.758814509E+13
1.725975250E+13
1.714892429E+13
1.732354762E+13
1.778830050E+13
1.848764417E+13
1.933008795E+13
2.022421737E+13
2.110294103E+13
2.194076695E+13
2.274334746E+13
2.352297682E+13
2.426990019E+13
2.495077963E+13
2.549371808E+13
2.580776489E+13
2.583705235E+13
2.556727995E+13
2.504228440E+13
2.436582405E+13
2.367430854E+13
2.308943345E+13
2.271471534E+13
2.259926574E+13
2.272737287E+13
2.303851767E+13
2.344393757E+13
2.384280269E+13
2.414867289E+13
2.431570246E+13
2.433369043E+13
2.422705142E+13
2.403644033E+13
2.381124346E+13
2.359918980E+13
2.343648253E+13
2.334471377E+13
2.334493660E+13
2.343399904E+13
2.360956306E+13
2.384905974E+13
2.411757544E+13
2.438227160E+13
2.459765806E+13
2.472131368E+13
2.470793378E+13
2.451937385E+13
2.412835366E+13
2.352909574E+13
2.275743915E+13
2.188061566E+13
2.100410948E+13
2.023159237E+13
1.966855340E+13
1.937104319E+13
1.937423807E+13
1.964756851E+13
2.013880043E+13
2.076809039E+13
2.144793718E+13
2.208726129E+13
2.258827661E+13
2.286910050E+13
2.284916336E+13
2.247029075E+13
2.173026717E+13
2.068906982E+13
1.946606958E+13
1.823041480E+13
1.716035617E+13
1.642250572E+13
1.611607615E+13
1.626972443E+13
1.684558380E+13
1.775136801E+13
1.886835959E+13
2.008517200E+13
2.131546183E+13
2.250342488E+13
2.361907520E+13
2.463796164E+13
2.553035581E+13
2.625438889E+13
2.673886451E+13
2.692135139E+13
2.675111097E+13
2.622912519E+13
2.541335186E+13
2.441606351E+13
2.338810528E+13
2.249485836E+13
2.187360932E+13
2.161198860E+13
2.172983842E+13
2.216866758E+13
2.278828861E+13
2.341331935E+13
2.387225811E+13
2.403564716E+13
2.386118599E+13
2.338781112E+13
2.272408989E+13
2.200360563E+13
2.134560365E+13
2.083093809E+13
2.048140850E+13
2.027146740E+13
2.015198102E+13
2.007433742E+13
2.001779595E+13
1.999785492E+13
2.006611824E+13
2.029396006E+13
2.074274739E+13
2.143900907E+13
2.234941359E+13
2.338283921E+13
2.441049563E+13
2.529279069E+13
2.591581135E+13
2.621737825E+13
2.619525502E+13
2.590607018E+13
2.543903221E+13
2.490354182E+13
2.440895448E+13
2.403316545E+13
2.381167060E+13
2.373287336E+13
2.372546000E+13
2.368094056E+13
2.349304356E+13
2.309543323E+13
2.247446956E+13
2.168288625E+13
2.081931094E+13
1.999877899E+13
1.930175491E+13
1.874424739E+13
1.828368925E+13
1.783103725E+13
1.727177929E+13
1.652521974E+13
1.556351430E+13
1.444134073E+13
1.327821768E+13
1.223394042E+13
1.146716752E+13
1.110298290E+13
1.118366686E+13
1.168542976E+13
1.251772932E+13
1.356165577E+13
1.469180002E+13
1.580647053E+13
1.682612522E+13
1.770700187E+13
1.841954959E+13
1.895455874E+13
1.931938824E+13
1.952838653E+13
1.960591497E+13
1.957929410E+13
1.946220529E+13
1.925809003E+13
1.896342297E+13
1.857065369E+13
1.807362837E+13
1.748272083E+13
1.684244023E+13
1.621452311E+13
1.568443918E+13
1.533165138E+13
1.520574407E+13
1.529626238E+13
1.553776808E+13
1.581345709E+13
1.598385447E+13
1.593289277E+13
1.559353811E+13
1.497140397E+13
1.414711270E+13
1.324922313E+13
1.242676315E+13
1.182513542E+13
1.155376580E+13
1.166675022E+13
1.214886754E+13
1.296962894E+13
1.407847653E+13
1.539005679E+13
1.677619263E+13
1.813170406E+13
1.927019135E+13
1.999463635E+13
2.018040279E+13
1.982465707E+13
1.903948854E+13
1.806070289E+13
1.718653654E+13
1.667449251E+13
1.667928740E+13
1.721391139E+13
1.816890287E+13
1.935851491E+13
2.056789172E+13
2.159570396E+13
2.228342741E+13
2.253448330E+13
2.230946825E+13
2.162414959E+13
2.055405259E+13
1.922129509E+13
1.775479594E+13
1.627781305E+13
1.489582857E+13
1.367794047E+13
1.265823879E+13
1.186276068E+13
1.132953207E+13
1.108476259E+13
1.113678370E+13
1.148354320E+13
1.210090974E+13
1.294611225E+13
1.398279846E+13
1.519021347E+13
1.654482963E+13
1.802365343E+13
1.959307607E+13
2.118303957E+13
2.269941647E+13
2.403073022E+13
2.505346295E+13
2.565741549E+13
2.578246028E+13
2.542125649E+13
2.462483331E+13
2.349634889E+13
2.215793486E+13
2.073901029E+13
1.935530551E+13
1.810560368E+13
1.706862989E+13
1.628043492E+13
1.572877953E+13
1.535685847E+13
1.508922580E+13
1.485965977E+13
1.462330385E+13
1.437840089E+13
1.412070161E+13
1.384870109E+13
1.355328547E+13
1.325751901E+13
1.302519297E+13
1.299567846E+13
1.331844143E+13
1.411080273E+13
1.539179362E+13
1.706917249E+13
1.891038008E+13
2.065733400E+13
2.206749158E+13
2.300249155E+13
2.341565287E+13
2.341483345E+13
2.315537872E+13
2.280821191E+13
2.248701909E+13
2.224643829E+13
2.206280287E+13
2.186973290E+13
2.162474566E+13
2.131631838E+13
2.097903138E+13
2.066659654E+13
2.041245312E+13
2.022319787E+13
2.008196087E+13
1.999574310E+13
1.999142257E+13
2.011289318E+13
2.037398569E+13
2.072855309E+13
2.104391538E+13
2.112960952E+13
2.082202404E+13
2.006429576E+13
1.891958269E+13
1.757154142E+13
1.627162535E+13
1.528570597E+13
1.480764770E+13
1.492086613E+13
1.558606139E+13
1.663725624E+13
1.783675479E+13
1.893815767E+13
1.976639237E+13
2.023570363E+13
2.038961727E+13
2.031776296E+13
2.011193295E+13
1.983628962E+13
1.951356966E+13
1.914149451E+13
1.872114895E+13
1.825849464E+13
1.777044010E+13
1.726717553E+13
1.676534705E+13
1.629737880E+13
1.592683742E+13
1.574916259E+13
1.587562023E+13
1.637399059E+13
1.723617857E+13
1.836959023E+13
1.961067110E+13
2.077006761E+13
2.170177087E+13
2.234477381E+13
2.271659415E+13
2.288180929E+13
2.290345897E+13
2.279907549E+13
2.253422205E+13
2.205135550E+13
2.131324629E+13
2.034342109E+13
1.923256172E+13
1.812014441E+13
1.715302293E+13
1.642968282E+13
1.598239540E+13
1.578702395E+13
1.578308520E+13
1.590998787E+13
1.613195971E+13
1.644313483E+13
1.685040406E+13
1.735401532E+13
1.794010026E+13
1.856864338E+13
1.917840860E+13
1.970808171E+13
2.010553336E+13
2.033810801E+13
2.040839078E+13
2.034345012E+13
2.019058685E+13
2.000456628E+13
1.983508841E+13
1.971775140E+13
1.968142484E+13
1.974281426E+13
1.991296253E+13
2.020101577E+13
2.060489474E+13
2.110709030E+13
2.165561040E+13
2.217332092E+13
2.257435297E+13
2.278135175E+13
2.275009307E+13
2.249759433E+13
2.209090795E+13
2.162235799E+13
2.118634056E+13
2.085008383E+13
2.064845850E+13
2.057831374E+13
2.062409619E+13
2.077464092E+13
2.101429322E+13
2.133252158E+13
2.171503653E+13
2.213965390E+13
2.256852400E+13
2.295543114E+13
2.325714305E+13
2.343171778E+13
2.345327743E+13
2.334031329E+13
2.313481863E+13
2.290606758E+13
2.271208592E+13
2.257436422E+13
2.247146857E+13
2.233686428E+13
2.210122015E+13
2.172496118E+13
2.121758139E+13
2.063298426E+13
2.004490707E+13
1.949993317E+13
1.900194255E+13
1.851207344E+13
1.799373013E+13
1.741681018E+13
1.679561913E+13
1.617172289E+13
1.560366625E+13
1.514189551E+13
1.480273510E+13
1.457838036E+13
1.444696016E+13
1.437055202E+13
1.432393158E+13
1.429254100E+13
1.427452054E+13
1.427831385E+13
1.430826386E+13
1.436766556E+13
1.444890833E+13
1.453397226E+13
1.458968856E+13
1.456125945E+13
1.438141276E+13
1.398081998E+13
1.330546506E+13
1.234615268E+13
1.115103819E+13
9.824704519E+12
8.503062267E+12
7.347224763E+12
6.490021036E+12
6.019792676E+12
5.973098320E+12
6.326343226E+12
6.998320737E+12
7.878858746E+12
8.845884788E+12
9.789124982E+12
1.062124904E+13
1.129458215E+13
1.180634501E+13
1.218605054E+13
1.248130312E+13
1.275075926E+13
1.304147359E+13
1.337436531E+13
1.374800267E+13
1.413398055E+13
1.447676433E+13
1.471056998E+13
1.476789789E+13
1.460226913E+13
1.421130409E+13
1.364158422E+13
1.298029638E+13
1.234066028E+13
1.183015267E+13
1.151570483E+13
1.141710249E+13
1.151274992E+13
1.174559869E+13
1.204106858E+13
1.233579264E+13
1.257808677E+13
1.273276972E+13
1.278938534E+13
1.275254760E+13
1.263763348E+13
1.247175373E+13
1.227550156E+13
1.206412155E+13
1.184279886E+13
1.159618855E+13
1.129809022E+13
1.092336580E+13
1.045318393E+13
9.884662180E+12
9.235724353E+12
8.535877090E+12
7.813711032E+12
7.094553813E+12
6.396291841E+12
5.719766332E+12
5.061531605E+12
4.425877446E+12
3.813540922E+12
3.240787233E+12
2.730227630E+12
2.311369234E+12
2.014226433E+12
1.866514420E+12
1.883089062E+12
2.065527527E+12
2.398019254E+12
2.853892342E+12
3.400051549E+12
4.007991701E+12
4.653932756E+12
5.318067497E+12
5.986730987E+12
6.640352503E+12
7.258640461E+12
7.812917127E+12
8.284029616E+12
8.659610725E+12
8.940472510E+12
9.146895527E+12
9.321128430E+12
9.498896753E+12
9.706182821E+12
9.946446451E+12
1.020968316E+13
1.046970319E+13
1.071341238E+13
1.094062200E+13
1.115451484E+13
1.134891720E+13
1.149864926E+13
1.156847151E+13
1.151655990E+13
1.133702558E+13
1.105064562E+13
1.072469503E+13
1.044533411E+13
1.028570050E+13
1.028553733E+13
1.044347761E+13
1.071352130E+13
1.102975037E+13
1.133502340E+13
1.159055277E+13
1.178225910E+13
1.190578078E+13
1.196318602E+13
1.195253593E+13
1.186546843E+13
1.170249460E+13
1.146941345E+13
1.119016498E+13
1.090130491E+13
1.064170243E+13
1.044299915E+13
1.032956000E+13
1.030293132E+13
1.034734974E+13
1.042967308E+13
1.050430204E+13
1.053827731E+13
1.050794010E+13
1.042097572E+13
1.029791123E+13
1.017078555E+13
1.005971103E+13
9.968237619E+12
9.880229764E+12
9.769844372E+12
9.619083146E+12
9.424687188E+12
9.199396540E+12
8.966331371E+12
8.754992007E+12
8.586778451E+12
8.462113249E+12
8.362544049E+12
8.255372802E+12
8.101909705E+12
7.873466054E+12
7.565437745E+12
7.197156578E+12
6.807099612E+12
6.437423726E+12
6.120519085E+12
5.874939153E+12
5.693974323E+12
5.553627254E+12
5.423931205E+12
5.276324800E+12
5.091511476E+12
4.859381378E+12
4.583176115E+12
4.272394727E+12
3.946348007E+12
3.623139647E+12
3.317326026E+12
3.041810241E+12
2.808481485E+12
2.621696901E+12
2.480915067E+12
2.382437949E+12
2.318016547E+12
2.276459765E+12
2.248322169E+12
2.227027181E+12
2.208951819E+12
2.193148595E+12
2.179616306E+12
2.167725432E+12
2.155893267E+12
2.146595383E+12
2.145209439E+12
2.156791715E+12
2.185309219E+12
2.229254714E+12
2.277468243E+12
2.316564587E+12
2.336437287E+12
2.336097011E+12
2.326468007E+12
2.328298082E+12
2.363161219E+12
2.445706933E+12
2.579445967E+12
2.757185570E+12
2.967682671E+12
3.199701796E+12
3.445616830E+12
3.702626702E+12
3.969393539E+12
4.248810119E+12
4.537437120E+12
4.825689759E+12
5.103866697E+12
5.355946826E+12
5.559619256E+12
5.704817347E+12
5.785497731E+12
5.811357780E+12
5.791994639E+12
5.746404379E+12
5.693730002E+12
5.643871090E+12
5.600292657E+12
5.569195815E+12
5.550968271E+12
5.554481469E+12
5.595138416E+12
5.683038391E+12
5.833450351E+12
6.050886388E+12
6.324427055E+12
6.652450596E+12
7.015644241E+12
7.397174786E+12
7.786524080E+12
8.168814409E+12
8.525515967E+12
8.840180201E+12
9.091780227E+12
9.260658742E+12
9.340406786E+12
9.340357960E+12
9.278184381E+12
9.175404269E+12
9.044640636E+12
8.890678292E+12
8.712009081E+12
8.514745312E+12
8.319858461E+12
8.159500653E+12
8.072997701E+12
8.094921834E+12
8.228667602E+12
8.453947226E+12
8.726326414E+12
8.977317116E+12
9.149417890E+12
9.193135527E+12
9.087859754E+12
8.848236105E+12
8.528779275E+12
8.208061937E+12
7.970240884E+12
7.878438517E+12
7.954464711E+12
8.170845930E+12
8.452162189E+12
8.696577219E+12
8.801770178E+12
8.691703792E+12
8.331102075E+12
7.740028285E+12
6.996229471E+12
6.214943214E+12
5.521035787E+12
5.020845986E+12
4.780645244E+12
4.810589991E+12
5.062842938E+12
5.450054419E+12
5.868913724E+12
6.210365846E+12
6.384250746E+12
6.344921855E+12
6.089238154E+12
5.656284248E+12
5.127738016E+12
4.599662795E+12
4.160094262E+12
3.857744770E+12
3.706855712E+12
3.685304671E+12
3.749042819E+12
3.853632580E+12
3.969518451E+12
4.071529471E+12
4.139048103E+12
4.160902564E+12
4.127347972E+12
4.048808351E+12
3.951272250E+12
3.871691895E+12
3.840935621E+12
3.874285857E+12
3.968057998E+12
4.093959920E+12
4.225586342E+12
4.346476159E+12
4.453185083E+12
4.556207474E+12
4.671739219E+12
4.816672421E+12
4.996359661E+12
5.210782047E+12
5.457551067E+12
5.719309916E+12
5.988091841E+12
6.244750288E+12
6.495556889E+12
6.748045092E+12
7.023683911E+12
7.337721605E+12
7.698180945E+12
8.089107813E+12
8.488245963E+12
8.863803422E+12
9.165966227E+12
9.357163523E+12
9.390481972E+12
9.236070667E+12
8.905090538E+12
8.435130108E+12
7.907095001E+12
7.405308533E+12
6.995863230E+12
6.699153331E+12
6.507028063E+12
6.383500143E+12
6.291077785E+12
6.206767818E+12
6.120187754E+12
6.019143429E+12
5.888358763E+12
5.712258192E+12
5.472526524E+12
5.177718632E+12
4.867268554E+12
4.598135799E+12
4.445311965E+12
4.470959930E+12
4.700624023E+12
5.117164667E+12
5.647651268E+12
6.205485158E+12
6.698581595E+12
7.067741895E+12
7.313828070E+12
7.478635015E+12
7.628422461E+12
7.820776461E+12
8.071815694E+12
8.352896760E+12
8.610181319E+12
8.789066627E+12
8.858589350E+12
8.825043062E+12
8.724104077E+12
8.597180671E+12
8.478441310E+12
8.388726044E+12
8.329464601E+12
8.302361649E+12
8.319463041E+12
8.392401448E+12
8.532345081E+12
8.744185034E+12
9.011322554E+12
9.296777542E+12
9.553594211E+12
9.737486428E+12
9.818589085E+12
9.799060194E+12
9.713990763E+12
9.609851782E+12
9.531466412E+12
9.496774786E+12
9.487106077E+12
9.462337614E+12
9.368489574E+12
9.167466187E+12
8.855425025E+12
8.462947635E+12
8.042931759E+12
7.650273188E+12
7.332092763E+12
7.113541333E+12
7.012354564E+12
7.033332276E+12
7.162914950E+12
7.370392173E+12
7.608621722E+12
7.820098508E+12
7.953738994E+12
7.978278742E+12
7.895040129E+12
7.731804863E+12
7.533667694E+12
7.355157385E+12
7.243951513E+12
7.230604239E+12
7.323395960E+12
7.508751436E+12
7.755365745E+12
8.015545913E+12
8.245419743E+12
8.404047579E+12
8.473295857E+12
8.459730105E+12
8.386471411E+12
8.294163048E+12
8.221026239E+12
8.183765527E+12
8.186643878E+12
8.208597230E+12
8.215818653E+12
8.176386917E+12
8.072328096E+12
7.910025448E+12
7.719051488E+12
7.542750007E+12
7.427800346E+12
7.423644882E+12
7.552869432E+12
7.816036571E+12
8.183963974E+12
8.605658533E+12
9.001704971E+12
9.298953775E+12
9.434152096E+12
9.374840922E+12
9.134071212E+12
8.767354274E+12
8.369814255E+12
8.028416211E+12
7.810558421E+12
7.734631425E+12
7.770495268E+12
7.857513186E+12
7.949330971E+12
8.005956419E+12
8.034278540E+12
8.043484299E+12
8.048468718E+12
8.053196540E+12
8.049518370E+12
8.031047614E+12
7.994429120E+12
7.942053338E+12
7.871604269E+12
7.788022175E+12
7.702684063E+12
7.627796526E+12
7.588441221E+12
7.606953060E+12
7.697085120E+12
7.858529689E+12
8.073409102E+12
8.313046793E+12
8.544545661E+12
8.739156795E+12
8.890661930E+12
9.003735441E+12
9.095975361E+12
9.186436087E+12
9.288899789E+12
9.404465651E+12
9.514783464E+12
9.597675439E+12
9.621214641E+12
9.559450873E+12
9.397370561E+12
9.141288295E+12
8.808472856E+12
8.429146182E+12
8.037831436E+12
7.662144973E+12
7.320653097E+12
7.019120889E+12
6.761230138E+12
6.551203130E+12
6.401031004E+12
6.327117584E+12
6.344589151E+12
6.463420194E+12
6.684561782E+12
6.998291892E+12
7.387770353E+12
7.833165958E+12
8.314809553E+12
8.805216594E+12
9.263471191E+12
9.642668559E+12
9.892938269E+12
9.971506611E+12
9.869134512E+12
9.619283411E+12
9.288373850E+12
8.962486517E+12
8.715043841E+12
8.582632405E+12
8.549909338E+12
8.555103953E+12
8.525655956E+12
8.396029731E+12
8.130045446E+12
7.736126178E+12
7.255121139E+12
6.739328968E+12
6.228879029E+12
5.741934498E+12
5.277731233E+12
4.821169766E+12
4.358991453E+12
3.888362351E+12
3.426509722E+12
3.004994917E+12
2.657615605E+12
2.410823102E+12
2.275956520E+12
2.243419213E+12
2.287570173E+12
2.376575453E+12
2.482997612E+12
2.588632947E+12
2.688053977E+12
2.788268851E+12
2.901488437E+12
3.037428494E+12
3.201192571E+12
3.385624337E+12
3.575700966E+12
3.747371233E+12
3.877339869E+12
3.948968140E+12
3.958482264E+12
3.921223443E+12
3.855497375E+12
3.781639123E+12
3.710631682E+12
3.639650819E+12
3.567937977E+12
3.481239619E+12
3.382954087E+12
3.288083916E+12
3.211576936E+12
3.165366044E+12
3.152560545E+12
3.145840180E+12
3.118055125E+12
3.035986711E+12
2.889486982E+12
2.691270192E+12
2.473985076E+12
2.277769874E+12
2.139316089E+12
2.080435826E+12
2.104157057E+12
2.197022338E+12
2.332842299E+12
2.476795684E+12
2.593034087E+12
2.653138454E+12
2.645410164E+12
2.576184746E+12
2.471394194E+12
2.369401308E+12
2.310218738E+12
2.322375033E+12
2.419046168E+12
2.592609539E+12
2.818623186E+12
3.061041506E+12
3.277911354E+12
3.433280996E+12
3.501009471E+12
3.461840456E+12
3.315901186E+12
3.078742559E+12
2.781444861E+12
2.464461656E+12
2.177991909E+12
1.968153431E+12
1.869958269E+12
1.896625081E+12
2.040786747E+12
2.272699920E+12
2.546453818E+12
2.812251944E+12
3.029638009E+12
3.174217946E+12
3.243915289E+12
3.263634774E+12
3.272677158E+12
3.309078678E+12
3.403206138E+12
3.571395401E+12
3.808917439E+12
4.090856994E+12
4.382895785E+12
4.642947329E+12
4.823560456E+12
4.886702996E+12
4.812005581E+12
4.598254451E+12
4.269249464E+12
3.876689287E+12
3.480091775E+12
3.136435048E+12
2.896127981E+12
2.788693090E+12
2.821944437E+12
2.982339549E+12
3.246126391E+12
3.584170887E+12
3.962485518E+12
4.346133701E+12
4.700138229E+12
4.992680063E+12
5.191630428E+12
5.271516882E+12
5.219277834E+12
5.041923736E+12
4.758366346E+12
4.407066154E+12
4.026454145E+12
3.655848940E+12
3.335683719E+12
3.101535911E+12
2.980434456E+12
2.988905418E+12
3.122415071E+12
3.354633722E+12
3.638355481E+12
3.919645170E+12
4.153371963E+12
4.309046154E+12
4.386880150E+12
4.400490421E+12
4.371669724E+12
4.324231560E+12
4.268415244E+12
4.206679853E+12
4.138103429E+12
4.058985350E+12
3.976519637E+12
3.888532554E+12
3.797255661E+12
3.698761927E+12
3.581297146E+12
3.433669048E+12
3.251017633E+12
3.040288526E+12
2.821453612E+12
2.618713927E+12
2.462372987E+12
2.372237965E+12
2.357457577E+12
2.411262760E+12
2.514727350E+12
2.640542276E+12
2.761251644E+12
2.851918342E+12
2.899724292E+12
2.900253485E+12
2.861270634E+12
2.797291761E+12
2.727797551E+12
2.669325661E+12
2.633818484E+12
2.623610044E+12
2.634169836E+12
2.655380561E+12
2.675900550E+12
2.685379570E+12
2.676730241E+12
2.644533476E+12
2.585079616E+12
2.496146094E+12
2.378216063E+12
2.236904396E+12
2.083322264E+12
1.933828672E+12
1.805170194E+12
1.710648575E+12
1.655273802E+12
1.635726300E+12
1.643578678E+12
1.668343830E+12
1.701463041E+12
1.738382740E+12
1.777353939E+12
1.815478579E+12
1.849259590E+12
1.873092590E+12
1.882240358E+12
1.874073018E+12
1.850418960E+12
1.816784681E+12
1.780569032E+12
1.748267324E+12
1.723004782E+12
1.704436626E+12
1.689982414E+12
1.675703121E+12
1.658872112E+12
1.639178767E+12
1.618440707E+12
1.599447768E+12
1.585446602E+12
1.579415055E+12
1.583133683E+12
1.596616623E+12
1.618024489E+12
1.643635620E+12
1.668493818E+12
1.687071686E+12
1.693421028E+12
1.682046901E+12
1.648608145E+12
1.591193490E+12
1.512184604E+12
1.418843743E+12
1.322773019E+12
1.237721483E+12
1.175912565E+12
1.144568730E+12
1.143196715E+12
1.163573488E+12
1.192691551E+12
1.216769629E+12
1.226432719E+12
1.218839763E+12
1.198352830E+12
1.175491848E+12
1.161851669E+12
1.165368775E+12
1.188420545E+12
1.226600029E+12
1.270432502E+12
1.307942593E+12
1.329287929E+12
1.329108821E+12
1.307935408E+12
1.270765063E+12
1.225413076E+12
1.179949822E+12
1.140294754E+12
1.110511662E+12
1.092507000E+12
1.087102492E+12
1.096080170E+12
1.121159194E+12
1.162850946E+12
1.220960118E+12
1.292723434E+12
1.373286108E+12
1.457948048E+12
1.541822138E+12
1.621902234E+12
1.696139965E+12
1.761859864E+12
1.813412946E+12
1.843561983E+12
1.844824609E+12
1.813075596E+12
1.753062288E+12
1.678791018E+12
1.611317258E+12
1.572667856E+12
1.576983786E+12
1.625845575E+12
1.707234037E+12
1.798156698E+12
1.873955032E+12
1.917674153E+12
1.925419462E+12
1.907059541E+12
1.880326747E+12
1.866660706E+12
1.879161126E+12
1.920463494E+12
1.981877206E+12
2.048797293E+12
2.106601772E+12
2.145223233E+12
2.163113520E+12
2.164645341E+12
2.157274698E+12
2.146939584E+12
2.135818343E+12
2.121119442E+12
2.095698131E+12
2.051354211E+12
1.981995502E+12
1.885042153E+12
1.762782284E+12
1.621891971E+12
1.473982004E+12
1.330698663E+12
1.203681645E+12
1.103274973E+12
1.035681180E+12
1.003387505E+12
1.005055481E+12
1.036674394E+12
1.091343634E+12
1.160729188E+12
1.235039004E+12
1.302998210E+12
1.353735367E+12
1.378308593E+12
1.372971522E+12
1.341432774E+12
1.295294822E+12
1.251232149E+12
1.225870996E+12
1.230933087E+12
1.267873777E+12
1.327522234E+12
1.394803730E+12
1.454434033E+12
1.496669301E+12
1.521324000E+12
1.536445548E+12
1.553638587E+12
1.582725164E+12
1.627266671E+12
1.683562173E+12
1.743282449E+12
1.797077301E+12
1.836312207E+12
1.854637208E+12
1.850205156E+12
1.824848108E+12
1.783855322E+12
1.736234883E+12
1.692711404E+12
1.662436599E+12
1.649658893E+12
1.653450316E+12
1.668034803E+12
1.685198648E+12
1.698115440E+12
1.703440818E+12
1.700597541E+12
1.690624650E+12
1.675369177E+12
1.655658403E+12
1.632076483E+12
1.605367768E+12
1.575628628E+12
1.543051423E+12
1.507369828E+12
1.467912307E+12
1.424988396E+12
1.381028356E+12
1.340897893E+12
1.310929933E+12
1.296597429E+12
1.301192411E+12
1.324303393E+12
1.361807487E+12
1.407150498E+12
1.453626651E+12
1.494873360E+12
1.525427821E+12
1.542278107E+12
1.545507765E+12
1.537055983E+12
1.520208918E+12
1.499105426E+12
1.476997281E+12
1.454690609E+12
1.432747919E+12
1.411731265E+12
1.392355241E+12
1.376698231E+12
1.367721016E+12
1.367036072E+12
1.375337871E+12
1.391479888E+12
1.413930787E+12
1.439102020E+12
1.464757232E+12
1.489009729E+12
1.512722784E+12
1.537876052E+12
1.568113325E+12
1.606324876E+12
1.652444118E+12
1.705340145E+12
1.761665718E+12
1.818057383E+12
1.874153417E+12
1.930484151E+12
1.987341841E+12
2.042621987E+12
2.090676795E+12
2.122778307E+12
2.130756794E+12
2.111608528E+12
2.069385883E+12
2.014841681E+12
1.962404854E+12
1.924196809E+12
1.904932706E+12
1.900579261E+12
1.900616562E+12
1.894062559E+12
1.873506238E+12
1.840726681E+12
1.804337851E+12
1.775672489E+12
1.763565058E+12
1.772594400E+12
1.800538149E+12
1.841347102E+12
1.889379506E+12
1.940378815E+12
1.990031388E+12
2.035304655E+12
2.072892147E+12
2.100368286E+12
2.117747041E+12
2.129924064E+12
2.143199249E+12
2.162940053E+12
2.189513084E+12
2.217492914E+12
2.236584623E+12
2.236441629E+12
2.211482540E+12
2.164605776E+12
2.107256176E+12
2.054887833E+12
2.022942411E+12
2.020709689E+12
2.048484945E+12
2.097723310E+12
2.153757500E+12
2.200979363E+12
2.227115888E+12
2.226323346E+12
2.199441295E+12
2.152649696E+12
2.093992095E+12
2.030270055E+12
1.965694968E+12
1.901689916E+12
1.837123125E+12
1.769458344E+12
1.696510975E+12
1.616404212E+12
1.528992182E+12
1.436438946E+12
1.342915177E+12
1.253398153E+12
1.172861071E+12
1.106593879E+12
1.059554881E+12
1.035017796E+12
1.034836106E+12
1.057526887E+12
1.096778139E+12
1.141632923E+12
1.178281368E+12
1.194874330E+12
1.184705412E+12
1.148233895E+12
1.093525751E+12
1.033933675E+12
9.834218070E+11
9.538590945E+11
9.526626243E+11
9.818507078E+11
1.038254543E+12
1.113770869E+12
1.196745002E+12
1.274463721E+12
1.335423743E+12
1.370544806E+12
1.376527689E+12
1.355977711E+12
1.316503687E+12
1.267929692E+12
1.219133044E+12
1.175531617E+12
1.137876259E+12
1.102624584E+12
1.066921555E+12
1.032049538E+12
1.004012077E+12
9.941449123E+11
1.014334942E+12
1.070138521E+12
1.159681600E+12
1.272281473E+12
1.391955580E+12
1.500968771E+12
1.584882700E+12
1.633882309E+12
1.642188884E+12
1.609548257E+12
1.542931165E+12
1.455218771E+12
1.365519874E+12
1.293527624E+12
1.254674948E+12
1.253724030E+12
1.282766913E+12
1.323492520E+12
1.352938805E+12
1.352947803E+12
1.313801499E+12
1.237680445E+12
1.135503147E+12
1.023892582E+12
9.200548751E+11
8.376089277E+11
7.863413453E+11
7.701466182E+11
7.887743284E+11
8.386467092E+11
9.140745574E+11
1.009936769E+12
1.121093755E+12
1.241049514E+12
1.361693488E+12
1.471810411E+12
1.558160234E+12
1.608184295E+12
1.614589982E+12
1.579001297E+12
1.513551006E+12
1.439758895E+12
1.381761637E+12
1.359503185E+12
1.382979916E+12
1.448715256E+12
1.539889911E+12
1.632818468E+12
1.704314083E+12
1.737642709E+12
1.727413080E+12
1.678727273E+12
1.603438291E+12
1.516075857E+12
1.429912397E+12
1.353888346E+12
1.293651876E+12
1.252807215E+12
1.232806411E+12
1.233871738E+12
1.255235565E+12
1.293601290E+12
1.342331547E+12
1.391287263E+12
1.428414335E+12
1.442508583E+12
1.426565235E+12
1.381489954E+12
1.316521710E+12
1.247871149E+12
1.195280453E+12
1.176372369E+12
1.201534165E+12
1.270700166E+12
1.373362720E+12
1.490404663E+12
1.599465315E+12
1.681619659E+12
1.726139780E+12
1.733703558E+12
1.716215928E+12
1.690402734E+12
1.672214941E+12
1.670580645E+12
1.684877589E+12
1.705583925E+12
1.719220559E+12
1.713922976E+12
1.682990768E+12
1.625226154E+12
1.544378495E+12
1.446638102E+12
1.339552171E+12
1.231079764E+12
1.129898546E+12
1.042877744E+12
9.746579429E+11
9.255526611E+11
8.916914522E+11
8.672135125E+11
8.480711832E+11
8.334847911E+11
8.282444880E+11
8.404876692E+11
8.765943273E+11
9.373358070E+11
1.016112135E+12
1.098496945E+12
1.167283748E+12
1.207725244E+12
1.212250216E+12
1.182721562E+12
1.131202388E+12
1.075208825E+12
1.033117880E+12
1.021277000E+12
1.047541337E+12
1.111363760E+12
1.200201036E+12
1.295505573E+12
1.376192735E+12
1.424927604E+12
1.431160155E+12
1.397748682E+12
1.335997640E+12
1.264348012E+12
1.201509158E+12
1.164607818E+12
1.161911026E+12
1.195761173E+12
1.257846878E+12
1.334053414E+12
1.405721205E+12
1.455142249E+12
1.470833485E+12
1.450590836E+12
1.404838679E+12
1.352908895E+12
1.319754679E+12
1.326769267E+12
1.386441129E+12
1.495155809E+12
1.633270922E+12
1.768885948E+12
1.866654843E+12
1.899416371E+12
1.856550523E+12
1.748986596E+12
1.605007364E+12
1.460849112E+12
1.349895819E+12
1.292125021E+12
1.290894540E+12
1.334884495E+12
1.404499873E+12
1.480021292E+12
1.546899989E+12
1.597665900E+12
1.629806148E+12
1.642005876E+12
1.631324105E+12
1.594240466E+12
1.527852295E+12
1.434385469E+12
1.323076916E+12
1.208466043E+12
1.106551385E+12
1.031908637E+12
9.932896430E+11
9.933706980E+11
1.030573165E+12
1.100772392E+12
1.198728912E+12
1.318869013E+12
1.454742650E+12
1.598477353E+12
1.740045272E+12
1.867104092E+12
1.966311945E+12
2.025289527E+12
2.034953670E+12
1.993277312E+12
1.907279277E+12
1.791593269E+12
1.665432011E+12
1.547557220E+12
1.450957615E+12
1.379522911E+12
1.328487995E+12
1.288543357E+12
1.250253556E+12
1.207304263E+12
1.159189877E+12
1.110407425E+12
1.069944076E+12
1.048205221E+12
1.054262060E+12
1.093339188E+12
1.163450760E+12
1.255314368E+12
1.352816901E+12
1.438727841E+12
1.499427134E+12
1.528802592E+12
1.528668754E+12
1.506363910E+12
1.471254783E+12
1.430763257E+12
1.390676336E+12
1.353744647E+12
1.323055268E+12
1.301316416E+12
1.290064164E+12
1.288340608E+12
1.293364391E+12
1.301965590E+12
1.312506731E+12
1.326167824E+12
1.347566747E+12
1.381769793E+12
1.430507016E+12
1.489588399E+12
1.551000144E+12
1.604280698E+12
1.643672341E+12
1.668323292E+12
1.681710805E+12
1.687804895E+12
1.687526928E+12
1.676391321E+12
1.649334932E+12
1.604459345E+12
1.544301633E+12
1.476730333E+12
1.410595407E+12
1.352393586E+12
1.302679673E+12
1.258277728E+12
1.215489979E+12
1.171962442E+12
1.128693558E+12
1.088255289E+12
1.053504755E+12
1.025804335E+12
1.004966117E+12
9.885178098E+11
9.740951970E+11
9.591132281E+11
9.421594646E+11
9.228765577E+11
9.019388557E+11
8.815129883E+11
8.637108917E+11
8.508371043E+11
8.443334398E+11
8.443889186E+11
8.501237289E+11
8.596290152E+11
8.710384823E+11
8.835916278E+11
8.976057139E+11
9.144266337E+11
9.372459549E+11
9.692878105E+11
1.012060765E+12
1.064226491E+12
1.121559476E+12
1.177012113E+12
1.223190933E+12
1.255476842E+12
1.273590825E+12
1.283155825E+12
1.292229057E+12
1.308203511E+12
1.334015610E+12
1.366874680E+12
1.399379440E+12
1.423411061E+12
1.434380267E+12
1.432241662E+12
1.421142845E+12
1.407731582E+12
1.397673804E+12
1.393915914E+12
1.397804750E+12
1.408868861E+12
1.425111925E+12
1.443917276E+12
1.462159129E+12
1.477046025E+12
1.487087592E+12
1.494092959E+12
1.503656589E+12
1.523260350E+12
1.559213120E+12
1.613109303E+12
1.680043694E+12
1.749562997E+12
1.807737242E+12
1.841117169E+12
1.841632323E+12
1.808297800E+12
1.746568304E+12
1.667058856E+12
1.583245374E+12
1.507572876E+12
1.450350792E+12
1.417568895E+12
1.410886760E+12
1.429001654E+12
1.467630447E+12
1.519985895E+12
1.578096307E+12
1.633397020E+12
1.679093160E+12
1.712543419E+12
1.737221435E+12
1.760708290E+12
1.793302109E+12
1.841839939E+12
1.906973609E+12
1.982705134E+12
2.058407272E+12
2.122020501E+12
2.163525465E+12
2.174828270E+12
2.149633171E+12
2.084954552E+12
1.983378438E+12
1.854264859E+12
1.714253550E+12
1.584356509E+12
1.481781543E+12
1.414267593E+12
1.378333076E+12
1.361434729E+12
1.349846530E+12
1.334973568E+12
1.315710971E+12
1.297195230E+12
1.287032347E+12
1.289187326E+12
1.302888471E+12
1.323706914E+12
1.345886785E+12
1.365979848E+12
1.383554916E+12
1.400656571E+12
1.419552071E+12
1.440482859E+12
1.459854271E+12
1.471490310E+12
1.466487985E+12
1.437473316E+12
1.380344373E+12
1.295767016E+12
1.191404518E+12
1.080260371E+12
9.798903745E+11
9.066353633E+11
8.731838964E+11
8.828214837E+11
9.301789570E+11
9.999649263E+11
1.073428505E+12
1.130868027E+12
1.158071689E+12
1.146902039E+12
1.098741005E+12
1.023292613E+12
9.359441200E+11
8.554447057E+11
7.979130398E+11
7.736291935E+11
7.839442147E+11
8.226905191E+11
8.808644482E+11
9.500759441E+11
1.025917010E+12
1.107592509E+12
1.196426596E+12
1.292309684E+12
1.391887720E+12
1.488670057E+12
1.574431250E+12
1.639701978E+12
1.676055907E+12
1.676728447E+12
1.639371522E+12
1.568065279E+12
1.474634723E+12
1.377663426E+12
1.297828904E+12
1.251799930E+12
1.246526076E+12
1.276285223E+12
1.324419882E+12
1.369615424E+12
1.393225101E+12
1.385605476E+12
1.349311975E+12
1.297638648E+12
1.249759157E+12
1.223836951E+12
1.230311735E+12
1.267830837E+12
1.323517198E+12
1.378116400E+12
1.412404201E+12
1.415313408E+12
1.386943542E+12
1.336443871E+12
1.277556983E+12
1.221974473E+12
1.175611172E+12
1.137469012E+12
1.103855445E+12
1.072280806E+12
1.044480448E+12
1.025810705E+12
1.022597531E+12
1.038279819E+12
1.071578047E+12
1.117679354E+12
1.170640739E+12
1.225666200E+12
1.281675716E+12
1.339337411E+12
1.397880538E+12
1.452647668E+12
1.496167527E+12
1.520522793E+12
1.518683393E+12
1.486781206E+12
1.425638676E+12
1.339719272E+12
1.236448453E+12
1.126306645E+12
1.020583848E+12
9.300997937E+11
8.618642185E+11
8.165101867E+11
7.906608161E+11
7.787292182E+11
7.772698082E+11
7.848541628E+11
8.028933623E+11
8.319403956E+11
8.693827801E+11
9.084888068E+11
9.407966363E+11
9.583437925E+11
9.575616887E+11
9.388735043E+11
9.068899895E+11
8.674941104E+11
8.253482351E+11
7.840565338E+11
7.451435144E+11
7.108892414E+11
6.848302515E+11
6.726602793E+11
6.795551006E+11
7.082244629E+11
7.573050204E+11
8.206474346E+11
8.887849149E+11
9.527867745E+11
1.006658899E+12
1.046876165E+12
1.072849698E+12
1.083146569E+12
1.075353724E+12
1.046775938E+12
9.970050957E+11
9.289962033E+11
8.511622473E+11
7.759833944E+11
7.171985041E+11
6.847051104E+11
6.841995380E+11
7.150702061E+11
7.715786475E+11
8.445629967E+11
9.250037621E+11
1.002984379E+12
1.069603474E+12
1.117835684E+12
1.142617805E+12
1.142804698E+12
1.122037658E+12
1.089031775E+12
1.054787968E+12
1.030081443E+12
1.021255607E+12
1.028852248E+12
1.046296749E+12
1.063722334E+12
1.072195352E+12
1.066645900E+12
1.048007909E+12
1.023457887E+12
1.002763505E+12
9.953448695E+11
1.007858546E+12
1.041227341E+12
1.091602351E+12
1.151177103E+12
1.210919934E+12
1.262294085E+12
1.298147296E+12
1.312987049E+12
1.302784583E+12
1.265114831E+12
1.201485920E+12
1.119677917E+12
1.032645930E+12
9.560245937E+11
9.029606926E+11
8.783421651E+11
8.766087733E+11
8.843754564E+11
8.877909069E+11
8.783311212E+11
8.553125011E+11
8.254267277E+11
7.979902793E+11
7.798415296E+11
7.727521806E+11
7.735881104E+11
7.769319787E+11
7.786664012E+11
7.774941988E+11
7.755064285E+11
7.772316742E+11
7.872370480E+11
8.080934585E+11
8.387648816E+11
8.740695630E+11
9.063492851E+11
9.267502931E+11
9.272143025E+11
9.028952933E+11
8.534112531E+11
7.839545782E+11
7.046386711E+11
6.293336196E+11
5.729261289E+11
5.482294168E+11
5.620142931E+11
6.144163736E+11
6.993642557E+11
8.050994454E+11
9.162984451E+11
1.018206378E+12
1.098874346E+12
1.150607292E+12
1.173393824E+12
1.173300895E+12
1.159611281E+12
1.139876410E+12
1.117003907E+12
1.089049149E+12
1.051261243E+12
1.001848249E+12
9.444600622E+11
8.889848833E+11
8.467852512E+11
8.259603979E+11
8.270950737E+11
8.425313254E+11
8.589634278E+11
8.635011701E+11
8.472753717E+11
8.100190896E+11
7.588662608E+11
7.068738168E+11
6.666102622E+11
6.494812416E+11
6.586796699E+11
6.922558784E+11
7.415637090E+11
7.957706325E+11
8.430759102E+11
8.737562037E+11
8.816300225E+11
8.668424704E+11
8.346337771E+11
7.948076683E+11
7.583751055E+11
7.331280510E+11
7.208850999E+11
7.166151450E+11
7.126229137E+11
7.020172402E+11
6.838901146E+11
6.613338512E+11
6.416235628E+11
6.294701163E+11
6.265650112E+11
6.295739584E+11
6.333889640E+11
6.331096683E+11
6.264095153E+11
6.134931069E+11
5.976871396E+11
5.819715635E+11
5.689855939E+11
5.595735305E+11
5.522023060E+11
5.443629406E+11
5.335916171E+11
5.186868737E+11
5.006150692E+11
4.818853099E+11
4.658632849E+11
4.548454730E+11
4.493879413E+11
4.485433972E+11
4.499428788E+11
4.507144337E+11
4.487420239E+11
4.427993570E+11
4.328106737E+11
4.194008578E+11
4.041403174E+11
3.887610304E+11
3.745583862E+11
3.625899551E+11
3.535426477E+11
3.476297687E+11
3.444628267E+11
3.435774578E+11
3.444848002E+11
3.465905757E+11
3.491771836E+11
3.516446720E+11
3.537548936E+11
3.553834218E+11
3.566419186E+11
3.576595658E+11
3.585435048E+11
3.594269818E+11
3.600021195E+11
3.598570009E+11
3.586972847E+11
3.562911195E+11
3.529268276E+11
3.486968793E+11
3.439290634E+11
3.390987549E+11
3.344250054E+11
3.298365785E+11
3.256517039E+11
3.220294054E+11
3.186481532E+11
3.155077754E+11
3.126804302E+11
3.102625860E+11
3.082210227E+11
3.067000005E+11
3.052433829E+11
3.039648185E+11
3.025680157E+11
3.008086931E+11
2.989950706E+11
2.969965235E+11
2.949480870E+11
2.925646575E+11
2.895132143E+11
2.860305979E+11
2.823534220E+11
2.788383549E+11
2.763920823E+11
2.756147911E+11
2.764716044E+11
2.785676435E+11
2.805450437E+11
2.815693268E+11
2.815909214E+11
2.802769404E+11
2.785086987E+11
2.765596643E+11
2.751036309E+11
2.743468660E+11
2.740903834E+11
2.747945085E+11
2.766858533E+11
2.797456713E+11
2.832749509E+11
2.870329843E+11
2.900760798E+11
2.916840009E+11
2.916312978E+11
2.901533537E+11
2.877185542E+11
2.850275958E+11
2.821009586E+11
2.793905916E+11
2.769183329E+11
2.755701885E+11
2.751868723E+11
2.757503462E+11
2.768298510E+11
2.779561535E+11
2.784497717E+11
2.780252912E+11
2.768618643E+11
2.756026487E+11
2.749501509E+11
2.750065401E+11
2.751781261E+11
2.749584648E+11
2.732997806E+11
2.694163130E+11
2.637428327E+11
2.567949502E+11
2.503344742E+11
2.453679733E+11
2.427755757E+11
2.429546508E+11
2.449033925E+11
2.477421527E+11
2.499108196E+11
2.503922005E+11
2.484878136E+11
2.443270772E+11
2.389004484E+11
2.335174972E+11
2.296091624E+11
2.283125408E+11
2.299385329E+11
2.339428922E+11
2.391630823E+11
2.439962505E+11
2.471215920E+11
2.478448667E+11
2.462703885E+11
2.427250543E+11
2.379520683E+11
2.322856187E+11
2.256773371E+11
2.181713446E+11
2.100110564E+11
2.019704718E+11
1.952920173E+11
1.912564865E+11
1.905987279E+11
1.931313543E+11
1.977722065E+11
2.029103946E+11
2.070989371E+11
2.096323138E+11
2.106793898E+11
2.110252579E+11
2.115599307E+11
2.128671493E+11
2.150813618E+11
2.178817878E+11
2.206189759E+11
2.226785317E+11
2.236440729E+11
2.232408250E+11
2.214642836E+11
2.186627535E+11
2.153781556E+11
2.122273128E+11
2.097938112E+11
2.083937803E+11
2.079605144E+11
2.081170091E+11
2.082170737E+11
2.076898266E+11
2.062688566E+11
2.040837159E+11
2.015483276E+11
1.992380420E+11
1.975502418E+11
1.964871523E+11
1.958251875E+11
1.953083676E+11
1.947721582E+11
1.941950184E+11
1.937850422E+11
1.935522573E+11
1.934180003E+11
1.931601473E+11
1.926096312E+11
1.917092640E+11
1.906100205E+11
1.895294771E+11
1.885714492E+11
1.875955708E+11
1.864388835E+11
1.849356590E+11
1.831040819E+11
1.811578221E+11
1.793869759E+11
1.779650978E+11
1.769055274E+11
1.760457964E+11
1.751827223E+11
1.742073019E+11
1.732350331E+11
1.724495657E+11
1.721506765E+11
1.724783145E+11
1.734515028E+11
1.748193003E+11
1.763075309E+11
1.774631876E+11
1.778962262E+11
1.772848629E+11
1.754840793E+11
1.725944241E+11
1.688798440E+11
1.647622341E+11
1.607377482E+11
1.571012051E+11
1.540235417E+11
1.516031113E+11
1.498504180E+11
1.487451438E+11
1.483424759E+11
1.487683727E+11
1.500436179E+11
1.520157439E+11
1.544459623E+11
1.570281205E+11
1.594438342E+11
1.614657352E+11
1.630868493E+11
1.643706298E+11
1.653154162E+11
1.658295486E+11
1.657314806E+11
1.648343103E+11
1.631572310E+11
1.609068205E+11
1.584955276E+11
1.563193242E+11
1.546773217E+11
1.536534566E+11
1.531855718E+11
1.531370107E+11
1.533489590E+11
1.537219571E+11
1.541879896E+11
1.546934923E+11
1.552215462E+11
1.557721342E+11
1.563452389E+11
1.569137375E+11
1.574724752E+11
1.580440509E+11
1.587156972E+11
1.596355447E+11
1.609363937E+11
1.626446273E+11
1.646906034E+11
1.668648629E+11
1.688281993E+11
1.702889369E+11
1.710333266E+11
1.709255262E+11
1.699311889E+11
1.680829645E+11
1.653967823E+11
1.619204863E+11
1.578021782E+11
1.532462091E+11
1.485742438E+11
1.442027614E+11
1.405708554E+11
1.380015556E+11
1.366668114E+11
1.365193097E+11
1.373001130E+11
1.385736676E+11
1.398826121E+11
1.408256744E+11
1.412172772E+11
1.411018087E+11
1.406662443E+11
1.401056502E+11
1.395859159E+11
1.392021007E+11
1.389095958E+11
1.385576952E+11
1.380239869E+11
1.371903244E+11
1.358998498E+11
1.341839382E+11
1.322853437E+11
1.305942736E+11
1.295543155E+11
1.296202360E+11
1.309584412E+11
1.334514651E+11
1.367124230E+11
1.401043187E+11
1.429560680E+11
1.447465398E+11
1.452014793E+11
1.443325502E+11
1.425442596E+11
1.404245347E+11
1.386085511E+11
1.375994057E+11
1.375780029E+11
1.384924465E+11
1.399262261E+11
1.412607754E+11
1.419630995E+11
1.415353029E+11
1.398051320E+11
1.367587150E+11
1.327092105E+11
1.280346416E+11
1.229568324E+11
1.175890016E+11
1.118879398E+11
1.057432070E+11
9.919737043E+10
9.253364718E+10
8.623388342E+10
8.091346246E+10
7.708727004E+10
7.493033460E+10
7.426604760E+10
7.464841511E+10
7.546966767E+10
7.616941572E+10
7.651153258E+10
7.659151011E+10
7.669774711E+10
7.733220232E+10
7.893028243E+10
8.174212164E+10
8.563433111E+10
9.027832070E+10
9.511974947E+10
9.956197198E+10
1.030979127E+11
1.055414772E+11
1.069222011E+11
1.074789145E+11
1.075500134E+11
1.074720307E+11
1.074433095E+11
1.076345067E+11
1.080763086E+11
1.087624468E+11
1.097084902E+11
1.108429315E+11
1.119941231E+11
1.129639360E+11
1.135096039E+11
1.134411611E+11
1.126487396E+11
1.112457049E+11
1.094947894E+11
1.077516689E+11
1.063569161E+11
1.055636750E+11
1.054444562E+11
1.058060988E+11
1.063021401E+11
1.065594155E+11
1.063053490E+11
1.054168820E+11
1.039863249E+11
1.022690858E+11
1.005151365E+11
9.892057177E+10
9.764918854E+10
9.679843450E+10
9.642268945E+10
9.653365513E+10
9.706615172E+10
9.786011689E+10
9.863429352E+10
9.909047244E+10
9.903461495E+10
9.845303745E+10
9.749266732E+10
9.639598115E+10
9.545096182E+10
9.483225759E+10
9.454917876E+10
9.448292108E+10
9.437711212E+10
9.397204582E+10
9.309628234E+10
9.171569062E+10
8.994733960E+10
8.801652112E+10
8.614214959E+10
8.449164409E+10
8.317146578E+10
8.218769404E+10
8.156182372E+10
8.133315057E+10
8.159409186E+10
8.240860030E+10
8.370034161E+10
8.533969338E+10
8.711601193E+10
8.878760094E+10
9.019908103E+10
9.128563925E+10
9.206923064E+10
9.258765960E+10
9.294203808E+10
9.318324709E+10
9.327956302E+10
9.314441025E+10
9.269130393E+10
9.184221724E+10
9.058617799E+10
8.899804288E+10
8.723838505E+10
8.553934578E+10
8.406851076E+10
8.293222192E+10
8.220819212E+10
8.184919757E+10
8.174690154E+10
8.179391310E+10
8.190244604E+10
8.194377890E+10
8.183087406E+10
8.141293972E+10
8.060078313E+10
7.930906360E+10
7.760416327E+10
7.565816865E+10
7.372856222E+10
7.209491813E+10
7.091214711E+10
7.026879612E+10
7.010764152E+10
7.026264068E+10
7.062144461E+10
7.107632484E+10
7.151966643E+10
7.192164802E+10
7.233768952E+10
7.271812016E+10
7.307380501E+10
7.340761860E+10
7.371957813E+10
7.397324685E+10
7.417983156E+10
7.441431647E+10
7.469195609E+10
7.503014973E+10
7.539858215E+10
7.575436124E+10
7.598728143E+10
7.600218830E+10
7.574647574E+10
7.517753628E+10
7.428490641E+10
7.305299191E+10
7.144501415E+10
6.949578318E+10
6.731550129E+10
6.512299747E+10
6.317474101E+10
6.171225892E+10
6.083986798E+10
6.052842400E+10
6.058671120E+10
6.075831673E+10
6.080078781E+10
6.058750982E+10
6.010789055E+10
5.940966241E+10
5.863436732E+10
5.791030894E+10
5.733517291E+10
5.702764634E+10
5.707890358E+10
5.751673857E+10
5.832911106E+10
5.944830255E+10
6.071101570E+10
6.185991389E+10
6.261937733E+10
6.272393242E+10
6.195070580E+10
6.026524891E+10
5.781516208E+10
5.489191352E+10
5.192849343E+10
4.935337661E+10
4.747290861E+10
4.638817144E+10
4.599306262E+10
4.600811656E+10
4.607350283E+10
4.595159796E+10
4.555194557E+10
4.495518395E+10
4.441238604E+10
4.418734531E+10
4.441920433E+10
4.512677113E+10
4.618978646E+10
4.742557132E+10
4.860046225E+10
4.953085906E+10
5.009213069E+10
5.026345808E+10
5.007734618E+10
4.970865214E+10
4.938064615E+10
4.936692508E+10
4.980969516E+10
5.078048512E+10
5.214962758E+10
5.368319111E+10
5.508262159E+10
5.613736185E+10
5.674540725E+10
5.693382798E+10
5.686113420E+10
5.672416865E+10
5.663944005E+10
5.665777181E+10
5.674661233E+10
5.679816257E+10
5.669880982E+10
5.642767361E+10
5.597019974E+10
5.537043322E+10
5.469316788E+10
5.401626075E+10
5.334373731E+10
5.273389116E+10
5.216667153E+10
5.164127064E+10
5.113787146E+10
5.067700727E+10
5.025967331E+10
4.999049029E+10
4.995563212E+10
5.023772012E+10
5.089904578E+10
5.187759527E+10
5.302820812E+10
5.414338505E+10
5.495373315E+10
5.526779544E+10
5.497710351E+10
5.411479298E+10
5.283936830E+10
5.147160873E+10
5.044033951E+10
5.023965013E+10
5.127620639E+10
5.383453663E+10
5.789273287E+10
6.297239172E+10
6.821012042E+10
7.256615233E+10
7.497962054E+10
7.475325027E+10
7.179413551E+10
6.663153163E+10
6.029549860E+10
5.392598865E+10
4.851932772E+10
4.462776805E+10
4.233613481E+10
4.137079904E+10
4.133118559E+10
4.186283226E+10
4.273934713E+10
4.390837932E+10
4.536968830E+10
4.709388557E+10
4.892424108E+10
5.059670908E+10
5.177942894E+10
5.216220557E+10
5.163293008E+10
5.029252227E+10
4.842632657E+10
4.642556582E+10
4.463964215E+10
4.325179609E+10
4.229016798E+10
4.167230122E+10
4.128607301E+10
4.103994786E+10
4.085122989E+10
4.068343520E+10
4.049118278E+10
4.021428377E+10
3.984445083E+10
3.935928363E+10
3.877113598E+10