#xsec (eV,cm2) for CH4 -> CH3 + H
1.01283033864 0.0
1.03882025108 0.0
1.06547708229 0.0
1.09281794584 0.0
1.12086039446 0.0
1.14962243131 0.0
1.1791225215 0.0
1.20937960399 0.0
1.2404131037 0.0
1.27224294404 0.0
1.30488955964 0.0
1.3383739095 0.0
1.37271749046 0.0
1.40794235097 0.0
1.44407110525 0.0
1.48112694784 0.0
1.51913366844 0.0
1.55811566724 0.0
1.59809797053 0.0
1.6391062468 0.0
1.68116682321 0.0
1.7243067025 0.0
1.7685535803 0.0
1.81393586296 0.0
1.86048268573 0.0
1.9082239315 0.0
1.95719024997 0.0
2.00741307733 0.0
2.05892465645 0.0
2.11175805759 0.0
2.16594719958 0.0
2.22152687165 0.0
2.27853275575 0.0
2.33700144945 0.0
2.39697048942 0.0
2.45847837558 0.0
2.52156459575 0.0
2.58626965106 0.0
2.65263508191 0.0
2.72070349466 0.0
2.79051858899 0.0
2.86212518592 0.0
2.93556925662 0.0
3.01089795192 0.0
3.08815963256 0.0
3.16740390025 0.0
3.24868162952 0.0
3.33204500037 0.0
3.41754753178 0.0
3.50524411605 0.0
3.59519105407 0.0
3.68744609143 0.0
3.78206845554 0.0
3.87911889359 0.0
3.97865971161 0.0
4.08075481444 0.0
4.18546974675 0.0
4.29287173515 0.0
4.40302973131 0.0
4.51601445626 1.99173557952e-27
4.63189844577 6.32636332368e-27
4.75075609694 1.10722678527e-26
4.87266371593 1.59399555061e-26
4.997699567 2.09325513215e-26
5.12594392268 2.60532605269e-26
5.25747911539 3.24660226451e-26
5.39238959022 4.06105287837e-26
5.53076195922 4.93705646203e-26
5.67268505691 5.83553889094e-26
5.81824999742 6.75707698749e-26
5.96755023288 2.34541208531e-25
6.1206816135 5.77312583384e-25
6.27774244906 9.42877480747e-25
6.43883357203 1.31782302096e-24
6.60405840233 1.70238991768e-24
6.77352301366 1.87520581568e-24
6.9473362017 1.81044017506e-24
7.12560955386 1.72361573836e-24
7.30845752098 1.63456332782e-24
7.49599749077 1.54322577211e-24
7.68834986321 1.4697946697e-24
7.88563812779 1.4684369936e-24
8.08798894286 2.29439472359e-24
8.29553221689 3.82934112259e-23
8.5084011919 2.11715896581e-21
8.72673252897 4.59222814345e-20
8.95066639602 3.56839704353e-19
9.18034655777 9.42783335901e-19
9.41592046802 1.24588785845e-18
9.65753936436 1.06163133571e-18
9.90535836521 6.95048385281e-19
10.1595365695 4.75471556257e-19
10.4202371586 6.61430559791e-19
10.6876275014 9.09877983473e-19
10.9618792615 1.18732456202e-18
11.2431685075 1.79583277825e-18
11.5316758261 2.41932304429e-18
11.8275864379 2.76754164734e-18
12.1310903163 3.00381724354e-18
12.4423823099 3.65220574299e-18
