#xsec (eV,cm2) for CO2 -> CO + O
5.44985483016 1e-25
6.35816396852 1e-23
6.52548407296 1.2e-22
6.70184850736 5e-22
6.8880109659 1.8e-21
7.08481127921 5.8e-21
7.29318808154 2.3e-20
7.38001174918 3.2e-20
7.46892755339 0.0
7.56001203574 0.0
7.65334551767 0.0
7.74901233664 0.0
7.79774826328 0.0
7.84710110039 0.0
7.89708263606 0.0
7.94770496065 0.0
7.99898047653 0.0
8.0509219082 0.0
8.10354231282 0.0
8.1568550912 0.0
8.21087399909 0.0
8.26561315908 0.0
8.3210870729 0.0
8.3773106342 0.0
8.49206831412 0.0
8.61001370738 0.0
8.73128150607 0.0
8.85601409901 0.0
8.98436212944 0.0
9.01703253718 0.0
9.04994141505 0.0
9.08309138361 0.0
9.11648510193 0.0
9.15012526835 0.0
9.1840146212 0.0
9.2181559395 0.0
9.25255204375 0.0
9.28720579672 0.0
9.32212010423 0.0
9.35729791594 0.0
9.39274222623 0.0
9.428456075 0.0
9.46444254857 0.0
9.50070478055 0.0
9.53724595279 0.0
9.61117809195 0.0
9.6862654208 0.0
9.76253522726 0.0
9.84001566557 0.0
9.9187357909 0.0
9.99872559566 0.0
10.0800160477 0.0
10.16263913 0.0
10.1985849623 0.0
10.2466278832 0.0
10.3320164489 0.0
10.3665716878 0.0
10.3926401833 0.0
10.4363802514 0.0
10.480490058 0.0
10.5071353717 0.0
10.5608345303 0.0
10.5969399475 0.0
10.6332930863 0.0
10.6607220452 0.0
10.7160066885 0.0
10.7438645915 0.0
10.7812345553 0.0
10.8000171939 0.0
10.8141471772 0.0
10.8283141822 0.0
10.8567598412 0.0
10.8758067883 0.0
10.8949206842 0.0
10.9045028484 0.0
10.9189077399 0.0
10.9478319988 0.0
10.9575075021 0.0
10.9817712477 0.0
10.9915068605 0.0
11.0012597503 0.0
11.0208175454 0.0
11.0453627961 0.0
11.0700176238 0.0
11.0997490946 0.0
11.1296406989 0.0
11.154673629 0.0
11.1798194217 0.0
11.2000178307 0.0
11.2101444291 0.0
11.2253687086 0.0
11.2406343958 0.0
11.2508346085 0.0
11.2712906715 0.0
11.2918212556 0.0
11.3021146204 0.0
11.3227577522 0.0
11.3331076221 0.0
11.3434764306 0.0
11.3538642295 0.0
11.3642710711 0.0
11.3746970079 0.0
11.3956063774 0.0
11.4060899159 0.0
11.4165927612 0.0
11.4482176719 0.0
11.4587982797 0.0
11.4800182765 0.0
11.5066540498 0.0
11.5334137103 0.0
11.5495293327 0.0
11.5656900547 0.0
11.5873081669 0.0
11.5981475572 0.0
11.61444472 0.0
11.6198872902 0.0
11.6417086748 0.0
11.6636121718 0.0
11.6745948575 0.0
11.6855982456 0.0
11.7076673641 0.0
11.7298199987 0.0
11.7520566243 0.0
11.7632065831 0.0
11.7855700937 0.0
11.8080187987 0.0
11.8362002278 0.0
11.8645164963 0.0
11.8758809757 0.0
11.887267247 0.0
11.9101054165 0.0
11.9158286772 0.0
11.9330315097 0.0
11.9502840854 0.0
11.9791495059 0.0
12.0023424382 0.0
12.0314602024 0.0
12.0607195901 0.0
12.0842297647 0.0
12.0960192572 0.0
12.107831776 0.0
12.131526163 0.0
12.1493579016 0.0
12.167242138 0.0
12.1791942423 0.0
12.2151918607 0.0
12.227238401 0.0
12.2393087252 0.0
12.2756631075 0.0
12.30612381 0.0
12.3367360583 0.0
12.3428767931 0.0
12.3613357314 0.0
12.3736723938 0.0
12.3860337049 0.0
12.3984197386 0.0
12.4108305692 0.0
12.4294934723 0.0
12.448212589 0.0
12.4669881736 0.0
12.485820482 0.0
12.4984069946 0.0
12.5236563016 0.0
12.5363192504 0.0
12.5490078326 0.0
12.5617221263 0.0
12.5744622096 0.0
12.593620862 0.0
12.6192567314 0.0
12.6321138447 0.0
12.6437076674 0.0
12.6514487129 0.0
12.6579068286 0.0
12.664371541 0.0
12.6838053592 0.0
12.6902965595 0.0
12.7032989125 0.0
12.716327937 0.0
12.7293837152 0.0
12.7555758628 0.0
12.76214075 0.0
12.788468013 0.0
12.8082848539 0.0
12.8348030421 0.0
12.8481033561 0.0
12.8614312641 0.0
12.8747868522 0.0
12.8881702065 0.0
12.9015814138 0.0
12.9190577666 0.0
12.9325333667 0.0
12.9419830257 0.0
12.9555065189 0.0
12.969058304 0.0
12.9758448337 0.0
12.9894392233 0.0
13.0098843008 0.0
13.0235501456 0.0
13.0372447304 0.0
13.0509681459 0.0
13.0578406937 0.0
13.0716075262 0.0
13.0854034181 0.0
13.09231229 0.0
13.0992284613 0.0
13.1061519436 0.0
13.1200208874 0.0
13.1339192146 0.0
13.1478470187 0.0
13.1548220038 0.0
13.1687941993 0.0
13.1785924092 0.0
13.1898082326 0.0
13.2038548867 0.0
13.2179314911 0.0
13.2320381415 0.0
13.2391027641 0.0
13.2532546645 0.0
13.2603419664 0.0
13.2674368525 0.0
13.2745393347 0.0
13.2816494254 0.0
13.2887671368 0.0
13.3001713566 0.0
13.3101661177 0.0
13.3244704338 0.0
13.3316341275 0.0
13.3459846487 0.0
13.3603660977 0.0
13.3747785746 0.0
13.3892221799 0.0
13.4036970147 0.0
13.4109461748 0.0
13.4182031803 0.0
13.4298307394 0.0
13.4400213969 0.0
13.4473099117 0.0
13.4619106825 0.0
13.4765431942 0.0
13.4912075502 0.0
13.5059038547 0.0
13.5206322122 0.0
13.5353927278 0.0
13.5501855067 0.0
13.5650106549 0.0
13.5798682789 0.0
13.6022158405 0.0
13.6246370754 0.0
13.6336262795 0.0
13.6396256751 0.0
13.6441286878 0.0
13.650137332 0.0
13.6651821213 0.0
13.6787508149 0.0
13.6832797027 0.0
13.6878115904 0.0
13.6968843776 0.0
13.701425283 0.0
13.7059692003 0.0
13.713549097 0.0
13.7196190535 0.0
13.7241750483 0.0
13.7317751009 0.0
13.7393835756 0.0
13.7470004863 0.0
13.7515746879 0.0
13.7592051255 0.0
13.7637874541 0.0
13.7714314546 0.0
13.7913456492 0.0
13.8051661715 0.0
13.811317521 0.0
13.8159346318 0.0
13.8236366804 0.0
13.8344339864 0.0
13.8421566804 0.0
13.8529829482 0.0
13.8684784548 0.0
13.8746863682 0.0
13.8902304936 0.0
13.8980156245 0.0
13.905809487 0.0
13.9120508737 0.0
13.9198604902 0.0
13.9323741304 0.0
13.9402065872 0.0
13.9480478554 0.0
13.9621843903 0.0
13.9889650667 0.0
14.0000222884 0.0
14.0891133393 0.0
14.1534471902 0.0
14.1858349412 0.0
14.2592521433 0.0
14.3168819153 0.0
14.4167671379 0.0
14.4841352087 0.0
14.5863761631 0.0
14.7249640601 0.0
14.8306456204 0.0
14.8804845639 0.0
14.9234710383 0.0
14.9396550652 0.0
15.0065598386 0.0
15.0448000711 0.0
15.0612484677 0.0
15.0869064719 0.0
15.1071277429 0.0
15.13478972 0.0
15.1532873853 0.0
15.181118818 0.0
15.1997299726 0.0
15.2633506569 0.0
15.3085809836 0.0
15.3369863169 0.0
15.3597865939 0.0
15.3864727459 0.0
15.4209200729 0.0
15.4401242075 0.0
15.4767441501 0.0
15.5154795878 0.0
15.5935350756 0.0
15.6289168519 0.0
15.670399063 0.0
15.7101111741 0.0
15.7300428046 0.0
15.7500250745 0.0
15.7740709143 0.0
15.8002035665 0.0
15.810277657 0.0
15.8345079676 0.0
15.8730248862 0.0
15.8933723095 0.0
15.9158148121 0.0
15.9424196202 0.0
15.9567821604 0.0
15.9876463425 0.0
16.0103560674 0.0
16.0497342895 0.0
16.0747047046 0.0
16.0893066943 0.0
16.1102127581 0.0
16.1164951756 0.0
16.1269767672 0.0
16.1542928191 0.0
16.1648236488 0.0
16.1795898977 0.0
16.21132288 0.0
16.2410528407 0.0
16.2495671542 0.0
16.25595875 0.0
16.2623553759 0.0
16.275163742 0.0
16.2944141656 0.0
16.3029845347 0.0
16.3180043941 0.0
16.3287498204 0.0
16.3438172141 0.0
16.3524396447 0.0
16.3632304852 0.0
16.3783616098 0.0
16.4021957119 0.0
16.4108798658 0.0
16.4282757899 0.0
16.4391669831 0.0
16.4478903404 0.0
16.4763053005 0.0
16.4982298584 0.0
16.5202128429 0.0
16.5422544878 0.0
16.5643550282 0.0
16.5820780241 0.0
16.5976167853 0.0
16.6154110676 0.0
16.6287818383 0.0
16.6399405967 0.0
16.6466430433 0.0
16.6824808108 0.0
16.7094605642 0.0
16.720727901 0.0
16.7320104435 0.0
16.7387872804 0.0
16.7500942159 0.0
16.7591507686 0.0
16.7750233238 0.0
16.7932002419 0.0
16.8159768597 0.0
16.8411026061 0.0
16.8502578671 0.0
16.8571308479 0.0
16.8663035487 0.0
16.873189628 0.0
16.8892790337 0.0
16.9007902653 0.0
16.912317199 0.0
16.9354183016 0.0
16.946992535 0.0
16.965544251 0.0
16.9818103529 0.0
16.9981076757 0.0
17.0097677852 0.0
17.0214439026 0.0
17.0307963443 0.0
17.040159069 0.0
17.0495320938 0.0
17.0730098301 0.0
17.0894827548 0.0
17.101268605 0.0
17.1248891417 0.0
17.1367238958 0.0
17.153320059 0.0
17.1651941556 0.0
17.177084703 0.0
17.1889917352 0.0
17.2009152867 0.0
17.2104660447 0.0
17.2224194174 0.0
17.2343894059 0.0
17.2439773833 0.0
17.2679940649 0.0
17.2800275103 0.0
17.2969025371 0.0
17.3089763208 0.0
17.3162286852 0.0
17.328329474 0.0
17.3428727635 0.0
17.3501535665 0.0
17.3623018325 0.0
17.3744671225 0.0
17.3817744829 0.0
17.3915271968 0.0
17.4037334905 0.0
17.4135108688 0.0
17.4208511151 0.0
17.4281975522 0.0
17.4478183769 0.0
17.46748343 0.0
17.4797966144 0.0
17.4871928612 0.0
17.4995338583 0.0
17.5118922862 0.0
17.5217916035 0.0
17.5366615822 0.0
17.5540418216 0.0
17.5664773854 0.0
17.5864109768 0.0
17.5963947468 0.0
17.6088904113 0.0
17.6214038354 0.0
17.6364434404 0.0
17.6540221253 0.0
17.6640828303 0.0
17.6766748483 0.0
17.6993857796 0.0
17.712028198 0.0
17.72468869 0.0
17.7373672942 0.0
17.7500640496 0.0
17.7678700754 0.0
17.780610553 0.0
17.7882636135 0.0
17.7984779481 0.0
17.8087040199 0.0
17.8215031459 0.0
17.8445879946 0.0
17.8548671351 0.0
17.8625842654 0.0
17.8754609842 0.0
17.8857757337 0.0
17.8935196112 0.0
17.9064409859 0.0
17.9142027722 0.0
17.929746549 0.0
17.9453173232 0.0
17.9583136423 0.0
17.9687242589 0.0
17.9791469528 0.0
17.9869719115 0.0
18.0026422806 0.0
18.0471903037 0.0
18.0734981613 0.0
18.0998828301 0.0
18.1528839511 0.0
18.179501083 0.0
18.2329702039 0.0
18.3137662313 0.0
18.3680292424 0.0
18.5051040875 0.0
18.6442402085 0.0
18.7997266696 0.0
19.0744919056 0.0
19.3725308416 0.0
19.4668232668 0.0
19.6800313311 0.0
19.8374715818 0.0
19.9974511913 0.0
20.1600320953 0.0
20.32527826 0.0
20.4932557663 0.0
21.0142707434 0.0
21.1866366005 0.0
21.2775351615 0.0
22.3274261455 0.0
22.3596388433 0.0
22.3757800733 0.0
22.4081325477 0.0
23.0883049136 0.0
23.5801060073 0.0
23.7426651448 0.0
24.3967330551 0.0
24.4207597767 0.0
24.4351985389 0.0
28.5021143417 0.0
40.8111248803 0.0
45.920073106 0.0
48.2428783604 0.0
49.5936789545 0.0
53.9061727766 0.0
58.3455046523 0.0
62.7768088031 0.0
67.0184850736 0.0
71.8748970355 0.0
81.8377540503 0.0
102.891450113 0.0
133.316341275 0.0
171.01268605 0.0
240.746014342 0.0
344.400548295 0.0
460.907796975 0.0
652.548407296 0.0
991.87357909 0.0
1653.12263182 0.0
3099.60493466 0.0
12398.4197386 0.0
