#xsec (eV,cm2) for CO2 -> CO + O
4.76883399785 0.0
4.76925601223 0.0
4.76967806396 0.0
4.77010015304 0.0
4.77052227946 0.0
4.77094444325 0.0
4.77136664439 0.0
4.77178888289 0.0
4.77221115876 0.0
4.772633472 0.0
4.77305582261 0.0
4.7734782106 0.0
4.77390063597 0.0
4.77432309872 0.0
4.77474559885 0.0
4.77516813637 0.0
4.77559071129 0.0
4.7760133236 0.0
4.77643597331 0.0
4.77685866042 0.0
4.77728138494 0.0
4.77770414686 0.0
4.7781269462 0.0
4.77854978295 0.0
4.77897265712 0.0
4.77939556872 0.0
4.77981851773 0.0
4.78024150418 0.0
4.78066452806 0.0
4.78108758937 0.0
4.78151068813 0.0
4.78193382432 0.0
4.78235699796 0.0
4.78278020905 0.0
4.78320345759 0.0
4.78362674358 0.0
4.78405006704 0.0
4.78447342795 0.0
4.78489682633 0.0
4.78532026218 0.0
4.7857437355 0.0
4.78616724629 0.0
4.78659079456 0.0
4.78701438032 0.0
4.78743800356 0.0
4.78786166429 0.0
4.78828536251 0.0
4.78870909822 0.0
4.78913287143 0.0
4.78955668215 0.0
4.78998053036 0.0
4.79040441609 0.0
4.79082833933 0.0
4.79125230008 0.0
4.79167629835 0.0
4.79210033414 0.0
4.79252440746 0.0
4.79294851831 0.0
4.79337266668 0.0
4.79379685259 0.0
4.79422107604 0.0
4.79464533703 0.0
4.79506963557 0.0
4.79549397165 0.0
4.79591834529 0.0
4.79634275648 0.0
4.79676720522 0.0
4.79719169153 0.0
4.7976162154 0.0
4.79804077685 0.0
4.79846537586 0.0
4.79889001244 0.0
4.79931468661 0.0
4.79973939835 0.0
4.80016414768 0.0
4.8005889346 0.0
4.80101375911 0.0
4.80143862122 0.0
4.80186352092 0.0
4.80228845822 0.0
4.80271343313 0.0
4.80313844564 0.0
4.80356349577 0.0
4.80398858351 0.0
4.80441370887 0.0
4.80483887185 0.0
4.80526407245 0.0
4.80568931069 0.0
4.80611458655 0.0
4.80653990005 0.0
4.80696525118 0.0
4.80739063996 0.0
4.80781606638 0.0
4.80824153045 0.0
4.80866703217 0.0
4.80909257154 0.0
4.80951814858 0.0
4.80994376327 0.0
4.81036941563 0.0
4.81079510565 0.0
4.81122083335 0.0
4.81164659872 0.0
4.81207240177 0.0
4.8124982425 0.0
4.81292412092 0.0
4.81335003702 0.0
4.81377599081 0.0
4.8142019823 0.0
4.81462801149 0.0
4.81505407837 0.0
4.81548018296 0.0
4.81590632526 0.0
4.81633250527 0.0
4.816758723 0.0
4.81718497844 0.0
4.8176112716 0.0
4.81803760249 0.0
4.81846397111 0.0
4.81889037746 0.0
4.81931682154 0.0
4.81974330336 0.0
4.82016982292 0.0
4.82059638022 0.0
4.82102297528 0.0
4.82144960808 0.0
4.82187627864 0.0
4.82230298696 0.0
4.82272973304 0.0
4.82315651688 0.0
4.82358333849 0.0
4.82401019787 0.0
4.82443709503 0.0
4.82486402996 0.0
4.82529100268 0.0
4.82571801318 0.0
4.82614506147 0.0
4.82657214755 0.0
4.82699927142 0.0
4.82742643309 0.0
4.82785363257 0.0
4.82828086984 0.0
4.82870814493 0.0
4.82913545783 0.0
4.82956280854 0.0
4.82999019707 0.0
4.83041762342 0.0
4.8308450876 0.0
4.83127258961 0.0
4.83170012944 0.0
4.83212770711 0.0
4.83255532262 0.0
4.83298297597 0.0
4.83341066717 0.0
4.83383839621 0.0
4.83426616311 0.0
4.83469396786 0.0
4.83512181047 0.0
4.83554969094 0.0
4.83597760927 0.0
4.83640556548 0.0
4.83683355955 0.0
4.8372615915 0.0
4.83768966133 0.0
4.83811776904 0.0
4.83854591464 0.0
4.83897409812 0.0
4.8394023195 0.0
4.83983057877 0.0
4.84025887594 0.0
4.84068721101 0.0
4.84111558398 0.0
4.84154399487 0.0
4.84197244366 0.0
4.84240093038 0.0
4.84282945501 0.0
4.84325801756 0.0
4.84368661804 0.0
4.84411525644 0.0
4.84454393278 0.0
4.84497264706 0.0
4.84540139927 0.0
4.84583018942 0.0
4.84625901752 0.0
4.84668788357 0.0
4.84711678757 0.0
4.84754572953 0.0
4.84797470945 0.0
4.84840372732 0.0
4.84883278317 0.0
4.84926187698 0.0
4.84969100876 0.0
4.85012017852 0.0
4.85054938626 0.0
4.85097863199 0.0
4.85140791569 0.0
4.85183723739 0.0
4.85226659708 0.0
4.85269599477 0.0
4.85312543045 0.0
4.85355490414 0.0
4.85398441583 0.0
4.85441396553 0.0
4.85484355325 0.0
4.85527317898 0.0
4.85570284273 0.0
4.8561325445 0.0
4.8565622843 0.0
4.85699206213 0.0
4.85742187799 0.0
4.85785173189 0.0
4.85828162383 0.0
4.85871155381 0.0
4.85914152184 0.0
4.85957152791 0.0
4.86000157204 0.0
4.86043165423 0.0
4.86086177447 0.0
4.86129193278 0.0
4.86172212916 0.0
4.8621523636 0.0
4.86258263612 0.0
4.86301294672 0.0
4.86344329539 0.0
4.86387368215 0.0
4.864304107 0.0
4.86473456993 0.0
4.86516507096 0.0
4.86559561009 0.0
4.86602618731 0.0
4.86645680264 0.0
4.86688745608 0.0
4.86731814763 0.0
4.86774887729 0.0
4.86817964507 0.0
4.86861045097 0.0
4.86904129499 0.0
4.86947217714 0.0
4.86990309742 0.0
4.87033405583 0.0
4.87076505238 0.0
4.87119608708 0.0
4.87162715991 0.0
4.8720582709 0.0
4.87248942003 0.0
4.87292060732 0.0
4.87335183277 0.0
4.87378309637 0.0
4.87421439814 0.0
4.87464573808 0.0
4.87507711619 0.0
4.87550853248 0.0
4.87593998694 0.0
4.87637147959 0.0
4.87680301042 0.0
4.87723457943 0.0
4.87766618664 0.0
4.87809783204 0.0
4.87852951564 0.0
4.87896123745 0.0
4.87939299745 0.0
4.87982479567 0.0
4.8802566321 0.0
4.88068850674 0.0
4.8811204196 0.0
4.88155237068 0.0
4.88198435999 0.0
4.88241638753 0.0
4.8828484533 0.0
4.8832805573 0.0
4.88371269954 0.0
4.88414488003 0.0
4.88457709876 0.0
4.88500935573 0.0
4.88544165097 0.0
4.88587398445 0.0
4.8863063562 0.0
4.88673876621 0.0
4.88717121448 0.0
4.88760370102 0.0
4.88803622584 0.0
4.88846878893 0.0
4.8889013903 0.0
4.88933402996 0.0
4.8897667079 0.0
4.89019942413 0.0
4.89063217865 0.0
4.89106497147 0.0
4.89149780258 0.0
4.89193067201 0.0
4.89236357973 0.0
4.89279652577 0.0
4.89322951012 0.0
4.89366253279 0.0
4.89409559378 0.0
4.89452869309 0.0
4.89496183073 0.0
4.89539500669 0.0
4.89582822099 0.0
4.89626147363 0.0
4.89669476461 0.0
4.89712809393 0.0
4.8975614616 0.0
4.89799486762 0.0
4.898428312 0.0
4.89886179473 0.0
4.89929531582 0.0
4.89972887528 0.0
4.9001624731 0.0
4.9005961093 0.0
4.90102978387 0.0
4.90146349681 0.0
4.90189724814 0.0
4.90233103785 0.0
4.90276486595 0.0
4.90319873245 0.0
4.90363263733 0.0
4.90406658062 0.0
4.9045005623 0.0
4.90493458239 0.0
4.90536864089 0.0
4.9058027378 0.0
4.90623687313 0.0
4.90667104687 0.0
4.90710525904 0.0
4.90753950963 0.0
4.90797379865 0.0
4.9084081261 0.0
4.90884249199 0.0
4.90927689632 0.0
4.90971133909 0.0
4.9101458203 0.0
4.91058033996 0.0
4.91101489808 0.0
4.91144949465 0.0
4.91188412968 0.0
4.91231880318 0.0
4.91275351514 0.0
4.91318826557 0.0
4.91362305447 0.0
4.91405788185 0.0
4.91449274771 0.0
4.91492765205 0.0
4.91536259488 0.0
4.9157975762 0.0
4.91623259601 0.0
4.91666765432 0.0
4.91710275112 0.0
4.91753788644 0.0
4.91797306026 0.0
4.91840827258 0.0
4.91884352343 0.0
4.91927881279 0.0
4.91971414067 0.0
4.92014950707 0.0
4.92058491201 0.0
4.92102035547 0.0
4.92145583747 0.0
4.921891358 0.0
4.92232691708 0.0
4.9227625147 0.0
4.92319815087 0.0
4.92363382559 0.0
4.92406953886 0.0
4.92450529069 0.0
4.92494108109 0.0
4.92537691005 0.0
4.92581277757 0.0
4.92624868367 0.0
4.92668462835 0.0
4.9271206116 0.0
4.92755663344 0.0
4.92799269386 0.0
4.92842879287 0.0
4.92886493047 0.0
4.92930110667 0.0
4.92973732146 0.0
4.93017357486 0.0
4.93060986686 0.0
4.93104619748 0.0
4.93148256671 0.0
4.93191897455 0.0
4.93235542101 0.0
4.9327919061 0.0
4.93322842981 0.0
4.93366499215 0.0
4.93410159313 0.0
4.93453823274 0.0
4.93497491099 0.0
4.93541162788 0.0
4.93584838343 0.0
4.93628517762 0.0
4.93672201047 0.0
4.93715888197 0.0
4.93759579213 0.0
4.93803274096 0.0
4.93846972846 0.0
4.93890675462 0.0
4.93934381947 0.0
4.93978092298 0.0
4.94021806518 0.0
4.94065524607 0.0
4.94109246564 0.0
4.9415297239 0.0
4.94196702086 0.0
4.94240435652 0.0
4.94284173088 0.0
4.94327914394 0.0
4.94371659571 0.0
4.9441540862 0.0
4.9445916154 0.0
4.94502918332 0.0
4.94546678996 0.0
4.94590443532 0.0
4.94634211942 0.0
4.94677984225 0.0
4.94721760381 0.0
4.94765540411 0.0
4.94809324316 0.0
4.94853112095 0.0
4.94896903749 0.0
4.94940699279 0.0
4.94984498684 0.0
4.95028301965 0.0
4.95072109123 0.0
4.95115920157 0.0
4.95159735068 0.0
4.95203553857 0.0
4.95247376523 0.0
4.95291203067 0.0
4.9533503349 0.0
4.95378867791 0.0
4.95422705972 0.0
4.95466548032 0.0
4.95510393972 0.0
4.95554243792 0.0
4.95598097492 0.0
4.95641955073 0.0
4.95685816535 0.0
4.95729681879 0.0
4.95773551105 0.0
4.95817424212 0.0
4.95861301203 0.0
4.95905182076 0.0
4.95949066832 0.0
4.95992955472 0.0
4.96036847996 0.0
4.96080744404 0.0
4.96124644696 0.0
4.96168548874 0.0
4.96212456937 0.0
4.96256368885 0.0
4.96300284719 0.0
4.9634420444 0.0
4.96388128047 0.0
4.96432055542 0.0
4.96475986923 0.0
4.96519922193 0.0
4.9656386135 0.0
4.96607804395 0.0
4.9665175133 0.0
4.96695702153 0.0
4.96739656866 0.0
4.96783615469 0.0
4.96827577961 0.0
4.96871544344 0.0
4.96915514618 0.0
4.96959488783 0.0
4.9700346684 0.0
4.97047448788 0.0
4.97091434628 0.0
4.97135424361 0.0
4.97179417987 0.0
4.97223415506 0.0
4.97267416918 0.0
4.97311422224 0.0
4.97355431425 0.0
4.9739944452 0.0
4.9744346151 0.0
4.97487482395 0.0
4.97531507176 0.0
4.97575535853 0.0
4.97619568426 0.0
4.97663604895 0.0
4.97707645262 0.0
4.97751689526 0.0
4.97795737688 0.0
4.97839789747 0.0
4.97883845705 0.0
4.97927905562 0.0
4.97971969318 0.0
4.98016036973 0.0
4.98060108528 0.0
4.98104183983 0.0
4.98148263338 0.0
4.98192346594 0.0
4.98236433751 0.0
4.9828052481 0.0
4.9832461977 0.0
4.98368718633 0.0
4.98412821398 0.0
4.98456928066 0.0
4.98501038637 0.0
4.98545153112 0.0
4.98589271491 0.0
4.98633393774 0.0
4.98677519961 0.0
4.98721650053 0.0
4.98765784051 0.0
4.98809921954 0.0
4.98854063763 0.0
4.98898209479 0.0
4.98942359101 0.0
4.9898651263 0.0
4.99030670066 0.0
4.9907483141 0.0
4.99118996662 0.0
4.99163165823 0.0
4.99207338892 0.0
4.9925151587 0.0
4.99295696758 0.0
4.99339881555 0.0
4.99384070262 0.0
4.9942826288 0.0
4.99472459409 0.0
4.99516659849 0.0
4.995608642 0.0
4.99605072463 0.0
4.99649284639 0.0
4.99693500727 0.0
4.99737720727 0.0
4.99781944641 0.0
4.99826172469 0.0
4.9987040421 0.0
4.99914639866 0.0
4.99958879436 0.0
5.00003122922 0.0
5.00047370322 0.0
5.00091621638 0.0
5.0013587687 0.0
5.00180136019 0.0
5.00224399084 0.0
5.00268666066 0.0
5.00312936966 0.0
5.00357211783 0.0
5.00401490519 0.0
5.00445773172 0.0
5.00490059745 0.0
5.00534350237 0.0
5.00578644648 0.0
5.00622942979 0.0
5.0066724523 0.0
5.00711551401 0.0
5.00755861493 0.0
5.00800175507 0.0
5.00844493442 0.0
5.00888815299 0.0
5.00933141078 0.0
5.0097747078 0.0
5.01021804405 0.0
5.01066141953 0.0
5.01110483424 0.0
5.0115482882 0.0
5.0119917814 0.0
5.01243531384 0.0
5.01287888554 0.0
5.01332249649 0.0
5.01376614669 0.0
5.01420983616 0.0
5.01465356489 0.0
5.01509733289 0.0
5.01554114016 0.0
5.0159849867 0.0
5.01642887252 0.0
5.01687279763 0.0
5.01731676201 0.0
5.01776076569 0.0
5.01820480866 0.0
5.01864889092 0.0
5.01909301248 0.0
5.01953717334 0.0
5.01998137351 0.0
5.02042561299 0.0
5.02086989178 0.0
5.02131420989 0.0
5.02175856732 0.0
5.02220296406 0.0
5.02264740014 0.0
5.02309187555 0.0
5.02353639029 0.0
5.02398094436 0.0
5.02442553778 0.0
5.02487017054 0.0
5.02531484265 0.0
5.02575955411 0.0
5.02620430493 0.0
5.0266490951 0.0
5.02709392463 0.0
5.02753879353 0.0
5.0279837018 0.0
5.02842864943 0.0
5.02887363645 0.0
5.02931866284 0.0
5.02976372862 0.0
5.03020883378 0.0
5.03065397833 0.0
5.03109916227 0.0
5.03154438561 0.0
5.03198964835 0.0
5.03243495049 0.0
5.03288029203 0.0
5.03332567299 0.0
5.03377109337 0.0
5.03421655315 0.0
5.03466205236 0.0
5.035107591 0.0
5.03555316906 0.0
5.03599878655 0.0
5.03644444348 0.0
5.03689013985 0.0
5.03733587565 0.0
5.0377816509 0.0
5.0382274656 0.0
5.03867331976 0.0
5.03911921337 0.0
5.03956514643 0.0
5.04001111896 0.0
5.04045713096 0.0
5.04090318242 0.0
5.04134927336 0.0
5.04179540378 0.0
5.04224157367 0.0
5.04268778305 0.0
5.04313403191 0.0
5.04358032027 0.0
5.04402664812 0.0
5.04447301547 0.0
5.04491942231 0.0
5.04536586867 0.0
5.04581235453 0.0
5.0462588799 0.0
5.04670544478 0.0
5.04715204919 0.0
5.04759869312 0.0
5.04804537657 0.0
5.04849209955 0.0
5.04893886206 0.0
5.04938566411 0.0
5.0498325057 0.0
5.05027938683 0.0
5.05072630751 0.0
5.05117326774 0.0
5.05162026752 0.0
5.05206730686 0.0
5.05251438576 0.0
5.05296150422 0.0
5.05340866225 0.0
5.05385585985 0.0
5.05430309703 0.0
5.05475037378 0.0
5.05519769012 0.0
5.05564504604 0.0
5.05609244154 0.0
5.05653987664 0.0
5.05698735134 0.0
5.05743486563 0.0
5.05788241953 0.0
5.05833001303 0.0
5.05877764615 0.0
5.05922531887 0.0
5.05967303121 0.0
5.06012078318 0.0
5.06056857476 0.0
5.06101640597 0.0
5.06146427682 0.0
5.06191218729 0.0
5.06236013741 0.0
5.06280812716 0.0
5.06325615656 0.0
5.06370422561 0.0
5.06415233431 0.0
5.06460048266 0.0
5.06504867068 0.0
5.06549689835 0.0
5.06594516569 0.0
5.0663934727 0.0
5.06684181938 0.0
5.06729020574 0.0
5.06773863178 0.0
5.0681870975 0.0
5.06863560291 0.0
5.06908414801 0.0
5.0695327328 0.0
5.06998135729 0.0
5.07043002148 0.0
5.07087872537 0.0
5.07132746897 0.0
5.07177625228 0.0
5.07222507531 0.0
5.07267393806 0.0
5.07312284052 0.0
5.07357178272 0.0
5.07402076464 0.0
5.07446978629 0.0
5.07491884768 0.0
5.07536794881 0.0
5.07581708968 0.0
5.0762662703 0.0
5.07671549067 0.0
5.07716475079 0.0
5.07761405067 0.0
5.0780633903 0.0
5.07851276971 0.0
5.07896218888 0.0
5.07941164782 0.0
5.07986114653 0.0
5.08031068503 0.0
5.0807602633 0.0
5.08120988136 0.0
5.08165953921 0.0
5.08210923686 0.0
5.08255897429 0.0
5.08300875153 0.0
5.08345856857 0.0
5.08390842541 0.0
5.08435832207 0.0
5.08480825853 0.0
5.08525823482 0.0
5.08570825092 0.0
5.08615830685 0.0
5.08660840261 0.0
5.0870585382 0.0
5.08750871362 0.0
5.08795892888 0.0
5.08840918398 0.0
5.08885947893 0.0
5.08930981372 0.0
5.08976018837 0.0
5.09021060287 0.0
5.09066105723 0.0
5.09111155145 0.0
5.09156208554 0.0
5.0920126595 0.0
5.09246327334 0.0
5.09291392705 0.0
5.09336462064 0.0
5.09381535411 0.0
5.09426612747 0.0
5.09471694072 0.0
5.09516779387 0.0
5.09561868691 0.0
5.09606961986 0.0
5.09652059271 0.0
5.09697160547 0.0
5.09742265814 0.0
5.09787375073 0.0
5.09832488323 0.0
5.09877605566 0.0
5.09922726801 0.0
5.0996785203 0.0
5.10012981252 0.0
5.10058114467 0.0
5.10103251676 0.0
5.1014839288 0.0
5.10193538079 0.0
5.10238687272 0.0
5.10283840462 0.0
5.10328997647 0.0
5.10374158828 0.0
5.10419324005 0.0
5.1046449318 0.0
5.10509666351 0.0
5.1055484352 0.0
5.10600024687 0.0
5.10645209853 0.0
5.10690399017 0.0
5.1073559218 0.0
5.10780789342 0.0
5.10825990504 0.0
5.10871195666 0.0
5.10916404829 0.0
5.10961617992 0.0
5.11006835156 0.0
5.11052056322 0.0
5.1109728149 0.0
5.11142510659 0.0
5.11187743832 0.0
5.11232981007 0.0
5.11278222185 0.0
5.11323467367 0.0
5.11368716553 0.0
5.11413969743 0.0
5.11459226938 0.0
5.11504488138 0.0
5.11549753343 0.0
5.11595022554 0.0
5.11640295771 0.0
5.11685572994 0.0
5.11730854225 0.0
5.11776139462 0.0
5.11821428707 0.0
5.11866721959 0.0
5.1191201922 0.0
5.1195732049 0.0
5.12002625768 0.0
5.12047935055 0.0
5.12093248352 0.0
5.1213856566 0.0
5.12183886977 0.0
5.12229212305 0.0
5.12274541644 0.0
5.12319874995 0.0
5.12365212357 0.0
5.12410553731 0.0
5.12455899118 0.0
5.12501248518 0.0
5.1254660193 0.0
5.12591959357 0.0
5.12637320797 0.0
5.12682686251 0.0
5.1272805572 0.0
5.12773429204 0.0
5.12818806703 0.0
5.12864188218 0.0
5.12909573749 0.0
5.12954963296 0.0
5.1300035686 0.0
5.13045754441 0.0
5.13091156039 0.0
5.13136561656 0.0
5.1318197129 0.0
5.13227384943 0.0
5.13272802614 0.0
5.13318224305 0.0
5.13363650016 0.0
5.13409079746 0.0
5.13454513497 0.0
5.13499951268 0.0
5.1354539306 0.0
5.13590838874 0.0
5.13636288709 0.0
5.13681742566 0.0
5.13727200446 0.0
5.13772662348 0.0
5.13818128274 0.0
5.13863598223 0.0
5.13909072196 0.0
5.13954550193 0.0
5.14000032215 0.0
5.14045518261 0.0
5.14091008333 0.0
5.1413650243 0.0
5.14182000553 0.0
5.14227502703 0.0
5.14273008879 0.0
5.14318519083 0.0
5.14364033314 0.0
5.14409551572 0.0
5.14455073859 0.0
5.14500600174 0.0
5.14546130518 0.0
5.14591664891 0.0
5.14637203293 0.0
5.14682745726 0.0
5.14728292188 0.0
5.14773842682 0.0
5.14819397206 0.0
5.14864955762 0.0
5.14910518349 0.0
5.14956084968 0.0
5.1500165562 0.0
5.15047230304 0.0
5.15092809022 0.0
5.15138391773 0.0
5.15183978558 0.0
5.15229569376 0.0
5.1527516423 0.0
5.15320763118 0.0
5.15366366042 0.0
5.15411973001 0.0
5.15457583996 0.0
5.15503199028 0.0
5.15548818096 0.0
5.15594441201 0.0
5.15640068343 0.0
5.15685699524 0.0
5.15731334742 0.0
5.15776973999 0.0
5.15822617294 0.0
5.15868264629 0.0
5.15913916004 0.0
5.15959571418 0.0
5.16005230872 0.0
5.16050894367 0.0
5.16096561903 0.0
5.16142233481 0.0
5.161879091 0.0
5.16233588761 0.0
5.16279272464 0.0
5.1632496021 0.0
5.16370651999 0.0
5.16416347832 0.0
5.16462047709 0.0
5.16507751629 0.0
5.16553459595 0.0
5.16599171605 0.0
5.1664488766 0.0
5.16690607761 0.0
5.16736331908 0.0
5.16782060101 0.0
5.16827792341 0.0
5.16873528628 0.0
5.16919268963 0.0
5.16965013345 0.0
5.17010761775 0.0
5.17056514254 0.0
5.17102270782 0.0
5.17148031358 0.0
5.17193795985 0.0
5.17239564661 0.0
5.17285337387 0.0
5.17331114164 0.0
5.17376894993 0.0
5.17422679872 0.0
5.17468468803 0.0
5.17514261786 0.0
5.17560058822 0.0
5.1760585991 0.0
5.17651665052 0.0
5.17697474247 0.0
5.17743287496 0.0
5.17789104799 0.0
5.17834926156 0.0
5.17880751569 0.0
5.17926581037 0.0
5.1797241456 0.0
5.1801825214 0.0
5.18064093776 0.0
5.18109939468 0.0
5.18155789218 0.0
5.18201643025 0.0
5.1824750089 0.0
5.18293362813 0.0
5.18339228794 0.0
5.18385098835 0.0
5.18430972935 0.0
5.18476851094 0.0
5.18522733313 0.0
5.18568619593 0.0
5.18614509933 0.0
5.18660404334 0.0
5.18706302797 0.0
5.18752205321 0.0
5.18798111907 0.0
5.18844022556 0.0
5.18889937268 0.0
5.18935856043 0.0
5.18981778882 0.0
5.19027705784 0.0
5.19073636751 0.0
5.19119571782 0.0
5.19165510878 0.0
5.1921145404 0.0
5.19257401267 0.0
5.19303352561 0.0
5.19349307921 0.0
5.19395267347 0.0
5.19441230841 0.0
5.19487198402 0.0
5.19533170032 0.0
5.19579145729 0.0
5.19625125495 0.0
5.1967110933 0.0
5.19717097234 0.0
5.19763089208 0.0
5.19809085252 0.0
5.19855085366 0.0
5.19901089551 0.0
5.19947097807 0.0
5.19993110135 0.0
5.20039126534 0.0
5.20085147006 0.0
5.2013117155 0.0
5.20177200167 0.0
5.20223232857 0.0
5.20269269621 0.0
5.20315310459 0.0
5.20361355372 0.0
5.20407404359 0.0
5.20453457421 0.0
5.20499514558 0.0
5.20545575772 0.0
5.20591641061 0.0
5.20637710427 0.0
5.2068378387 0.0
5.2072986139 0.0
5.20775942988 0.0
5.20822028663 0.0
5.20868118417 0.0
5.2091421225 0.0
5.20960310161 0.0
5.21006412153 0.0
5.21052518223 0.0
5.21098628374 0.0
5.21144742606 0.0
5.21190860918 0.0
5.21236983311 0.0
5.21283109787 0.0
5.21329240344 0.0
5.21375374983 0.0
5.21421513705 0.0
5.2146765651 0.0
5.21513803398 0.0
5.2155995437 0.0
5.21606109426 0.0
5.21652268567 0.0
5.21698431792 0.0
5.21744599103 0.0
5.21790770499 0.0
5.21836945981 0.0
5.21883125549 0.0
5.21929309204 0.0
5.21975496946 0.0
5.22021688775 0.0
5.22067884692 0.0
5.22114084697 0.0
5.22160288791 0.0
5.22206496973 0.0
5.22252709244 0.0
5.22298925605 0.0
5.22345146056 0.0
5.22391370597 0.0
5.22437599229 0.0
5.22483831952 0.0
5.22530068766 0.0
5.22576309671 0.0
5.22622554669 0.0
5.22668803759 0.0
5.22715056942 0.0
5.22761314218 0.0
5.22807575588 0.0
5.22853841051 0.0
5.22900110609 0.0
5.22946384261 0.0
5.22992662008 0.0
5.23038943851 0.0
5.23085229789 0.0
5.23131519823 0.0
5.23177813954 0.0
5.23224112181 0.0
5.23270414506 0.0
5.23316720928 0.0
5.23363031448 0.0
5.23409346066 0.0
5.23455664782 0.0
5.23501987598 0.0
5.23548314513 0.0
5.23594645527 0.0
5.23640980642 0.0
5.23687319857 0.0
5.23733663173 0.0
5.2378001059 0.0
5.23826362108 0.0
5.23872717728 0.0
5.2391907745 0.0
5.23965441275 0.0
5.24011809203 0.0
5.24058181234 0.0
5.24104557369 0.0
5.24150937608 0.0
5.24197321951 0.0
5.24243710399 0.0
5.24290102952 0.0
5.24336499611 0.0
5.24382900375 0.0
5.24429305246 0.0
5.24475714223 0.0
5.24522127307 0.0
5.24568544499 0.0
5.24614965798 0.0
5.24661391205 0.0
5.2470782072 0.0
5.24754254344 0.0
5.24800692078 0.0
5.24847133921 0.0
5.24893579873 0.0
5.24940029936 0.0
5.24986484109 0.0
5.25032942394 0.0
5.25079404789 0.0
5.25125871297 0.0
5.25172341916 0.0
5.25218816647 0.0
5.25265295492 0.0
5.25311778449 0.0
5.2535826552 0.0
5.25404756705 0.0
5.25451252004 0.0
5.25497751418 0.0
5.25544254946 0.0
5.2559076259 0.0
5.2563727435 0.0
5.25683790225 0.0
5.25730310217 0.0
5.25776834326 0.0
5.25823362551 0.0
5.25869894895 0.0
5.25916431356 0.0
5.25962971935 0.0
5.26009516633 0.0
5.2605606545 0.0
5.26102618386 0.0
5.26149175441 0.0
5.26195736617 0.0
5.26242301913 0.0
5.2628887133 0.0
5.26335444868 0.0
5.26382022528 0.0
5.26428604309 0.0
5.26475190213 0.0
5.26521780239 0.0
5.26568374388 0.0
5.26614972661 0.0
5.26661575057 0.0
5.26708181577 0.0
5.26754792222 0.0
5.26801406991 0.0
5.26848025886 0.0
5.26894648906 0.0
5.26941276052 0.0
5.26987907324 0.0
5.27034542723 0.0
5.27081182249 0.0
5.27127825902 0.0
5.27174473682 0.0
5.27221125591 0.0
5.27267781628 0.0
5.27314441794 0.0
5.27361106089 0.0
5.27407774514 0.0
5.27454447069 0.0
5.27501123754 0.0
5.27547804569 0.0
5.27594489515 0.0
5.27641178593 0.0
5.27687871803 0.0
5.27734569144 0.0
5.27781270618 0.0
5.27827976225 0.0
5.27874685965 0.0
5.27921399839 0.0
5.27968117846 0.0
5.28014839988 0.0
5.28061566264 0.0
5.28108296676 0.0
5.28155031222 0.0
5.28201769905 0.0
5.28248512724 0.0
5.28295259679 0.0
5.28342010771 0.0
5.28388766 0.0
5.28435525366 0.0
5.28482288871 0.0
5.28529056514 0.0
5.28575828295 0.0
5.28622604216 0.0
5.28669384276 0.0
5.28716168476 0.0
5.28762956816 0.0
5.28809749296 0.0
5.28856545917 0.0
5.2890334668 0.0
5.28950151584 0.0
5.2899696063 0.0
5.29043773819 0.0
5.2909059115 0.0
5.29137412624 0.0
5.29184238241 0.0
5.29231068003 0.0
5.29277901908 0.0
5.29324739959 0.0
5.29371582154 0.0
5.29418428494 0.0
5.2946527898 0.0
5.29512133612 0.0
5.2955899239 0.0
5.29605855315 0.0
5.29652722387 0.0
5.29699593606 0.0
5.29746468974 0.0
5.29793348489 0.0
5.29840232154 0.0
5.29887119967 0.0
5.29934011929 0.0
5.29980908041 0.0
5.30027808303 0.0
5.30074712716 0.0
5.30121621279 0.0
5.30168533993 0.0
5.30215450859 0.0
5.30262371877 0.0
5.30309297047 0.0
5.3035622637 0.0
5.30403159845 0.0
5.30450097474 0.0
5.30497039257 0.0
5.30543985194 0.0
5.30590935285 0.0
5.30637889531 0.0
5.30684847932 0.0
5.30731810489 0.0
5.30778777201 0.0
5.3082574807 0.0
5.30872723096 0.0
5.30919702278 0.0
5.30966685618 0.0
5.31013673116 0.0
5.31060664772 0.0
5.31107660586 0.0
5.3115466056 0.0
5.31201664692 0.0
5.31248672984 0.0
5.31295685436 0.0
5.31342702048 0.0
5.31389722821 0.0
5.31436747756 0.0
5.31483776851 0.0
5.31530810108 0.0
5.31577847528 0.0
5.3162488911 0.0
5.31671934855 0.0
5.31718984763 0.0
5.31766038835 0.0
5.31813097071 0.0
5.31860159471 0.0
5.31907226036 0.0
5.31954296766 0.0
5.32001371662 0.0
5.32048450724 0.0
5.32095533951 0.0
5.32142621346 0.0
5.32189712907 0.0
5.32236808636 0.0
5.32283908532 0.0
5.32331012596 0.0
5.32378120829 0.0
5.32425233231 0.0
5.32472349802 0.0
5.32519470542 0.0
5.32566595452 0.0
5.32613724533 0.0
5.32660857784 0.0
5.32707995206 0.0
5.327551368 0.0
5.32802282565 0.0
5.32849432503 0.0
5.32896586613 0.0
5.32943744896 0.0
5.32990907352 0.0
5.33038073981 0.0
5.33085244785 0.0
5.33132419763 0.0
5.33179598916 0.0
5.33226782244 0.0
5.33273969747 0.0
5.33321161426 0.0
5.33368357282 0.0
5.33415557313 0.0
5.33462761522 0.0
5.33509969908 0.0
5.33557182472 0.0
5.33604399214 0.0
5.33651620134 0.0
5.33698845233 0.0
5.33746074511 0.0
5.33793307969 0.0
5.33840545606 0.0
5.33887787424 0.0
5.33935033423 0.0
5.33982283602 0.0
5.34029537963 0.0
5.34076796506 0.0
5.3412405923 0.0
5.34171326137 0.0
5.34218597227 0.0
5.34265872501 0.0
5.34313151957 0.0
5.34360435598 0.0
5.34407723423 0.0
5.34455015433 0.0
5.34502311628 0.0
5.34549612008 0.0
5.34596916574 0.0
5.34644225327 0.0
5.34691538265 0.0
5.34738855391 0.0
5.34786176704 0.0
5.34833502205 0.0
5.34880831894 0.0
5.34928165771 0.0
5.34975503837 0.0
5.35022846092 0.0
5.35070192537 0.0
5.35117543171 0.0
5.35164897996 0.0
5.35212257011 0.0
5.35259620218 0.0
5.35306987615 0.0
5.35354359205 0.0
5.35401734987 0.0
5.35449114961 0.0
5.35496499128 0.0
5.35543887488 0.0
5.35591280042 0.0
5.35638676789 0.0
5.35686077731 0.0
5.35733482868 0.0
5.357808922 0.0
5.35828305727 0.0
5.35875723451 0.0
5.3592314537 0.0
5.35970571486 0.0
5.36018001799 0.0
5.36065436309 0.0
5.36112875017 0.0
5.36160317923 0.0
5.36207765027 0.0
5.3625521633 0.0
5.36302671832 0.0
5.36350131534 0.0
5.36397595436 0.0
5.36445063538 0.0
5.36492535841 0.0
5.36540012344 0.0
5.36587493049 0.0
5.36634977956 0.0
5.36682467065 0.0
5.36729960377 0.0
5.36777457891 0.0
5.36824959609 0.0
5.3687246553 0.0
5.36919975655 0.0
5.36967489985 0.0
5.3701500852 0.0
5.37062531259 0.0
5.37110058204 0.0
5.37157589355 0.0
5.37205124712 0.0
5.37252664276 0.0
5.37300208047 0.0
5.37347756025 0.0
5.3739530821 0.0
5.37442864604 0.0
5.37490425207 0.0
5.37537990018 0.0
5.37585559038 0.0
5.37633132268 0.0
5.37680709708 0.0
5.37728291358 0.0
5.37775877219 0.0
5.37823467291 0.0
5.37871061575 0.0
5.3791866007 0.0
5.37966262777 0.0
5.38013869698 0.0
5.38061480831 0.0
5.38109096177 0.0
5.38156715737 0.0
5.38204339511 0.0
5.38251967499 0.0
5.38299599703 0.0
5.38347236121 0.0
5.38394876755 0.0
5.38442521605 0.0
5.38490170671 0.0
5.38537823954 0.0
5.38585481454 0.0
5.38633143171 0.0
5.38680809107 0.0
5.3872847926 0.0
5.38776153632 0.0
5.38823832222 0.0
5.38871515033 0.0
5.38919202062 0.0
5.38966893312 0.0
5.39014588782 0.0
5.39062288473 0.0
5.39109992385 0.0
5.39157700518 0.0
5.39205412874 0.0
5.39253129452 0.0
5.39300850252 0.0
5.39348575275 0.0
5.39396304522 0.0
5.39444037993 0.0
5.39491775687 0.0
5.39539517606 0.0
5.39587263751 0.0
5.3963501412 0.0
5.39682768715 0.0
5.39730527536 0.0
5.39778290583 0.0
5.39826057857 0.0
5.39873829358 0.0
5.39921605087 0.0
5.39969385044 0.0
5.40017169229 0.0
5.40064957642 0.0
5.40112750285 0.0
5.40160547156 0.0
5.40208348258 0.0
5.4025615359 0.0
5.40303963152 0.0
5.40351776945 0.0
5.40399594969 0.0
5.40447417225 0.0
5.40495243713 0.0
5.40543074434 0.0
5.40590909387 0.0
5.40638748573 0.0
5.40686591993 0.0
5.40734439646 0.0
5.40782291534 0.0
5.40830147656 0.0
5.40878008014 0.0
5.40925872607 0.0
5.40973741435 0.0
5.410216145 0.0
5.41069491801 0.0
5.41117373339 0.0
5.41165259114 0.0
5.41213149127 0.0
5.41261043378 0.0
5.41308941867 0.0
5.41356844595 0.0
5.41404751562 0.0
5.41452662768 0.0
5.41500578215 0.0
5.41548497901 0.0
5.41596421829 0.0
5.41644349997 0.0
5.41692282407 0.0
5.41740219058 0.0
5.41788159951 0.0
5.41836105087 0.0
5.41884054466 0.0
5.41932008088 0.0
5.41979965954 0.0
5.42027928064 0.0
5.42075894418 0.0
5.42123865017 0.0
5.42171839861 0.0
5.4221981895 0.0
5.42267802285 0.0
5.42315789867 0.0
5.42363781695 0.0
5.4241177777 0.0
5.42459778093 0.0
5.42507782663 0.0
5.42555791482 0.0
5.42603804549 0.0
5.42651821864 0.0
5.4269984343 0.0
5.42747869244 0.0
5.42795899309 0.0
5.42843933624 0.0
5.4289197219 0.0
5.42940015007 0.0
5.42988062076 0.0
5.43036113396 0.0
5.43084168969 0.0
5.43132228794 0.0
5.43180292872 0.0
5.43228361204 0.0
5.43276433789 0.0
5.43324510629 0.0
5.43372591723 0.0
5.43420677072 0.0
5.43468766677 0.0
5.43516860537 0.0
5.43564958653 0.0
5.43613061025 0.0
5.43661167654 0.0
5.43709278541 0.0
5.43757393685 0.0
5.43805513087 0.0
5.43853636747 0.0
5.43901764666 0.0
5.43949896843 0.0
5.43998033281 0.0
5.44046173978 0.0
5.44094318935 0.0
5.44142468153 0.0
5.44190621631 0.0
5.44238779371 0.0
5.44286941373 0.0
5.44335107637 0.0
5.44383278163 0.0
5.44431452952 0.0
5.44479632004 0.0
5.4452781532 0.0
5.445760029 0.0
5.44624194744 0.0
5.44672390853 0.0
5.44720591226 0.0
5.44768795866 0.0
5.44817004771 0.0
5.44865217942 0.0
5.4491343538 0.0
5.44961657085 5.00155854392e-26
5.45009883057 1.02659451434e-25
5.45058113297 1.07916245131e-25
5.45106347805 1.13173504025e-25
5.45154586582 1.18431228156e-25
5.45202829627 1.23689417566e-25
5.45251076942 1.28948072294e-25
5.45299328526 1.34207192384e-25
5.4534758438 1.39466777875e-25
5.45395844505 1.4472682881e-25
5.454441089 1.49987345229e-25
5.45492377566 1.55248327173e-25
5.45540650504 1.60509774684e-25
5.45588927714 1.65771687802e-25
5.45637209196 1.7103406657e-25
5.45685494951 1.76296911028e-25
5.45733784979 1.81560221218e-25
5.4578207928 1.8682399718e-25
5.45830377854 1.92088238956e-25
5.45878680703 1.97352946587e-25
5.45926987827 2.02618120115e-25
5.45975299225 2.0788375958e-25
5.46023614899 2.13149865023e-25
5.46071934849 2.18416436487e-25
5.46120259074 2.23683474013e-25
5.46168587576 2.2895097764e-25
5.46216920354 2.34218947412e-25
5.4626525741 2.39487383368e-25
5.46313598744 2.44756285551e-25
5.46361944355 2.50025654002e-25
5.46410294244 2.55295488761e-25
5.46458648413 2.6056578987e-25
5.4650700686 2.65836557371e-25
5.46555369587 2.71107791304e-25
5.46603736593 2.76379491711e-25
5.4665210788 2.81651658633e-25
5.46700483448 2.86924292112e-25
5.46748863296 2.92197392188e-25
5.46797247426 2.97470958903e-25
5.46845635837 3.02744992299e-25
5.46894028531 3.08019492417e-25
5.46942425507 3.13294459297e-25
5.46990826765 3.18569892981e-25
5.47039232308 3.23845793511e-25
5.47087642133 3.29122160928e-25
5.47136056243 3.34398995273e-25
5.47184474637 3.39676296588e-25
5.47232897316 3.44954064913e-25
5.4728132428 3.50232300291e-25
5.47329755529 3.55511002762e-25
5.47378191064 3.60790172368e-25
5.47426630886 3.6606980915e-25
5.47475074994 3.71349913149e-25
5.47523523389 3.76630484407e-25
5.47571976072 3.81911522966e-25
5.47620433042 3.87193028866e-25
5.47668894301 3.92475002149e-25
5.47717359848 3.97757442856e-25
5.47765829684 4.03040351029e-25
5.4781430381 4.08323726708e-25
5.47862782225 4.13607569937e-25
5.4791126493 4.18891880754e-25
5.47959751925 4.24176659203e-25
5.48008243212 4.29461905325e-25
5.48056738789 4.3474761916e-25
5.48105238658 4.40033800751e-25
5.4815374282 4.45320450138e-25
5.48202251273 4.50607567363e-25
5.48250764019 4.55895152468e-25
5.48299281058 4.61183205494e-25
5.48347802391 4.66471726482e-25
5.48396328018 4.71760715473e-25
5.48444857939 4.7705017251e-25
5.48493392154 4.82340097633e-25
5.48541930665 4.87630490885e-25
5.4859047347 4.92921352305e-25
5.48639020572 4.98212681937e-25
5.4868757197 5.0350447982e-25
5.48736127664 5.08796745998e-25
5.48784687655 5.1408948051e-25
5.48833251944 5.19382683399e-25
5.4888182053 5.24676354706e-25
5.48930393414 5.29970494473e-25
5.48978970596 5.3526510274e-25
5.49027552078 5.4056017955e-25
5.49076137858 5.45855724943e-25
5.49124727938 5.51151738962e-25
5.49173322318 5.56448221648e-25
5.49221920999 5.61745173042e-25
5.4927052398 5.67042593186e-25
5.49319131262 5.72340482121e-25
5.49367742846 5.77638839888e-25
5.49416358731 5.8293766653e-25
5.49464978919 5.88236962087e-25
5.49513603409 5.93536726602e-25
5.49562232202 5.98836960115e-25
5.49610865299 6.04137662669e-25
5.49659502699 6.09438834304e-25
5.49708144404 6.14740475062e-25
5.49756790413 6.20042584986e-25
5.49805440727 6.25345164115e-25
5.49854095346 6.30648212492e-25
5.49902754271 6.35951730158e-25
5.49951417502 6.41255717156e-25
5.50000085039 6.46560173525e-25
5.50048756883 6.51865099308e-25
5.50097433035 6.57170494547e-25
5.50146113494 6.62476359283e-25
5.5019479826 6.67782693557e-25
5.50243487335 6.73089497412e-25
5.50292180719 6.78396770888e-25
5.50340878412 6.83704514027e-25
5.50389580415 6.89012726871e-25
5.50438286727 6.94321409461e-25
5.50486997349 6.99630561839e-25
5.50535712282 7.04940184047e-25
5.50584431526 7.10250276125e-25
5.50633155082 7.15560838116e-25
5.50681882949 7.20871870062e-25
5.50730615128 7.26183372003e-25
5.5077935162 7.31495343981e-25
5.50828092425 7.36807786039e-25
5.50876837543 7.42120698217e-25
5.50925586974 7.47434080557e-25
5.5097434072 7.52747933101e-25
5.5102309878 7.5806225589e-25
5.51071861155 7.63377048967e-25
5.51120627845 7.68692312372e-25
5.51169398851 7.74008046147e-25
5.51218174173 7.79324250334e-25
5.51266953811 7.84640924975e-25
5.51315737765 7.8995807011e-25
5.51364526037 7.95275685783e-25
5.51413318627 8.00593772034e-25
5.51462115534 8.05912328905e-25
5.51510916759 8.11231356437e-25
5.51559722303 8.16550854673e-25
5.51608532166 8.21870823654e-25
5.51657346349 8.27191263422e-25
5.51706164851 8.32512174018e-25
5.51754987673 8.37833555484e-25
5.51803814816 8.43155407861e-25
5.5185264628 8.48477731192e-25
5.51901482065 8.53800525518e-25
5.51950322172 8.5912379088e-25
5.51999166601 8.64447527321e-25
5.52048015352 8.69771734882e-25
5.52096868426 8.75096413605e-25
5.52145725824 8.80421563531e-25
5.52194587545 8.85747184703e-25
5.5224345359 8.91073277161e-25
5.52292323959 8.96399840948e-25
5.52341198653 9.01726876105e-25
5.52390077672 9.07054382674e-25
5.52438961017 9.12382360696e-25
5.52487848688 9.17710810214e-25
5.52536740684 9.23039731269e-25
5.52585637008 9.28369123903e-25
5.52634537659 9.33698988158e-25
5.52683442637 9.39029324075e-25
5.52732351942 9.44360131696e-25
5.52781265576 9.49691411063e-25
5.52830183539 9.55023162217e-25
5.52879105831 9.60355385201e-25
5.52928032452 9.65688080056e-25
5.52976963402 9.71021246824e-25
5.53025898683 9.76354885546e-25
5.53074838294 9.81688996264e-25
5.53123782236 9.87023579021e-25
5.5317273051 9.92358633858e-25
5.53221683115 9.97694160816e-25
5.53270640052 1.00303015994e-24
5.53319601321 1.00836663126e-24
5.53368566923 1.01370357484e-24
5.53417536859 1.0190409907e-24
5.53466511127 1.02437887889e-24
5.5351548973 1.02971723946e-24
5.53564472668 1.03505607244e-24
5.5361345994 1.04039537788e-24
5.53662451547 1.04573515581e-24
5.53711447489 1.05107540628e-24
5.53760447767 1.05641612934e-24
5.53809452382 1.06175732502e-24
5.53858461333 1.06709899336e-24
5.53907474621 1.07244113441e-24
5.53956492247 1.07778374821e-24
5.5400551421 1.0831268348e-24
5.54054540512 1.08847039422e-24
5.54103571152 1.09381442652e-24
5.54152606131 1.09915893173e-24
5.54201645449 1.1045039099e-24
5.54250689107 1.10984936107e-24
5.54299737106 1.11519528528e-24
5.54348789444 1.12054168258e-24
5.54397846124 1.125888553e-24
5.54446907144 1.13123589659e-24
5.54495972507 1.13658371338e-24
5.54545042211 1.14193200343e-24
5.54594116258 1.14728076677e-24
5.54643194647 1.15263000345e-24
5.5469227738 1.1579797135e-24
5.54741364456 1.16332989697e-24
5.54790455876 1.1686805539e-24
5.5483955164 1.17403168434e-24
5.54888651749 1.17938328832e-24
5.54937756203 1.18473536588e-24
5.54986865003 1.19008791707e-24
5.55035978149 1.19544094193e-24
5.5508509564 1.20079444051e-24
5.55134217479 1.20614841284e-24
5.55183343664 1.21150285896e-24
5.55232474197 1.21685777892e-24
5.55281609077 1.22221317276e-24
5.55330748306 1.22756904053e-24
5.55379891883 1.23292538225e-24
5.55429039809 1.23828219799e-24
5.55478192084 1.24363948776e-24
5.55527348709 1.24899725163e-24
5.55576509684 1.25435548963e-24
5.5562567501 1.25971420181e-24
5.55674844687 1.26507338819e-24
5.55724018714 1.27043304884e-24
5.55773197094 1.27579318378e-24
5.55822379825 1.28115379307e-24
5.55871566909 1.28651487674e-24
5.55920758345 1.29187643483e-24
5.55969954135 1.29723846739e-24
5.56019154278 1.30260097446e-24
5.56068358775 1.30796395608e-24
5.56117567627 1.3133274123e-24
5.56166780833 1.31869134315e-24
5.56215998394 1.32405574867e-24
5.56265220311 1.32942062892e-24
5.56314446583 1.33478598392e-24
5.56363677212 1.34015181373e-24
5.56412912197 1.34551811839e-24
5.5646215154 1.35088489793e-24
5.5651139524 1.3562521524e-24
5.56560643297 1.36161988184e-24
5.56609895713 1.3669880863e-24
5.56659152487 1.37235676581e-24
5.56708413621 1.37772592041e-24
5.56757679113 1.38309555016e-24
5.56806948966 1.38846565509e-24
5.56856223178 1.39383623524e-24
5.56905501751 1.39920729066e-24
5.56954784685 1.40457882138e-24
5.5700407198 1.40995082745e-24
5.57053363636 1.41532330892e-24
5.57102659655 1.42069626582e-24
5.57151960036 1.42606969819e-24
5.5720126478 1.43144360609e-24
5.57250573887 1.43681798954e-24
5.57299887358 1.44219284859e-24
5.57349205193 1.44756818329e-24
5.57398527392 1.45294399368e-24
5.57447853955 1.45832027979e-24
5.57497184884 1.46369704168e-24
5.57546520178 1.46907427937e-24
5.57595859839 1.47445199292e-24
5.57645203865 1.47983018237e-24
5.57694552258 1.48520884776e-24
5.57743905018 1.49058798913e-24
5.57793262146 1.49596760652e-24
5.57842623642 1.50134769997e-24
5.57891989505 1.50672826953e-24
5.57941359738 1.51210931525e-24
5.57990734339 1.51749083715e-24
5.58040113309 1.52287283529e-24
5.5808949665 1.5282553097e-24
5.5813888436 1.53363826043e-24
5.58188276441 1.53902168753e-24
5.58237672893 1.54440559102e-24
5.58287073717 1.54978997096e-24
5.58336478912 1.55517482738e-24
5.58385888479 1.56056016034e-24
5.58435302418 1.56594596986e-24
5.5848472073 1.571332256e-24
5.58534143416 1.5767190188e-24
5.58583570475 1.58210625829e-24
5.58633001908 1.58749397452e-24
5.58682437716 1.59288216753e-24
5.58731877898 1.59827083737e-24
5.58781322456 1.60365998407e-24
5.58830771389 1.60904960768e-24
5.58880224698 1.61443970825e-24
5.58929682383 1.6198302858e-24
5.58979144446 1.62522134039e-24
5.59028610885 1.63061287206e-24
5.59078081702 1.63600488085e-24
5.59127556896 1.6413973668e-24
5.59177036469 1.64679032995e-24
5.59226520421 1.65218377035e-24
5.59276008751 1.65757768804e-24
5.59325501461 1.66297208305e-24
5.59374998551 1.66836695545e-24
5.59424500021 1.67376230525e-24
5.59474005872 1.67915813252e-24
5.59523516103 1.68455443728e-24
5.59573030716 1.68995121958e-24
5.59622549711 1.69534847947e-24
5.59672073088 1.70074621699e-24
5.59721600847 1.70614443218e-24
5.5977113299 1.71154312507e-24
5.59820669515 1.71694229572e-24
5.59870210425 1.72234194417e-24
5.59919755718 1.72774207045e-24
5.59969305396 1.73314267461e-24
5.60018859459 1.7385437567e-24
5.60068417907 1.74394531675e-24
5.60117980741 1.7493473548e-24
5.6016754796 1.75474987091e-24
5.60217119566 1.76015286511e-24
5.60266695559 1.76555633744e-24
5.60316275939 1.77096028795e-24
5.60365860707 1.77636471667e-24
5.60415449863 1.78176962366e-24
5.60465043407 1.78717500895e-24
5.60514641339 1.79258087259e-24
5.60564243661 1.79798721461e-24
5.60613850373 1.80339403506e-24
5.60663461474 1.80880133399e-24
5.60713076966 1.81420911143e-24
5.60762696848 1.81961736743e-24
5.60812321121 1.82502610203e-24
5.60861949786 1.83043531527e-24
5.60911582843 1.83584500719e-24
5.60961220292 1.84125517784e-24
5.61010862133 1.84666582726e-24
5.61060508368 1.85207695549e-24
5.61110158996 1.85748856258e-24
5.61159814017 1.86290064856e-24
5.61209473433 1.86831321348e-24
5.61259137244 1.87372625738e-24
5.61308805449 1.8791397803e-24
5.6135847805 1.88455378229e-24
5.61408155047 1.88996826339e-24
5.61457836439 1.89538322364e-24
5.61507522229 1.90079866308e-24
5.61557212415 1.90621458175e-24
5.61606906998 1.91163097971e-24
5.61656605979 1.91704785698e-24
5.61706309358 1.92246521362e-24
5.61756017136 1.92788304966e-24
5.61805729313 1.93330136515e-24
5.61855445888 1.93872016012e-24
5.61905166864 1.94413943463e-24
5.61954892239 1.94955918872e-24
5.62004622015 1.95497942242e-24
5.62054356191 1.96040013578e-24
5.62104094769 1.96582132885e-24
5.62153837749 1.97124300165e-24
5.6220358513 1.97666515425e-24
5.62253336914 1.98208778667e-24
5.623030931 1.98751089897e-24
5.6235285369 1.99293449118e-24
5.62402618683 1.99835856334e-24
5.6245238808 2.00378311551e-24
5.62502161881 2.00920814772e-24
5.62551940087 2.01463366001e-24
5.62601722698 2.02005965243e-24
5.62651509715 2.02548612501e-24
5.62701301137 2.03091307781e-24
5.62751096966 2.03634051087e-24
5.62800897201 2.04176842422e-24
5.62850701843 2.0471968179e-24
5.62900510893 2.05262569198e-24
5.62950324351 2.05805504647e-24
5.63000142217 2.06348488143e-24
5.63049964491 2.0689151969e-24
5.63099791174 2.07434599292e-24
5.63149622267 2.07977726954e-24
5.6319945777 2.08520902679e-24
5.63249297682 2.09064126473e-24
5.63299142006 2.09607398338e-24
5.6334899074 2.1015071828e-24
5.63398843885 2.10694086302e-24
5.63448701443 2.1123750241e-24
5.63498563412 2.11780966606e-24
5.63548429794 2.12324478897e-24
5.63598300588 2.12868039284e-24
5.63648175796 2.13411647774e-24
5.63698055418 2.1395530437e-24
5.63747939454 2.14499009077e-24
5.63797827904 2.15042761898e-24
5.63847720769 2.15586562838e-24
5.63897618049 2.16130411902e-24
5.63947519745 2.16674309093e-24
5.63997425857 2.17218254416e-24
5.64047336385 2.17762247875e-24
5.6409725133 2.18306289474e-24
5.64147170692 2.18850379217e-24
5.64197094472 2.1939451711e-24
5.6424702267 2.19938703155e-24
5.64296955286 2.20482937358e-24
5.64346892321 2.21027219723e-24
5.64396833775 2.21571550253e-24
5.64446779649 2.22115928954e-24
5.64496729942 2.22660355828e-24
5.64546684656 2.23204830882e-24
5.6459664379 2.23749354118e-24
5.64646607346 2.24293925542e-24
5.64696575323 2.24838545157e-24
5.64746547722 2.25383212968e-24
5.64796524543 2.25927928978e-24
5.64846505787 2.26472693193e-24
5.64896491454 2.27017505617e-24
5.64946481545 2.27562366253e-24
5.64996476059 2.28107275106e-24
5.65046474997 2.28652232181e-24
5.6509647836 2.29197237481e-24
5.65146486149 2.29742291011e-24
5.65196498362 2.30287392775e-24
5.65246515001 2.30832542777e-24
5.65296536067 2.31377741022e-24
5.65346561559 2.31922987514e-24
5.65396591478 2.32468282257e-24
5.65446625824 2.33013625256e-24
5.65496664598 2.33559016514e-24
5.65546707801 2.34104456037e-24
5.65596755432 2.34649943827e-24
5.65646807491 2.3519547989e-24
5.6569686398 2.3574106423e-24
5.65746924899 2.36286696851e-24
5.65796990248 2.36832377757e-24
5.65847060027 2.37378106953e-24
5.65897134238 2.37923884443e-24
5.65947212879 2.38469710231e-24
5.65997295952 2.39015584322e-24
5.66047383458 2.39561506719e-24
5.66097475395 2.40107477427e-24
5.66147571766 2.4065349645e-24
5.6619767257 2.41199563793e-24
5.66247777807 2.4174567946e-24
5.66297887479 2.42291843455e-24
5.66348001585 2.42838055782e-24
5.66398120125 2.43384316446e-24
5.66448243101 2.43930625451e-24
5.66498370513 2.44476982801e-24
5.6654850236 2.45023388501e-24
5.66598638644 2.45569842554e-24
5.66648779365 2.46116344965e-24
5.66698924522 2.46662895739e-24
5.66749074118 2.47209494879e-24
5.66799228151 2.4775614239e-24
5.66849386623 2.48302838276e-24
5.66899549533 2.48849582542e-24
5.66949716883 2.49396375192e-24
5.66999888672 2.49943216229e-24
5.67050064901 2.50490105659e-24
5.6710024557 2.51037043485e-24
5.6715043068 2.51584029712e-24
5.67200620231 2.52131064345e-24
5.67250814224 2.52678147386e-24
5.67301012658 2.53225278842e-24
5.67351215535 2.53772458715e-24
5.67401422854 2.54319687011e-24
5.67451634616 2.54866963733e-24
5.67501850822 2.55414288886e-24
5.67552071472 2.55961662474e-24
5.67602296566 2.56509084502e-24
5.67652526105 2.57056554973e-24
5.67702760088 2.57604073892e-24
5.67752998517 2.58151641264e-24
5.67803241392 2.58699257092e-24
5.67853488713 2.59246921381e-24
5.67903740481 2.59794634135e-24
5.67953996695 2.60342395359e-24
5.68004257357 2.60890205056e-24
5.68054522467 2.61438063231e-24
5.68104792025 2.61985969889e-24
5.68155066032 2.62533925033e-24
5.68205344487 2.63081928668e-24
5.68255627392 2.63629980798e-24
5.68305914747 2.64178081428e-24
5.68356206552 2.64726230561e-24
5.68406502807 2.65274428203e-24
5.68456803513 2.65822674357e-24
5.68507108671 2.66370969027e-24
5.6855741828 2.66919312219e-24
5.68607732341 2.67467703935e-24
5.68658050855 2.68016144181e-24
5.68708373822 2.68564632961e-24
5.68758701242 2.69113170279e-24
5.68809033116 2.6966175614e-24
5.68859369444 2.70210390547e-24
5.68909710226 2.70759073505e-24
5.68960055463 2.71307805018e-24
5.69010405156 2.71856585091e-24
5.69060759304 2.72405413728e-24
5.69111117908 2.72954290933e-24
5.69161480968 2.7350321671e-24
5.69211848486 2.74052191065e-24
5.6926222046 2.74601214e-24
5.69312596893 2.75150285521e-24
5.69362977783 2.75699405631e-24
5.69413363132 2.76248574335e-24
5.69463752939 2.76797791638e-24
5.69514147206 2.77347057543e-24
5.69564545933 2.77896372055e-24
5.69614949119 2.78445735179e-24
5.69665356766 2.78995146917e-24
5.69715768873 2.79544607276e-24
5.69766185442 2.80094116258e-24
5.69816606472 2.80643673869e-24
5.69867031965 2.81193280113e-24
5.69917461919 2.81742934994e-24
5.69967896337 2.82292638516e-24
5.70018335217 2.82842390683e-24
5.70068778561 2.83392191501e-24
5.70119226369 2.83942040972e-24
5.70169678642 2.84491939102e-24
5.70220135379 2.85041885895e-24
5.70270596581 2.85591881356e-24
5.70321062249 2.86141925487e-24
5.70371532383 2.86692018294e-24
5.70422006983 2.87242159782e-24
5.7047248605 2.87792349954e-24
5.70522969583 2.88342588814e-24
5.70573457585 2.88892876367e-24
5.70623950054 2.89443212618e-24
5.70674446992 2.8999359757e-24
5.70724948398 2.90544031228e-24
5.70775454273 2.91094513597e-24
5.70825964618 2.91645044679e-24
5.70876479433 2.92195624481e-24
5.70926998718 2.92746253006e-24
5.70977522473 2.93296930258e-24
5.710280507 2.93847656242e-24
5.71078583398 2.94398430962e-24
5.71129120568 2.94949254423e-24
5.7117966221 2.95500126628e-24
5.71230208325 2.96051047583e-24
5.71280758913 2.9660201729e-24
5.71331313974 2.97153035755e-24
5.7138187351 2.97704102983e-24
5.71432437519 2.98255218976e-24
5.71483006003 2.9880638374e-24
5.71533578962 2.99357597279e-24
5.71584156397 2.99908859597e-24
5.71634738307 3.00460170699e-24
5.71685324693 3.01011530589e-24
5.71735915556 3.01562939271e-24
5.71786510896 3.02114396749e-24
5.71837110714 3.02665903028e-24
5.71887715009 3.03217458112e-24
5.71938323783 3.03769062006e-24
5.71988937035 3.04320714714e-24
5.72039554766 3.04872416239e-24
5.72090176976 3.05424166587e-24
5.72140803666 3.05975965762e-24
5.72191434837 3.06527813768e-24
5.72242070488 3.07079710609e-24
5.7229271062 3.0763165629e-24
5.72343355233 3.08183650815e-24
5.72394004328 3.08735694188e-24
5.72444657905 3.09287786414e-24
5.72495315965 3.09839927497e-24
5.72545978508 3.10392117441e-24
5.72596645534 3.10944356251e-24
5.72647317043 3.1149664393e-24
5.72697993037 3.12048980484e-24
5.72748673516 3.12601365917e-24
5.72799358479 3.13153800233e-24
5.72850047928 3.13706283436e-24
5.72900741862 3.1425881553e-24
5.72951440283 3.1481139652e-24
5.7300214319 3.15364026411e-24
5.73052850584 3.15916705206e-24
5.73103562465 3.1646943291e-24
5.73154278834 3.17022209527e-24
5.73204999691 3.17575035062e-24
5.73255725037 3.18127909519e-24
5.73306454871 3.18680832902e-24
5.73357189195 3.19233805215e-24
5.73407928008 3.19786826464e-24
5.73458671312 3.20339896651e-24
5.73509419106 3.20893015782e-24
5.73560171391 3.21446183861e-24
5.73610928167 3.21999400892e-24
5.73661689435 3.2255266688e-24
5.73712455195 3.23105981828e-24
5.73763225448 3.23659345742e-24
5.73814000193 3.24212758625e-24
5.73864779432 3.24766220482e-24
5.73915563164 3.25319731318e-24
5.7396635139 3.25873291135e-24
5.74017144111 3.2642689994e-24
5.74067941327 3.26980557736e-24
5.74118743038 3.27534264527e-24
5.74169549244 3.28088020318e-24
5.74220359947 3.28641825114e-24
5.74271175146 3.29195678918e-24
5.74321994842 3.29749581735e-24
5.74372819035 3.30303533569e-24
5.74423647726 3.30857534424e-24
5.74474480915 3.31411584306e-24
5.74525318603 3.31965683218e-24
5.74576160789 3.32519831164e-24
5.74627007474 3.33074028149e-24
5.74677858659 3.33628274178e-24
5.74728714345 3.34182569254e-24
5.7477957453 3.34736913381e-24
5.74830439217 3.35291306566e-24
5.74881308404 3.35845748811e-24
5.74932182094 3.3640024012e-24
5.74983060285 3.36954780499e-24
5.75033942979 3.37509369952e-24
5.75084830175 3.38064008483e-24
5.75135721875 3.38618696096e-24
5.75186618078 3.39173432795e-24
5.75237518786 3.39728218586e-24
5.75288423998 3.40283053472e-24
5.75339333714 3.40837937458e-24
5.75390247936 3.41392870548e-24
5.75441166664 3.41947852746e-24
5.75492089897 3.42502884057e-24
5.75543017637 3.43057964485e-24
5.75593949884 3.43613094034e-24
5.75644886638 3.44168272709e-24
5.75695827899 3.44723500515e-24
5.75746773669 3.45278777454e-24
5.75797723947 3.45834103533e-24
5.75848678734 3.46389478755e-24
5.7589963803 3.46944903124e-24
5.75950601835 3.47500376645e-24
5.76001570151 3.48055899322e-24
5.76052542977 3.4861147116e-24
5.76103520314 3.49167092163e-24
5.76154502162 3.49722762335e-24
5.76205488521 3.50278481681e-24
5.76256479393 3.50834250204e-24
5.76307474777 3.5139006791e-24
5.76358474674 3.51945934803e-24
5.76409479084 3.52501850886e-24
5.76460488007 3.53057816165e-24
5.76511501445 3.53613830644e-24
5.76562519397 3.54169894327e-24
5.76613541863 3.54726007218e-24
5.76664568845 3.55282169322e-24
5.76715600343 3.55838380644e-24
5.76766636357 3.56394641186e-24
5.76817676887 3.56950950955e-24
5.76868721933 3.57507309954e-24
5.76919771497 3.58063718187e-24
5.76970825579 3.58620175659e-24
5.77021884178 3.59176682375e-24
5.77072947296 3.59733238338e-24
5.77124014933 3.60289843553e-24
5.77175087089 3.60846498025e-24
5.77226163764 3.61403201757e-24
5.7727724496 3.61959954755e-24
5.77328330676 3.62516757021e-24
5.77379420912 3.63073608562e-24
5.7743051567 3.63630509381e-24
5.7748161495 3.64187459482e-24
5.77532718751 3.6474445887e-24
5.77583827075 3.6530150755e-24
5.77634939922 3.65858605525e-24
5.77686057291 3.664157528e-24
5.77737179185 3.66972949379e-24
5.77788305602 3.67530195267e-24
5.77839436544 3.68087490468e-24
5.77890572011 3.68644834986e-24
5.77941712002 3.69202228827e-24
5.7799285652 3.69759671993e-24
5.78044005563 3.7031716449e-24
5.78095159133 3.70874706322e-24
5.7814631723 3.71432297493e-24
5.78197479853 3.71989938008e-24
5.78248647005 3.7254762787e-24
5.78299818684 3.73105367085e-24
5.78350994892 3.73663155657e-24
5.78402175628 3.7422099359e-24
5.78453360894 3.74778880888e-24
5.7850455069 3.75336817556e-24
5.78555745015 3.75894803598e-24
5.78606943871 3.76452839019e-24
5.78658147257 3.77010923823e-24
5.78709355175 3.77569058014e-24
5.78760567625 3.78127241596e-24
5.78811784606 3.78685474575e-24
5.7886300612 3.79243756954e-24
5.78914232166 3.79802088738e-24
5.78965462746 3.80360469931e-24
5.7901669786 3.80918900538e-24
5.79067937507 3.81477380562e-24
5.79119181689 3.82035910009e-24
5.79170430406 3.82594488882e-24
5.79221683658 3.83153117187e-24
5.79272941445 3.83711794926e-24
5.79324203769 3.84270522106e-24
5.79375470629 3.8482929873e-24
5.79426742025 3.85388124802e-24
5.79478017959 3.85947000327e-24
5.79529298431 3.86505925309e-24
5.79580583441 3.87064899753e-24
5.79631872989 3.87623923663e-24
5.79683167076 3.88182997044e-24
5.79734465702 3.88742119899e-24
5.79785768868 3.89301292233e-24
5.79837076573 3.89860514051e-24
5.7988838882 3.90419785357e-24
5.79939705607 3.90979106155e-24
5.79991026935 3.9153847645e-24
5.80042352805 3.92097896246e-24
5.80093683217 3.92657365547e-24
5.80145018172 3.93216884358e-24
5.80196357669 3.93776452684e-24
5.80247701709 3.94336070528e-24
5.80299050294 3.94895737894e-24
5.80350403422 3.95455454789e-24
5.80401761095 3.96015221215e-24
5.80453123312 3.96575037177e-24
5.80504490075 3.97134902679e-24
5.80555861384 3.97694817726e-24
5.80607237238 3.98254782323e-24
5.80658617639 3.98814796473e-24
5.80710002587 3.99374860182e-24
5.80761392082 3.99934973452e-24
5.80812786125 4.0049513629e-24
5.80864184716 4.01055348699e-24
5.80915587856 4.01615610683e-24
5.80966995544 4.02175922247e-24
5.81018407781 4.02736283396e-24
5.81069824569 4.03296694133e-24
5.81121245906 4.03857154464e-24
5.81172671794 4.04417664392e-24
5.81224102233 4.04978223922e-24
5.81275537223 4.05538833058e-24
5.81326976764 4.06099491805e-24
5.81378420858 4.06660200167e-24
5.81429869505 4.07220958148e-24
5.81481322704 4.07781765754e-24
5.81532780456 4.08342622987e-24
5.81584242763 4.08903529853e-24
5.81635709623 4.09464486356e-24
5.81687181038 4.10025492501e-24
5.81738657008 4.10586548291e-24
5.81790137533 4.11147653732e-24
5.81841622614 4.11708808827e-24
5.81893112251 4.12270013582e-24
5.81944606445 4.12831267999e-24
5.81996105195 4.13392572085e-24
5.82047608503 4.13953925842e-24
5.82099116369 4.14515329277e-24
5.82150628792 4.15076782392e-24
5.82202145775 4.15638285192e-24
5.82253667316 4.16199837683e-24
5.82305193417 4.16761439867e-24
5.82356724077 4.1732309175e-24
5.82408259298 4.17884793336e-24
5.82459799079 4.1844654463e-24
5.82511343421 4.19008345635e-24
5.82562892324 4.19570196356e-24
5.8261444579 4.20132096798e-24
5.82666003817 4.20694046965e-24
5.82717566407 4.21256046861e-24
5.8276913356 4.21818096491e-24
5.82820705277 4.22380195859e-24
5.82872281557 4.22942344969e-24
5.82923862401 4.23504543827e-24
5.8297544781 4.24066792436e-24
5.83027037784 4.24629090801e-24
5.83078632324 4.25191438925e-24
5.83130231429 4.25753836815e-24
5.83181835101 4.26316284473e-24
5.83233443339 4.26878781905e-24
5.83285056144 4.27441329115e-24
5.83336673517 4.28003926107e-24
5.83388295457 4.28566572885e-24
5.83439921966 4.29129269455e-24
5.83491553043 4.29692015819e-24
5.8354318869 4.30254811984e-24
5.83594828905 4.30817657953e-24
5.83646473691 4.3138055373e-24
5.83698123047 4.31943499321e-24
5.83749776974 4.32506494729e-24
5.83801435472 4.33069539959e-24
5.83853098541 4.33632635015e-24
5.83904766182 4.34195779902e-24
5.83956438395 4.34758974623e-24
5.84008115181 4.35322219185e-24
5.8405979654 4.3588551359e-24
5.84111482473 4.36448857844e-24
5.8416317298 4.3701225195e-24
5.84214868061 4.37575695913e-24
5.84266567716 4.38139189738e-24
5.84318271947 4.38702733429e-24
5.84369980753 4.39266326991e-24
5.84421694135 4.39829970427e-24
5.84473412094 4.40393663742e-24
5.84525134629 4.40957406941e-24
5.84576861742 4.41521200028e-24
5.84628593432 4.42085043007e-24
5.846803297 4.42648935884e-24
5.84732070546 4.43212878661e-24
5.84783815971 4.43776871344e-24
5.84835565975 4.44340913938e-24
5.84887320559 4.44905006446e-24
5.84939079723 4.45469148872e-24
5.84990843467 4.46033341223e-24
5.85042611792 4.46597583501e-24
5.85094384698 4.47161875711e-24
5.85146162186 4.47726217857e-24
5.85197944256 4.48290609945e-24
5.85249730908 4.48855051979e-24
5.85301522143 4.49419543962e-24
5.85353317961 4.49984085899e-24
5.85405118363 4.50548677795e-24
5.85456923349 4.51113319654e-24
5.85508732919 4.51678011481e-24
5.85560547075 4.5224275328e-24
5.85612365815 4.52807545055e-24
5.85664189141 4.53372386811e-24
5.85716017054 4.53937278553e-24
5.85767849552 4.54502220284e-24
5.85819686638 4.55067212009e-24
5.85871528311 4.55632253732e-24
5.85923374571 4.56197345459e-24
5.8597522542 4.56762487193e-24
5.86027080857 4.57327678938e-24
5.86078940883 4.578929207e-24
5.86130805498 4.58458212483e-24
5.86182674703 4.5902355429e-24
5.86234548498 4.59588946127e-24
5.86286426884 4.60154387998e-24
5.86338309861 4.60719879908e-24
5.86390197429 4.6128542186e-24
5.86442089589 4.61851013859e-24
5.86493986341 4.6241665591e-24
5.86545887685 4.62982348017e-24
5.86597793622 4.63548090185e-24
5.86649704153 4.64113882417e-24
5.86701619278 4.64679724719e-24
5.86753538997 4.65245617095e-24
5.8680546331 4.65811559549e-24
5.86857392218 4.66377552085e-24
5.86909325722 4.66943594709e-24
5.86961263822 4.67509687424e-24
5.87013206518 4.68075830235e-24
5.8706515381 4.68642023146e-24
5.871171057 4.69208266163e-24
5.87169062187 4.69774559288e-24
5.87221023272 4.70340902527e-24
5.87272988955 4.70907295885e-24
5.87324959236 4.71473739365e-24
5.87376934117 4.72040232971e-24
5.87428913597 4.7260677671e-24
5.87480897678 4.73173370584e-24
5.87532886358 4.73740014598e-24
5.87584879639 4.74306708758e-24
5.87636877521 4.74873453066e-24
5.87688880005 4.75440247528e-24
5.87740887091 4.76007092148e-24
5.87792898779 4.7657398693e-24
5.8784491507 4.7714093188e-24
5.87896935964 4.77707927001e-24
5.87948961461 4.78274972297e-24
5.88000991562 4.78842067774e-24
5.88053026268 4.79409213436e-24
5.88105065579 4.79976409286e-24
5.88157109495 4.80543655331e-24
5.88209158016 4.81110951573e-24
5.88261211143 4.81678298018e-24
5.88313268877 4.82245694669e-24
5.88365331217 4.82813141532e-24
5.88417398165 4.83380638611e-24
5.8846946972 4.8394818591e-24
5.88521545884 4.84515783433e-24
5.88573626656 4.85083431186e-24
5.88625712036 4.85651129173e-24
5.88677802026 4.86218877397e-24
5.88729896626 4.86786675864e-24
5.88781995836 4.87354524577e-24
5.88834099656 4.87922423542e-24
5.88886208087 4.88490372763e-24
5.88938321129 4.89058372244e-24
5.88990438783 4.8962642199e-24
5.89042561049 4.90194522005e-24
5.89094687928 4.90762672293e-24
5.8914681942 4.9133087286e-24
5.89198955525 4.91899123709e-24
5.89251096243 4.92467424845e-24
5.89303241576 4.93035776272e-24
5.89355391524 4.93604177995e-24
5.89407546086 4.94172630018e-24
5.89459705264 4.94741132346e-24
5.89511869057 4.95309684984e-24
5.89564037467 4.95878287935e-24
5.89616210493 4.96446941204e-24
5.89668388137 4.97015644795e-24
5.89720570398 4.97584398714e-24
5.89772757276 4.98153202964e-24
5.89824948773 4.9872205755e-24
5.89877144888 4.99290962476e-24
5.89929345623 4.99859917747e-24
5.89981550977 5.00428923368e-24
5.90033760951 5.00997979342e-24
5.90085975545 5.01567085674e-24
5.9013819476 5.02136242369e-24
5.90190418596 5.02705449431e-24
5.90242647053 5.03274706865e-24
5.90294880133 5.03844014674e-24
5.90347117835 5.04413372864e-24
5.90399360159 5.04982781439e-24
5.90451607107 5.05552240404e-24
5.90503858678 5.06121749762e-24
5.90556114873 5.06691309518e-24
5.90608375692 5.07260919678e-24
5.90660641137 5.07830580244e-24
5.90712911206 5.08400291222e-24
5.90765185901 5.08970052616e-24
5.90817465222 5.09539864431e-24
5.9086974917 5.10109726671e-24
5.90922037744 5.10679639341e-24
5.90974330946 5.11249602444e-24
5.91026628775 5.11819615986e-24
5.91078931232 5.12389679971e-24
5.91131238318 5.12959794404e-24
5.91183550032 5.13529959288e-24
5.91235866376 5.14100174628e-24
5.9128818735 5.14670440429e-24
5.91340512954 5.15240756696e-24
5.91392843188 5.15811123432e-24
5.91445178053 5.16381540642e-24
5.91497517549 5.16952008331e-24
5.91549861678 5.17522526503e-24
5.91602210438 5.18093095163e-24
5.91654563831 5.18663714315e-24
5.91706921857 5.19234383963e-24
5.91759284516 5.19805104112e-24
5.91811651809 5.20375874767e-24
5.91864023736 5.20946695931e-24
5.91916400298 5.2151756761e-24
5.91968781495 5.22088489808e-24
5.92021167328 5.22659462529e-24
5.92073557796 5.23230485778e-24
5.921259529 5.2380155956e-24
5.92178352641 5.24372683878e-24
5.9223075702 5.24943858737e-24
5.92283166035 5.25515084142e-24
5.92335579689 5.26086360097e-24
5.92387997981 5.26657686606e-24
5.92440420911 5.27229063675e-24
5.92492848481 5.27800491308e-24
5.9254528069 5.28371969508e-24
5.9259771754 5.28943498281e-24
5.92650159029 5.29515077631e-24
5.9270260516 5.30086707562e-24
5.92755055931 5.3065838808e-24
5.92807511344 5.31230119188e-24
5.92859971399 5.3180190089e-24
5.92912436097 5.32373733193e-24
5.92964905437 5.32945616099e-24
5.93017379421 5.33517549613e-24
5.93069858048 5.3408953374e-24
5.93122341319 5.34661568485e-24
5.93174829235 5.35233653851e-24
5.93227321796 5.35805789844e-24
5.93279819002 5.36377976467e-24
5.93332320853 5.36950213726e-24
5.93384827351 5.37522501624e-24
5.93437338495 5.38094840166e-24
5.93489854287 5.38667229357e-24
5.93542374725 5.39239669202e-24
5.93594899812 5.39812159703e-24
5.93647429546 5.40384700867e-24
5.93699963929 5.40957292698e-24
5.93752502961 5.415299352e-24
5.93805046643 5.42102628377e-24
5.93857594974 5.42675372234e-24
5.93910147955 5.43248166776e-24
5.93962705587 5.43821012007e-24
5.94015267871 5.44393907931e-24
5.94067834805 5.44966854554e-24
5.94120406392 5.45539851879e-24
5.94172982631 5.4611289991e-24
5.94225563522 5.46685998654e-24
5.94278149067 5.47259148113e-24
5.94330739265 5.47832348293e-24
5.94383334117 5.48405599197e-24
5.94435933623 5.48978900831e-24
5.94488537784 5.49552253199e-24
5.94541146601 5.50125656305e-24
5.94593760073 5.50699110154e-24
5.946463782 5.51272614751e-24
5.94699000985 5.51846170099e-24
5.94751628426 5.52419776204e-24
5.94804260524 5.52993433069e-24
5.9485689728 5.535671407e-24
5.94909538694 5.54140899101e-24
5.94962184766 5.54714708276e-24
5.95014835498 5.5528856823e-24
5.95067490888 5.55862478967e-24
5.95120150939 5.56436440492e-24
5.95172815649 5.57010452809e-24
5.9522548502 5.57584515923e-24
5.95278159052 5.58158629839e-24
5.95330837745 5.5873279456e-24
5.953835211 5.59307010091e-24
5.95436209117 5.59881276437e-24
5.95488901797 5.60455593603e-24
5.9554159914 5.61029961592e-24
5.95594301146 5.61604380409e-24
5.95647007816 5.62178850059e-24
5.9569971915 5.62753370547e-24
5.95752435149 5.63327941876e-24
5.95805155813 5.63902564052e-24
5.95857881143 5.64477237078e-24
5.95910611138 5.65051960959e-24
5.959633458 5.656267357e-24
5.96016085128 5.66201561306e-24
5.96068829123 5.6677643778e-24
5.96121577786 5.67351365128e-24
5.96174331117 5.67926343353e-24
5.96227089117 5.68501372461e-24
5.96279851785 5.69076452455e-24
5.96332619122 5.69651583341e-24
5.96385391129 5.70226765122e-24
5.96438167806 5.70801997804e-24
5.96490949153 5.7137728139e-24
5.96543735171 5.71952615886e-24
5.96596525861 5.72528001295e-24
5.96649321222 5.73103437623e-24
5.96702121255 5.73678924874e-24
5.96754925961 5.74254463052e-24
5.96807735339 5.74830052161e-24
5.96860549391 5.75405692207e-24
5.96913368117 5.75981383194e-24
5.96966191517 5.76557125127e-24
5.97019019591 5.77132918009e-24
5.97071852341 5.77708761845e-24
5.97124689765 5.7828465664e-24
5.97177531866 5.78860602399e-24
5.97230378643 5.79436599126e-24
5.97283230096 5.80012646825e-24
5.97336086227 5.80588745501e-24
5.97388947035 5.81164895158e-24
5.97441812521 5.81741095801e-24
5.97494682685 5.82317347435e-24
5.97547557528 5.82893650064e-24
5.9760043705 5.83470003692e-24
5.97653321251 5.84046408324e-24
5.97706210132 5.84622863964e-24
5.97759103694 5.85199370618e-24
5.97812001937 5.85775928289e-24
5.97864904861 5.86352536982e-24
5.97917812466 5.86929196702e-24
5.97970724753 5.87505907453e-24
5.98023641723 5.88082669239e-24
5.98076563376 5.88659482065e-24
5.98129489712 5.89236345937e-24
5.98182420731 5.89813260857e-24
5.98235356435 5.90390226831e-24
5.98288296823 5.90967243863e-24
5.98341241896 5.91544311957e-24
5.98394191655 5.92121431119e-24
5.98447146099 5.92698601353e-24
5.98500105229 5.93275822663e-24
5.98553069046 5.93853095054e-24
5.9860603755 5.9443041853e-24
5.98659010742 5.95007793095e-24
5.98711988621 5.95585218755e-24
5.98764971188 5.96162695514e-24
5.98817958444 5.96740223377e-24
5.98870950389 5.97317802347e-24
5.98923947024 5.97895432429e-24
5.98976948348 5.98473113629e-24
5.99029954363 5.9905084595e-24
5.99082965069 5.99628629397e-24
5.99135980466 6.00206463975e-24
5.99189000554 6.00784349687e-24
5.99242025334 6.01362286539e-24
5.99295054807 6.01940274536e-24
5.99348088972 6.0251831368e-24
5.99401127831 6.03096403978e-24
5.99454171383 6.03674545434e-24
5.99507219629 6.04252738052e-24
5.9956027257 6.04830981836e-24
5.99613330206 6.05409276792e-24
5.99666392537 6.05987622924e-24
5.99719459563 6.06566020236e-24
5.99772531286 6.07144468732e-24
5.99825607705 6.07722968418e-24
5.99878688822 6.08301519298e-24
5.99931774635 6.08880121377e-24
5.99984865147 6.09458774658e-24
6.00037960357 6.10037479147e-24
6.00091060265 6.10616234848e-24
6.00144164872 6.11195041765e-24
6.00197274179 6.11773899904e-24
6.00250388186 6.12352809268e-24
6.00303506892 6.12931769862e-24
6.003566303 6.13510781691e-24
6.00409758409 6.14089844759e-24
6.00462891219 6.14668959071e-24
6.00516028731 6.15248124631e-24
6.00569170946 6.15827341444e-24
6.00622317863 6.16406609515e-24
6.00675469484 6.16985928847e-24
6.00728625808 6.17565299446e-24
6.00781786836 6.18144721315e-24
6.00834952569 6.18724194461e-24
6.00888123006 6.19303718886e-24
6.00941298149 6.19883294595e-24
6.00994477998 6.20462921594e-24
6.01047662552 6.21042599887e-24
6.01100851813 6.21622329478e-24
6.01154045781 6.22202110371e-24
6.01207244457 6.22781942572e-24
6.0126044784 6.23361826085e-24
6.01313655931 6.23941760913e-24
6.01366868731 6.24521747063e-24
6.0142008624 6.25101784539e-24
6.01473308459 6.25681873344e-24
6.01526535387 6.26262013484e-24
6.01579767026 6.26842204962e-24
6.01633003375 6.27422447785e-24
6.01686244435 6.28002741955e-24
6.01739490207 6.28583087479e-24
6.01792740691 6.29163484359e-24
6.01845995888 6.29743932602e-24
6.01899255797 6.3032443221e-24
6.01952520419 6.3090498319e-24
6.02005789755 6.31485585545e-24
6.02059063805 6.3206623928e-24
6.02112342569 6.32646944399e-24
6.02165626048 6.33227700908e-24
6.02218914242 6.3380850881e-24
6.02272207153 6.3438936811e-24
6.02325504779 6.34970278813e-24
6.02378807122 6.35551240923e-24
6.02432114181 6.36132254445e-24
6.02485425959 6.36713319384e-24
6.02538742453 6.37294435743e-24
6.02592063667 6.37875603528e-24
6.02645389598 6.38456822742e-24
6.02698720249 6.39038093392e-24
6.02752055619 6.3961941548e-24
6.02805395709 6.40200789012e-24
6.0285874052 6.40782213992e-24
6.02912090051 6.41363690426e-24
6.02965444303 6.41945218316e-24
6.03018803277 6.42526797668e-24
6.03072166973 6.43108428487e-24
6.03125535391 6.43690110776e-24
6.03178908532 6.44271844542e-24
6.03232286396 6.44853629787e-24
6.03285668984 6.45435466517e-24
6.03339056295 6.46017354736e-24
6.03392448332 6.46599294449e-24
6.03445845093 6.4718128566e-24
6.03499246579 6.47763328374e-24
6.03552652791 6.48345422596e-24
6.0360606373 6.48927568329e-24
6.03659479395 6.49509765579e-24
6.03712899787 6.50092014351e-24
6.03766324906 6.50674314647e-24
6.03819754753 6.51256666475e-24
6.03873189328 6.51839069836e-24
6.03926628632 6.52421524738e-24
6.03980072665 6.53004031183e-24
6.04033521428 6.53586589176e-24
6.0408697492 6.54169198723e-24
6.04140433143 6.54751859827e-24
6.04193896097 6.55334572494e-24
6.04247363781 6.55917336727e-24
6.04300836198 6.56500152531e-24
6.04354313346 6.57083019911e-24
6.04407795227 6.57665938872e-24
6.0446128184 6.58248909417e-24
6.04514773187 6.58831931553e-24
6.04568269267 6.59415005282e-24
6.04621770082 6.5999813061e-24
6.04675275631 6.60581307541e-24
6.04728785915 6.6116453608e-24
6.04782300934 6.61747816231e-24
6.0483582069 6.62331148e-24
6.04889345181 6.62914531389e-24
6.04942874409 6.63497966405e-24
6.04996408374 6.64081453052e-24
6.05049947076 6.64664991333e-24
6.05103490516 6.65248581255e-24
6.05157038695 6.65832222821e-24
6.05210591612 6.66415916035e-24
6.05264149269 6.66999660904e-24
6.05317711665 6.6758345743e-24
6.05371278801 6.68167305619e-24
6.05424850677 6.68751205475e-24
6.05478427294 6.69335157003e-24
6.05532008652 6.69919160207e-24
6.05585594752 6.70503215093e-24
6.05639185594 6.71087321663e-24
6.05692781179 6.71671479924e-24
6.05746381506 6.7225568988e-24
6.05799986577 6.72839951534e-24
6.05853596391 6.73424264893e-24
6.0590721095 6.7400862996e-24
6.05960830253 6.74593046739e-24
6.06014454301 6.75177515237e-24
6.06068083095 6.75762035456e-24
6.06121716634 6.76346607402e-24
6.0617535492 6.76931231079e-24
6.06228997952 6.77515906493e-24
6.06282645732 6.78100633646e-24
6.06336298259 6.78685412545e-24
6.06389955534 6.79270243193e-24
6.06443617557 6.79855125595e-24
6.06497284329 6.80440059756e-24
6.06550955851 6.8102504568e-24
6.06604632122 6.81610083373e-24
6.06658313143 6.82195172837e-24
6.06711998914 6.82780314079e-24
6.06765689436 6.83365507102e-24
6.0681938471 6.83950751912e-24
6.06873084735 6.84536048512e-24
6.06926789513 6.85121396908e-24
6.06980499043 6.85706797104e-24
6.07034213326 6.86292249104e-24
6.07087932362 6.86877752913e-24
6.07141656152 6.87463308537e-24
6.07195384697 6.88048915978e-24
6.07249117996 6.88634575242e-24
6.0730285605 6.89220286334e-24
6.0735659886 6.89806049258e-24
6.07410346426 6.90391864019e-24
6.07464098748 6.9097773062e-24
6.07517855827 6.91563649068e-24
6.07571617663 6.92149619366e-24
6.07625384256 6.92735641519e-24
6.07679155608 6.93321715531e-24
6.07732931718 6.93907841408e-24
6.07786712587 6.94494019154e-24
6.07840498215 6.95080248773e-24
6.07894288603 6.95666530269e-24
6.07948083751 6.96252863649e-24
6.0800188366 6.96839248915e-24
6.0805568833 6.97425686074e-24
6.08109497761 6.98012175128e-24
6.08163311954 6.98598716084e-24
6.08217130909 6.99185308945e-24
6.08270954627 6.99771953716e-24
6.08324783108 7.00358650401e-24
6.08378616352 7.00945399006e-24
6.08432454361 7.01532199535e-24
6.08486297133 7.02119051993e-24
6.08540144671 7.02705956383e-24
6.08593996973 7.03292912711e-24
6.08647854042 7.03879920982e-24
6.08701715876 7.04466981199e-24
6.08755582477 7.05054093367e-24
6.08809453845 7.05641257492e-24
6.0886332998 7.06228473578e-24
6.08917210882 7.06815741628e-24
6.08971096553 7.07403061649e-24
6.09024986993 7.07990433643e-24
6.09078882201 7.08577857617e-24
6.09132782179 7.09165333575e-24
6.09186686927 7.09752861521e-24
6.09240596445 7.1034044146e-24
6.09294510733 7.10928073396e-24
6.09348429793 7.11515757334e-24
6.09402353624 7.12103493279e-24
6.09456282228 7.12691281235e-24
6.09510215603 7.13279121207e-24
6.09564153752 7.13867013199e-24
6.09618096673 7.14454957216e-24
6.09672044368 7.15042953264e-24
6.09725996838 7.15631001345e-24
6.09779954082 7.16219101465e-24
6.098339161 7.16807253629e-24
6.09887882894 7.17395457841e-24
6.09941854464 7.17983714105e-24
6.0999583081 7.18572022427e-24
6.10049811932 7.19160382811e-24
6.10103797832 7.19748795261e-24
6.10157788509 7.20337259782e-24
6.10211783964 7.20925776379e-24
6.10265784197 7.21514345057e-24
6.10319789209 7.22102965819e-24
6.10373799 7.22691638671e-24
6.1042781357 7.23280363617e-24
6.10481832921 7.23869140662e-24
6.10535857052 7.2445796981e-24
6.10589885964 7.25046851066e-24
6.10643919657 7.25635784435e-24
6.10697958131 7.26224769921e-24
6.10752001388 7.26813807529e-24
6.10806049427 7.27402897263e-24
6.1086010225 7.27992039128e-24
6.10914159855 7.28581233129e-24
6.10968222245 7.2917047927e-24
6.11022289418 7.29759777557e-24
6.11076361376 7.30349127992e-24
6.1113043812 7.30938530582e-24
6.11184519648 7.31527985331e-24
6.11238605963 7.32117492242e-24
6.11292697064 7.32707051322e-24
6.11346792952 7.33296662575e-24
6.11400893627 7.33886326004e-24
6.11454999089 7.34476041616e-24
6.1150910934 7.35065809414e-24
6.11563224379 7.35655629403e-24
6.11617344207 7.36245501587e-24
6.11671468824 7.36835425972e-24
6.11725598231 7.37425402562e-24
6.11779732428 7.38015431362e-24
6.11833871415 7.38605512375e-24
6.11888015194 7.39195645607e-24
6.11942163764 7.39785831063e-24
6.11996317126 7.40376068747e-24
6.1205047528 7.40966358663e-24
6.12104638226 7.41556700817e-24
6.12158805966 7.42147095212e-24
6.122129785 7.42737541855e-24
6.12267155827 7.43328040748e-24
6.12321337949 7.43918591897e-24
6.12375524865 7.44509195306e-24
6.12429716577 7.4509985098e-24
6.12483913085 7.45690558924e-24
6.12538114388 7.46281319142e-24
6.12592320488 7.46872131639e-24
6.12646531385 7.4746299642e-24
6.12700747079 7.48053913489e-24
6.12754967571 7.4864488285e-24
6.12809192862 7.49235904509e-24
6.12863422951 7.4982697847e-24
6.12917657839 7.50418104738e-24
6.12971897526 7.51009283316e-24
6.13026142013 7.51600514211e-24
6.13080391301 7.52191797426e-24
6.13134645389 7.52783132967e-24
6.13188904279 7.53374520837e-24
6.1324316797 7.53965961042e-24
6.13297436463 7.54557453585e-24
6.13351709759 7.55148998473e-24
6.13405987858 7.55740595708e-24
6.13460270759 7.56332245297e-24
6.13514558465 7.56923947243e-24
6.13568850975 7.57515701552e-24
6.13623148289 7.58107508227e-24
6.13677450408 7.58699367274e-24
6.13731757333 7.59291278697e-24
6.13786069063 7.598832425e-24
6.138403856 7.60475258689e-24
6.13894706944 7.61067327268e-24
6.13949033094 7.61659448242e-24
6.14003364053 7.62251621615e-24
6.14057699819 7.62843847392e-24
6.14112040393 7.63436125578e-24
6.14166385777 7.64028456177e-24
6.14220735969 7.64620839193e-24
6.14275090972 7.65213274632e-24
6.14329450784 7.65805762499e-24
6.14383815407 7.66398302797e-24
6.14438184841 7.66990895531e-24
6.14492559087 7.67583540706e-24
6.14546938144 7.68176238328e-24
6.14601322013 7.68768988399e-24
6.14655710695 7.69361790926e-24
6.1471010419 7.69954645912e-24
6.14764502499 7.70547553362e-24
6.14818905621 7.71140513281e-24
6.14873313558 7.71733525674e-24
6.1492772631 7.72326590545e-24
6.14982143877 7.72919707899e-24
6.15036566259 7.7351287774e-24
6.15090993458 7.74106100073e-24
6.15145425473 7.74699374903e-24
6.15199862305 7.75292702235e-24
6.15254303955 7.75886082073e-24
6.15308750422 7.76479514421e-24
6.15363201707 7.77072999285e-24
6.15417657811 7.77666536668e-24
6.15472118734 7.78260126577e-24
6.15526584477 7.78853769014e-24
6.15581055039 7.79447463986e-24
6.15635530422 7.80041211496e-24
6.15690010625 7.80635011549e-24
6.1574449565 7.81228864151e-24
6.15798985496 7.81822769304e-24
6.15853480165 7.82416727015e-24
6.15907979656 7.83010737288e-24
6.15962483969 7.83604800127e-24
6.16016993106 7.84198915538e-24
6.16071507067 7.84793083524e-24
6.16126025852 7.85387304091e-24
6.16180549462 7.85981577243e-24
6.16235077896 7.86575902984e-24
6.16289611156 7.8717028132e-24
6.16344149242 7.87764712255e-24
6.16398692154 7.88359195794e-24
6.16453239893 7.88953731941e-24
6.16507792459 7.89548320701e-24
6.16562349853 7.90142962079e-24
6.16616912075 7.90737656079e-24
6.16671479125 7.91332402707e-24
6.16726051004 7.91927201966e-24
6.16780627712 7.92522053861e-24
6.1683520925 7.93116958397e-24
6.16889795619 7.93711915579e-24
6.16944386817 7.94306925411e-24
6.16998982847 7.94901987898e-24
6.17053583708 7.95497103044e-24
6.17108189401 7.96092270855e-24
6.17162799927 7.96687491335e-24
6.17217415285 7.97282764488e-24
6.17272035476 7.9787809032e-24
6.17326660501 7.98473468835e-24
6.1738129036 7.99068900037e-24
6.17435925053 7.99664383931e-24
6.17490564581 8.00259920522e-24
6.17545208944 8.00855509815e-24
6.17599858143 8.01451151814e-24
6.17654512179 8.02046846524e-24
6.1770917105 8.0264259395e-24
6.17763834759 8.03238394095e-24
6.17818503305 8.03834246966e-24
6.1787317669 8.04430152566e-24
6.17927854912 8.05026110901e-24
6.17982537973 8.05622121974e-24
6.18037225873 8.06218185791e-24
6.18091918613 8.06814302356e-24
6.18146616193 8.07410471674e-24
6.18201318613 8.08006693749e-24
6.18256025874 8.08602968587e-24
6.18310737976 8.09199296191e-24
6.1836545492 8.09795676568e-24
6.18420176706 8.1039210972e-24
6.18474903335 8.10988595653e-24
6.18529634807 8.11585134372e-24
6.18584371122 8.12181725881e-24
6.18639112281 8.12778370185e-24
6.18693858284 8.13375067289e-24
6.18748609132 8.13971817197e-24
6.18803364825 8.14568619914e-24
6.18858125364 8.15165475444e-24
6.18912890748 8.15762383793e-24
6.18967660979 8.16359344964e-24
6.19022436057 8.16956358964e-24
6.19077215982 8.17553425795e-24
6.19132000755 8.18150545464e-24
6.19186790376 8.18747717974e-24
6.19241584846 8.19344943331e-24
6.19296384165 8.19942221538e-24
6.19351188333 8.20539552602e-24
6.1940599735 8.21136936525e-24
6.19460811219 8.21734373314e-24
6.19515629937 8.22331862972e-24
6.19570453507 8.22929405505e-24
6.19625281929 8.23527000917e-24
6.19680115203 8.24124649212e-24
6.19734953329 8.24722350397e-24
6.19789796307 8.25320104474e-24
6.1984464414 8.25917911449e-24
6.19899496825 8.26515771326e-24
6.19954354366 8.27113684111e-24
6.2000921676 8.27711649807e-24
6.2006408401 8.2830966842e-24
6.20118956115 8.28907739954e-24
6.20173833076 8.29505864414e-24
6.20228714893 8.30104041805e-24
6.20283601567 8.30702272131e-24
6.20338493098 8.31300555397e-24
6.20393389487 8.31898891607e-24
6.20448290733 8.32497280767e-24
6.20503196838 8.33095722881e-24
6.20558107802 8.33694217953e-24
6.20613023626 8.34292765989e-24
6.20667944309 8.34891366993e-24
6.20722869852 8.3549002097e-24
6.20777800256 8.36088727924e-24
6.20832735521 8.3668748786e-24
6.20887675647 8.37286300783e-24
6.20942620635 8.37885166698e-24
6.20997570485 8.38484085608e-24
6.21052525199 8.3908305752e-24
6.21107484775 8.39682082437e-24
6.21162449215 8.40281160365e-24
6.21217418519 8.40880291307e-24
6.21272392688 8.41479475269e-24
6.21327371721 8.42078712255e-24
6.2138235562 8.42678002271e-24
6.21437344384 8.4327734532e-24
6.21492338015 8.43876741407e-24
6.21547336512 8.44476190538e-24
6.21602339877 8.45075692716e-24
6.21657348108 8.45675247947e-24
6.21712361208 8.46274856235e-24
6.21767379176 8.46874517585e-24
6.21822402013 8.47474232002e-24
6.21877429719 8.4807399949e-24
6.21932462295 8.48673820053e-24
6.21987499741 8.49273693698e-24
6.22042542057 8.49873620428e-24
6.22097589244 8.50473600248e-24
6.22152641303 8.51073633162e-24
6.22207698233 8.51673719176e-24
6.22262760036 8.52273858295e-24
6.22317826711 8.52874050522e-24
6.22372898259 8.53474295863e-24
6.22427974681 8.54074594322e-24
6.22483055977 8.54674945904e-24
6.22538142147 8.55275350613e-24
6.22593233192 8.55875808455e-24
6.22648329112 8.56476319434e-24
6.22703429908 8.57076883555e-24
6.2275853558 8.57677500822e-24
6.22813646128 8.58278171241e-24
6.22868761554 8.58878894815e-24
6.22923881857 8.5947967155e-24
6.22979007037 8.6008050145e-24
6.23034137096 8.6068138452e-24
6.23089272034 8.61282320765e-24
6.23144411851 8.61883310189e-24
6.23199556547 8.62484352798e-24
6.23254706123 8.63085448595e-24
6.2330986058 8.63686597586e-24
6.23365019918 8.64287799775e-24
6.23420184137 8.64889055167e-24
6.23475353237 8.65490363766e-24
6.2353052722 8.66091725578e-24
6.23585706085 8.66693140607e-24
6.23640889834 8.67294608858e-24
6.23696078466 8.67896130335e-24
6.23751271981 8.68497705043e-24
6.23806470381 8.69099332987e-24
6.23861673666 8.69701014172e-24
6.23916881836 8.70302748603e-24
6.23972094891 8.70904536283e-24
6.24027312833 8.71506377218e-24
6.24082535661 8.72108271412e-24
6.24137763376 8.72710218871e-24
6.24192995978 8.73312219598e-24
6.24248233468 8.739142736e-24
6.24303475846 8.74516380879e-24
6.24358723113 8.75118541441e-24
6.24413975269 8.75720755292e-24
6.24469232314 8.76323022434e-24
6.2452449425 8.76925342874e-24
6.24579761075 8.77527716616e-24
6.24635032792 8.78130143664e-24
6.24690309399 8.78732624024e-24
6.24745590899 8.793351577e-24
6.2480087729 8.79937744696e-24
6.24856168574 8.80540385018e-24
6.24911464751 8.8114307867e-24
6.24966765822 8.81745825658e-24
6.25022071786 8.82348625984e-24
6.25077382644 8.82951479655e-24
6.25132698397 8.83554386676e-24
6.25188019046 8.8415734705e-24
6.25243344589 8.84760360782e-24
6.25298675029 8.85363427878e-24
6.25354010365 8.85966548342e-24
6.25409350599 8.86569722178e-24
6.25464695729 8.87172949392e-24
6.25520045757 8.87776229988e-24
6.25575400683 8.88379563971e-24
6.25630760508 8.88982951345e-24
6.25686125232 8.89586392116e-24
6.25741494855 8.90189886288e-24
6.25796869379 8.90793433865e-24
6.25852248802 8.91397034853e-24
6.25907633127 8.92000689257e-24
6.25963022352 8.9260439708e-24
6.26018416479 8.93208158328e-24
6.26073815509 8.93811973005e-24
6.2612921944 8.94415841116e-24
6.26184628275 8.95019762667e-24
6.26240042013 8.95623737661e-24
6.26295460655 8.96227766103e-24
6.26350884201 8.96831847998e-24
6.26406312651 8.97435983351e-24
6.26461746007 8.98040172166e-24
6.26517184269 8.98644414449e-24
6.26572627436 8.99248710204e-24
6.2662807551 8.99853059435e-24
6.2668352849 9.00457462148e-24
6.26738986378 9.01061918347e-24
6.26794449173 9.01666428037e-24
6.26849916877 9.02270991222e-24
6.26905389489 9.02875607908e-24
6.2696086701 9.03480278099e-24
6.27016349441 9.040850018e-24
6.27071836782 9.04689779015e-24
6.27127329033 9.0529460975e-24
6.27182826194 9.05899494008e-24
6.27238328267 9.06504431796e-24
6.27293835251 9.07109423117e-24
6.27349347148 9.07714467976e-24
6.27404863957 9.08319566378e-24
6.27460385679 9.08924718328e-24
6.27515912314 9.09529923831e-24
6.27571443863 9.1013518289e-24
6.27626980326 9.10740495512e-24
6.27682521704 9.113458617e-24
6.27738067997 9.1195128146e-24
6.27793619205 9.12556754796e-24
6.2784917533 9.13162281713e-24
6.2790473637 9.13767862215e-24
6.27960302328 9.14373496308e-24
6.28015873203 9.14979183996e-24
6.28071448996 9.15584925284e-24
6.28127029707 9.16190720176e-24
6.28182615336 9.16796568678e-24
6.28238205884 9.17402470794e-24
6.28293801352 9.18008426529e-24
6.2834940174 9.18614435887e-24
6.28405007048 9.19220498874e-24
6.28460617277 9.19826615493e-24
6.28516232426 9.20432785751e-24
6.28571852498 9.21039009651e-24
6.28627477492 9.21645287199e-24
6.28683107408 9.22251618398e-24
6.28738742247 9.22858003255e-24
6.28794382009 9.23464441773e-24
6.28850026695 9.24070933957e-24
6.28905676306 9.24677479813e-24
6.28961330841 9.25284079344e-24
6.29016990301 9.25890732556e-24
6.29072654687 9.26497439453e-24
6.29128323999 9.2710420004e-24
6.29183998237 9.27711014322e-24
6.29239677402 9.28317882303e-24
6.29295361494 9.28924803989e-24
6.29351050514 9.29531779384e-24
6.29406744462 9.30138808493e-24
6.29462443339 9.30745891321e-24
6.29518147145 9.31353027871e-24
6.2957385588 9.3196021815e-24
6.29629569545 9.32567462162e-24
6.29685288141 9.33174759911e-24
6.29741011667 9.33782111403e-24
6.29796740124 9.34389516642e-24
6.29852473514 9.34996975632e-24
6.29908211835 9.35604488379e-24
6.29963955088 9.36212054888e-24
6.30019703275 9.36819675163e-24
6.30075456395 9.37427349208e-24
6.30131214449 9.3803507703e-24
6.30186977437 9.38642858632e-24
6.3024274536 9.39250694018e-24
6.30298518218 9.39858583195e-24
6.30354296012 9.40466526167e-24
6.30410078741 9.41074522938e-24
6.30465866408 9.41682573513e-24
6.3052165901 9.42290677897e-24
6.30577456551 9.42898836095e-24
6.30633259029 9.43507048112e-24
6.30689066445 9.44115313951e-24
6.307448788 9.44723633619e-24
6.30800696094 9.4533200712e-24
6.30856518327 9.45940434458e-24
6.30912345501 9.46548915638e-24
6.30968177615 9.47157450666e-24
6.31024014669 9.47766039545e-24
6.31079856665 9.48374682281e-24
6.31135703603 9.48983378878e-24
6.31191555482 9.49592129342e-24
6.31247412305 9.50200933676e-24
6.3130327407 9.50809791886e-24
6.31359140778 9.51418703977e-24
6.31415012431 9.52027669953e-24
6.31470889028 9.52636689818e-24
6.3152677057 9.53245763579e-24
6.31582657057 9.53854891239e-24
6.31638548489 9.54464072803e-24
6.31694444868 9.55073308277e-24
6.31750346193 9.55682597664e-24
6.31806252465 9.5629194097e-24
6.31862163684 9.56901338199e-24
6.31918079851 9.57510789356e-24
6.31974000967 9.58120294446e-24
6.32029927031 9.58729853474e-24
6.32085858044 9.59339466445e-24
6.32141794007 9.59949133362e-24
6.3219773492 9.60558854232e-24
6.32253680784 9.61168629059e-24
6.32309631598 9.61778457847e-24
6.32365587363 9.62388340601e-24
6.32421548081 9.62998277327e-24
6.3247751375 9.63608268028e-24
6.32533484372 9.6421831271e-24
6.32589459948 9.64828411378e-24
6.32645440476 9.65438564035e-24
6.32701425959 9.66048770688e-24
6.32757416396 9.6665903134e-24
6.32813411788 9.67269345998e-24
6.32869412135 9.67879714664e-24
6.32925417438 9.68490137344e-24
6.32981427697 9.69100614044e-24
6.33037442913 9.69711144767e-24
6.33093463086 9.70321729519e-24
6.33149488216 9.70932368303e-24
6.33205518304 9.71543061126e-24
6.3326155335 9.72153807992e-24
6.33317593356 9.72764608905e-24
6.3337363832 9.73375463871e-24
6.33429688244 9.73986372893e-24
6.33485743128 9.74597335978e-24
6.33541802973 9.75208353129e-24
6.33597867778 9.75819424352e-24
6.33653937546 9.76430549651e-24
6.33710012274 9.77041729032e-24
6.33766091966 9.77652962498e-24
6.3382217662 9.78264250054e-24
6.33878266237 9.78875591707e-24
6.33934360817 9.79486987459e-24
6.33990460362 9.80098437316e-24
6.34046564871 9.80709941284e-24
6.34102674346 9.81321499365e-24
6.34158788785 9.81933111566e-24
6.3421490819 9.82544777892e-24
6.34271032562 9.83156498346e-24
6.343271619 9.83768272934e-24
6.34383296206 9.84380101661e-24
6.34439435479 9.8499198453e-24
6.3449557972 9.85603921548e-24
6.34551728929 9.86215912719e-24
6.34607883107 9.86827958048e-24
6.34664042255 9.87440057539e-24
6.34720206372 9.88052211197e-24
6.3477637546 9.88664419028e-24
6.34832549518 9.89276681035e-24
6.34888728547 9.89888997224e-24
6.34944912548 9.905013676e-24
6.35001101521 9.91113792166e-24
6.35057295466 9.91726270929e-24
6.35113494384 9.92338803893e-24
6.35169698275 9.92951391062e-24
6.3522590714 9.93564032441e-24
6.3528212098 9.94176728036e-24
6.35338339793 9.94789477851e-24
6.35394563582 9.95402281891e-24
6.35450792347 9.96015140161e-24
6.35507026087 9.96628052664e-24
6.35563264803 9.97241019407e-24
6.35619508497 9.97854040395e-24
6.35675757167 9.98467115631e-24
6.35732010816 9.9908024512e-24
6.35788269442 9.99694446381e-24
