#xsec (eV,cm2) for COS -> O + O
4.76883399785 0.0
4.76925601223 0.0
4.76967806396 0.0
4.77010015304 0.0
4.77052227946 0.0
4.77094444325 0.0
4.77136664439 0.0
4.77178888289 0.0
4.77221115876 0.0
4.772633472 0.0
4.77305582261 0.0
4.7734782106 0.0
4.77390063597 0.0
4.77432309872 0.0
4.77474559885 0.0
4.77516813637 0.0
4.77559071129 0.0
4.7760133236 0.0
4.77643597331 0.0
4.77685866042 0.0
4.77728138494 0.0
4.77770414686 0.0
4.7781269462 0.0
4.77854978295 0.0
4.77897265712 0.0
4.77939556872 0.0
4.77981851773 0.0
4.78024150418 0.0
4.78066452806 0.0
4.78108758937 0.0
4.78151068813 0.0
4.78193382432 0.0
4.78235699796 0.0
4.78278020905 0.0
4.78320345759 0.0
4.78362674358 0.0
4.78405006704 0.0
4.78447342795 0.0
4.78489682633 0.0
4.78532026218 0.0
4.7857437355 0.0
4.78616724629 0.0
4.78659079456 0.0
4.78701438032 0.0
4.78743800356 0.0
4.78786166429 0.0
4.78828536251 0.0
4.78870909822 0.0
4.78913287143 0.0
4.78955668215 0.0
4.78998053036 0.0
4.79040441609 0.0
4.79082833933 0.0
4.79125230008 0.0
4.79167629835 0.0
4.79210033414 0.0
4.79252440746 0.0
4.79294851831 0.0
4.79337266668 0.0
4.79379685259 0.0
4.79422107604 0.0
4.79464533703 0.0
4.79506963557 0.0
4.79549397165 0.0
4.79591834529 0.0
4.79634275648 0.0
4.79676720522 0.0
4.79719169153 0.0
4.7976162154 0.0
4.79804077685 0.0
4.79846537586 0.0
4.79889001244 0.0
4.79931468661 0.0
4.79973939835 0.0
4.80016414768 0.0
4.8005889346 0.0
4.80101375911 0.0
4.80143862122 0.0
4.80186352092 0.0
4.80228845822 0.0
4.80271343313 0.0
4.80313844564 0.0
4.80356349577 0.0
4.80398858351 0.0
4.80441370887 0.0
4.80483887185 0.0
4.80526407245 0.0
4.80568931069 0.0
4.80611458655 0.0
4.80653990005 0.0
4.80696525118 0.0
4.80739063996 0.0
4.80781606638 0.0
4.80824153045 0.0
4.80866703217 0.0
4.80909257154 0.0
4.80951814858 0.0
4.80994376327 0.0
4.81036941563 0.0
4.81079510565 0.0
4.81122083335 0.0
4.81164659872 0.0
4.81207240177 0.0
4.8124982425 0.0
4.81292412092 0.0
4.81335003702 0.0
4.81377599081 0.0
4.8142019823 0.0
4.81462801149 0.0
4.81505407837 0.0
4.81548018296 0.0
4.81590632526 0.0
4.81633250527 0.0
4.816758723 0.0
4.81718497844 0.0
4.8176112716 0.0
4.81803760249 0.0
4.81846397111 0.0
4.81889037746 0.0
4.81931682154 0.0
4.81974330336 0.0
4.82016982292 0.0
4.82059638022 0.0
4.82102297528 0.0
4.82144960808 0.0
4.82187627864 0.0
4.82230298696 0.0
4.82272973304 0.0
4.82315651688 0.0
4.82358333849 0.0
4.82401019787 0.0
4.82443709503 0.0
4.82486402996 0.0
4.82529100268 0.0
4.82571801318 0.0
4.82614506147 0.0
4.82657214755 0.0
4.82699927142 0.0
4.82742643309 0.0
4.82785363257 0.0
4.82828086984 0.0
4.82870814493 0.0
4.82913545783 0.0
4.82956280854 0.0
4.82999019707 0.0
4.83041762342 0.0
4.8308450876 0.0
4.83127258961 0.0
4.83170012944 0.0
4.83212770711 0.0
4.83255532262 0.0
4.83298297597 0.0
4.83341066717 0.0
4.83383839621 0.0
4.83426616311 0.0
4.83469396786 0.0
4.83512181047 0.0
4.83554969094 0.0
4.83597760927 0.0
4.83640556548 0.0
4.83683355955 0.0
4.8372615915 0.0
4.83768966133 0.0
4.83811776904 0.0
4.83854591464 0.0
4.83897409812 0.0
4.8394023195 0.0
4.83983057877 0.0
4.84025887594 0.0
4.84068721101 0.0
4.84111558398 0.0
4.84154399487 0.0
4.84197244366 0.0
4.84240093038 0.0
4.84282945501 0.0
4.84325801756 0.0
4.84368661804 0.0
4.84411525644 0.0
4.84454393278 0.0
4.84497264706 0.0
4.84540139927 0.0
4.84583018942 0.0
4.84625901752 0.0
4.84668788357 0.0
4.84711678757 0.0
4.84754572953 0.0
4.84797470945 0.0
4.84840372732 0.0
4.84883278317 0.0
4.84926187698 0.0
4.84969100876 0.0
4.85012017852 0.0
4.85054938626 0.0
4.85097863199 0.0
4.85140791569 0.0
4.85183723739 0.0
4.85226659708 0.0
4.85269599477 0.0
4.85312543045 0.0
4.85355490414 0.0
4.85398441583 0.0
4.85441396553 0.0
4.85484355325 0.0
4.85527317898 0.0
4.85570284273 0.0
4.8561325445 0.0
4.8565622843 0.0
4.85699206213 0.0
4.85742187799 0.0
4.85785173189 0.0
4.85828162383 0.0
4.85871155381 0.0
4.85914152184 0.0
4.85957152791 0.0
4.86000157204 0.0
4.86043165423 0.0
4.86086177447 0.0
4.86129193278 0.0
4.86172212916 0.0
4.8621523636 0.0
4.86258263612 0.0
4.86301294672 0.0
4.86344329539 0.0
4.86387368215 0.0
4.864304107 0.0
4.86473456993 0.0
4.86516507096 0.0
4.86559561009 0.0
4.86602618731 0.0
4.86645680264 0.0
4.86688745608 0.0
4.86731814763 0.0
4.86774887729 0.0
4.86817964507 0.0
4.86861045097 0.0
4.86904129499 0.0
4.86947217714 0.0
4.86990309742 0.0
4.87033405583 0.0
4.87076505238 0.0
4.87119608708 0.0
4.87162715991 0.0
4.8720582709 0.0
4.87248942003 0.0
4.87292060732 0.0
4.87335183277 0.0
4.87378309637 0.0
4.87421439814 0.0
4.87464573808 0.0
4.87507711619 0.0
4.87550853248 0.0
4.87593998694 0.0
4.87637147959 0.0
4.87680301042 0.0
4.87723457943 0.0
4.87766618664 0.0
4.87809783204 0.0
4.87852951564 0.0
4.87896123745 0.0
4.87939299745 0.0
4.87982479567 0.0
4.8802566321 0.0
4.88068850674 0.0
4.8811204196 0.0
4.88155237068 0.0
4.88198435999 0.0
4.88241638753 0.0
4.8828484533 0.0
4.8832805573 0.0
4.88371269954 0.0
4.88414488003 0.0
4.88457709876 0.0
4.88500935573 0.0
4.88544165097 0.0
4.88587398445 0.0
4.8863063562 0.0
4.88673876621 0.0
4.88717121448 0.0
4.88760370102 0.0
4.88803622584 0.0
4.88846878893 0.0
4.8889013903 0.0
4.88933402996 0.0
4.8897667079 0.0
4.89019942413 0.0
4.89063217865 0.0
4.89106497147 0.0
4.89149780258 0.0
4.89193067201 0.0
4.89236357973 0.0
4.89279652577 0.0
4.89322951012 0.0
4.89366253279 0.0
4.89409559378 0.0
4.89452869309 0.0
4.89496183073 0.0
4.89539500669 0.0
4.89582822099 0.0
4.89626147363 0.0
4.89669476461 0.0
4.89712809393 0.0
4.8975614616 0.0
4.89799486762 0.0
4.898428312 0.0
4.89886179473 0.0
4.89929531582 0.0
4.89972887528 0.0
4.9001624731 0.0
4.9005961093 0.0
4.90102978387 0.0
4.90146349681 0.0
4.90189724814 0.0
4.90233103785 0.0
4.90276486595 0.0
4.90319873245 0.0
4.90363263733 0.0
4.90406658062 0.0
4.9045005623 0.0
4.90493458239 0.0
4.90536864089 0.0
4.9058027378 0.0
4.90623687313 0.0
4.90667104687 0.0
4.90710525904 0.0
4.90753950963 0.0
4.90797379865 0.0
4.9084081261 0.0
4.90884249199 0.0
4.90927689632 0.0
4.90971133909 0.0
4.9101458203 0.0
4.91058033996 0.0
4.91101489808 0.0
4.91144949465 0.0
4.91188412968 0.0
4.91231880318 0.0
4.91275351514 0.0
4.91318826557 0.0
4.91362305447 0.0
4.91405788185 0.0
4.91449274771 0.0
4.91492765205 0.0
4.91536259488 0.0
4.9157975762 0.0
4.91623259601 0.0
4.91666765432 0.0
4.91710275112 0.0
4.91753788644 0.0
4.91797306026 0.0
4.91840827258 0.0
4.91884352343 0.0
4.91927881279 0.0
4.91971414067 0.0
4.92014950707 0.0
4.92058491201 0.0
4.92102035547 0.0
4.92145583747 0.0
4.921891358 0.0
4.92232691708 0.0
4.9227625147 0.0
4.92319815087 0.0
4.92363382559 0.0
4.92406953886 0.0
4.92450529069 0.0
4.92494108109 0.0
4.92537691005 0.0
4.92581277757 0.0
4.92624868367 0.0
4.92668462835 0.0
4.9271206116 0.0
4.92755663344 0.0
4.92799269386 0.0
4.92842879287 0.0
4.92886493047 0.0
4.92930110667 0.0
4.92973732146 0.0
4.93017357486 0.0
4.93060986686 0.0
4.93104619748 0.0
4.93148256671 0.0
4.93191897455 0.0
4.93235542101 0.0
4.9327919061 0.0
4.93322842981 0.0
4.93366499215 0.0
4.93410159313 0.0
4.93453823274 0.0
4.93497491099 0.0
4.93541162788 0.0
4.93584838343 0.0
4.93628517762 0.0
4.93672201047 0.0
4.93715888197 0.0
4.93759579213 0.0
4.93803274096 0.0
4.93846972846 0.0
4.93890675462 0.0
4.93934381947 0.0
4.93978092298 0.0
4.94021806518 0.0
4.94065524607 0.0
4.94109246564 0.0
4.9415297239 0.0
4.94196702086 0.0
4.94240435652 0.0
4.94284173088 0.0
4.94327914394 0.0
4.94371659571 0.0
4.9441540862 0.0
4.9445916154 0.0
4.94502918332 0.0
4.94546678996 0.0
4.94590443532 0.0
4.94634211942 0.0
4.94677984225 0.0
4.94721760381 0.0
4.94765540411 0.0
4.94809324316 0.0
4.94853112095 0.0
4.94896903749 0.0
4.94940699279 0.0
4.94984498684 0.0
4.95028301965 0.0
4.95072109123 0.0
4.95115920157 0.0
4.95159735068 0.0
4.95203553857 0.0
4.95247376523 0.0
4.95291203067 0.0
4.9533503349 0.0
4.95378867791 0.0
4.95422705972 0.0
4.95466548032 0.0
4.95510393972 0.0
4.95554243792 0.0
4.95598097492 0.0
4.95641955073 0.0
4.95685816535 0.0
4.95729681879 0.0
4.95773551105 0.0
4.95817424212 0.0
4.95861301203 0.0
4.95905182076 0.0
4.95949066832 0.0
4.95992955472 0.0
4.96036847996 0.0
4.96080744404 0.0
4.96124644696 0.0
4.96168548874 0.0
4.96212456937 0.0
4.96256368885 0.0
4.96300284719 0.0
4.9634420444 0.0
4.96388128047 0.0
4.96432055542 0.0
4.96475986923 0.0
4.96519922193 0.0
4.9656386135 0.0
4.96607804395 0.0
4.9665175133 0.0
4.96695702153 0.0
4.96739656866 0.0
4.96783615469 0.0
4.96827577961 0.0
4.96871544344 0.0
4.96915514618 0.0
4.96959488783 0.0
4.9700346684 0.0
4.97047448788 0.0
4.97091434628 0.0
4.97135424361 0.0
4.97179417987 0.0
4.97223415506 0.0
4.97267416918 0.0
4.97311422224 0.0
4.97355431425 0.0
4.9739944452 0.0
4.9744346151 0.0
4.97487482395 0.0
4.97531507176 0.0
4.97575535853 0.0
4.97619568426 0.0
4.97663604895 0.0
4.97707645262 0.0
4.97751689526 0.0
4.97795737688 0.0
4.97839789747 0.0
4.97883845705 0.0
4.97927905562 0.0
4.97971969318 0.0
4.98016036973 0.0
4.98060108528 0.0
4.98104183983 0.0
4.98148263338 0.0
4.98192346594 0.0
4.98236433751 0.0
4.9828052481 0.0
4.9832461977 0.0
4.98368718633 0.0
4.98412821398 0.0
4.98456928066 0.0
4.98501038637 0.0
4.98545153112 0.0
4.98589271491 0.0
4.98633393774 0.0
4.98677519961 0.0
4.98721650053 0.0
4.98765784051 0.0
4.98809921954 0.0
4.98854063763 0.0
4.98898209479 0.0
4.98942359101 0.0
4.9898651263 0.0
4.99030670066 0.0
4.9907483141 0.0
4.99118996662 0.0
4.99163165823 0.0
4.99207338892 0.0
4.9925151587 0.0
4.99295696758 0.0
4.99339881555 0.0
4.99384070262 0.0
4.9942826288 0.0
4.99472459409 0.0
4.99516659849 0.0
4.995608642 0.0
4.99605072463 0.0
4.99649284639 0.0
4.99693500727 0.0
4.99737720727 0.0
4.99781944641 0.0
4.99826172469 0.0
4.9987040421 0.0
4.99914639866 0.0
4.99958879436 0.0
5.00003122922 0.0
5.00047370322 0.0
5.00091621638 0.0
5.0013587687 0.0
5.00180136019 0.0
5.00224399084 0.0
5.00268666066 0.0
5.00312936966 0.0
5.00357211783 0.0
5.00401490519 0.0
5.00445773172 0.0
5.00490059745 0.0
5.00534350237 0.0
5.00578644648 0.0
5.00622942979 0.0
5.0066724523 0.0
5.00711551401 0.0
5.00755861493 0.0
5.00800175507 0.0
5.00844493442 0.0
5.00888815299 0.0
5.00933141078 0.0
5.0097747078 0.0
5.01021804405 0.0
5.01066141953 0.0
5.01110483424 0.0
5.0115482882 0.0
5.0119917814 0.0
5.01243531384 0.0
5.01287888554 0.0
5.01332249649 0.0
5.01376614669 0.0
5.01420983616 0.0
5.01465356489 0.0
5.01509733289 0.0
5.01554114016 0.0
5.0159849867 0.0
5.01642887252 0.0
5.01687279763 0.0
5.01731676201 0.0
5.01776076569 0.0
5.01820480866 0.0
5.01864889092 0.0
5.01909301248 0.0
5.01953717334 0.0
5.01998137351 0.0
5.02042561299 0.0
5.02086989178 0.0
5.02131420989 0.0
5.02175856732 0.0
5.02220296406 0.0
5.02264740014 0.0
5.02309187555 0.0
5.02353639029 0.0
5.02398094436 0.0
5.02442553778 0.0
5.02487017054 0.0
5.02531484265 0.0
5.02575955411 0.0
5.02620430493 0.0
5.0266490951 0.0
5.02709392463 0.0
5.02753879353 0.0
5.0279837018 0.0
5.02842864943 0.0
5.02887363645 0.0
5.02931866284 0.0
5.02976372862 0.0
5.03020883378 0.0
5.03065397833 0.0
5.03109916227 0.0
5.03154438561 0.0
5.03198964835 0.0
5.03243495049 0.0
5.03288029203 0.0
5.03332567299 0.0
5.03377109337 0.0
5.03421655315 0.0
5.03466205236 0.0
5.035107591 0.0
5.03555316906 0.0
5.03599878655 0.0
5.03644444348 0.0
5.03689013985 0.0
5.03733587565 0.0
5.0377816509 0.0
5.0382274656 0.0
5.03867331976 0.0
5.03911921337 0.0
5.03956514643 0.0
5.04001111896 0.0
5.04045713096 0.0
5.04090318242 0.0
5.04134927336 0.0
5.04179540378 0.0
5.04224157367 0.0
5.04268778305 0.0
5.04313403191 0.0
5.04358032027 0.0
5.04402664812 0.0
5.04447301547 0.0
5.04491942231 0.0
5.04536586867 0.0
5.04581235453 0.0
5.0462588799 0.0
5.04670544478 0.0
5.04715204919 0.0
5.04759869312 0.0
5.04804537657 0.0
5.04849209955 0.0
5.04893886206 0.0
5.04938566411 0.0
5.0498325057 0.0
5.05027938683 0.0
5.05072630751 0.0
5.05117326774 0.0
5.05162026752 0.0
5.05206730686 0.0
5.05251438576 0.0
5.05296150422 0.0
5.05340866225 0.0
5.05385585985 0.0
5.05430309703 0.0
5.05475037378 0.0
5.05519769012 0.0
5.05564504604 0.0
5.05609244154 0.0
5.05653987664 0.0
5.05698735134 0.0
5.05743486563 0.0
5.05788241953 0.0
5.05833001303 0.0
5.05877764615 0.0
5.05922531887 0.0
5.05967303121 0.0
5.06012078318 0.0
5.06056857476 0.0
5.06101640597 0.0
5.06146427682 0.0
5.06191218729 0.0
5.06236013741 0.0
5.06280812716 0.0
5.06325615656 0.0
5.06370422561 0.0
5.06415233431 0.0
5.06460048266 0.0
5.06504867068 0.0
5.06549689835 0.0
5.06594516569 0.0
5.0663934727 0.0
5.06684181938 0.0
5.06729020574 0.0
5.06773863178 0.0
5.0681870975 0.0
5.06863560291 0.0
5.06908414801 0.0
5.0695327328 0.0
5.06998135729 0.0
5.07043002148 0.0
5.07087872537 0.0
5.07132746897 0.0
5.07177625228 0.0
5.07222507531 0.0
5.07267393806 0.0
5.07312284052 0.0
5.07357178272 0.0
5.07402076464 0.0
5.07446978629 0.0
5.07491884768 0.0
5.07536794881 0.0
5.07581708968 0.0
5.0762662703 0.0
5.07671549067 0.0
5.07716475079 0.0
5.07761405067 0.0
5.0780633903 0.0
5.07851276971 0.0
5.07896218888 0.0
5.07941164782 0.0
5.07986114653 0.0
5.08031068503 0.0
5.0807602633 0.0
5.08120988136 0.0
5.08165953921 0.0
5.08210923686 0.0
5.08255897429 0.0
5.08300875153 0.0
5.08345856857 0.0
5.08390842541 0.0
5.08435832207 0.0
5.08480825853 0.0
5.08525823482 0.0
5.08570825092 0.0
5.08615830685 0.0
5.08660840261 0.0
5.0870585382 0.0
5.08750871362 0.0
5.08795892888 0.0
5.08840918398 0.0
5.08885947893 0.0
5.08930981372 0.0
5.08976018837 0.0
5.09021060287 0.0
5.09066105723 0.0
5.09111155145 0.0
5.09156208554 0.0
5.0920126595 0.0
5.09246327334 0.0
5.09291392705 0.0
5.09336462064 0.0
5.09381535411 0.0
5.09426612747 0.0
5.09471694072 0.0
5.09516779387 0.0
5.09561868691 0.0
5.09606961986 0.0
5.09652059271 0.0
5.09697160547 0.0
5.09742265814 0.0
5.09787375073 0.0
5.09832488323 0.0
5.09877605566 0.0
5.09922726801 0.0
5.0996785203 0.0
5.10012981252 0.0
5.10058114467 0.0
5.10103251676 0.0
5.1014839288 0.0
5.10193538079 0.0
5.10238687272 0.0
5.10283840462 0.0
5.10328997647 0.0
5.10374158828 0.0
5.10419324005 0.0
5.1046449318 0.0
5.10509666351 0.0
5.1055484352 0.0
5.10600024687 0.0
5.10645209853 0.0
5.10690399017 0.0
5.1073559218 0.0
5.10780789342 0.0
5.10825990504 0.0
5.10871195666 0.0
5.10916404829 0.0
5.10961617992 0.0
5.11006835156 0.0
5.11052056322 0.0
5.1109728149 0.0
5.11142510659 0.0
5.11187743832 0.0
5.11232981007 0.0
5.11278222185 0.0
5.11323467367 0.0
5.11368716553 0.0
5.11413969743 0.0
5.11459226938 0.0
5.11504488138 0.0
5.11549753343 0.0
5.11595022554 0.0
5.11640295771 0.0
5.11685572994 0.0
5.11730854225 0.0
5.11776139462 0.0
5.11821428707 0.0
5.11866721959 0.0
5.1191201922 0.0
5.1195732049 0.0
5.12002625768 0.0
5.12047935055 0.0
5.12093248352 0.0
5.1213856566 0.0
5.12183886977 0.0
5.12229212305 0.0
5.12274541644 0.0
5.12319874995 5.66048947681e-25
5.12365212357 2.71604894768e-24
5.12410553731 4.3e-24
5.12455899118 4.2976251157e-24
5.12501248518 4.2926251157e-24
5.1254660193 4.29307819763e-24
5.12591959357 4.30150734774e-24
5.12637320797 4.31220878325e-24
5.12682686251 4.32290927993e-24
5.1272805572 4.33360883782e-24
5.12773429204 4.34430745699e-24
5.12818806703 4.35500510822e-24
5.12864188218 4.36517684227e-24
5.12909573749 4.37087253044e-24
5.12954963296 4.37587253044e-24
5.1300035686 4.3815663419e-24
5.13045754441 4.3865663419e-24
5.13091156039 4.39225827686e-24
5.13136561656 4.39725827686e-24
5.1318197129 4.40294833555e-24
5.13227384943 4.40794833555e-24
5.13272802614 4.41363651818e-24
5.13318224305 4.42261642421e-24
5.13363650016 4.42897990603e-24
5.13409079746 4.43466527496e-24
5.13454513497 4.43967252984e-24
5.13499951268 4.44500725488e-24
5.1354539306 4.45068969751e-24
5.13590838874 4.45568969751e-24
5.13636288709 4.46e-24
5.13681742566 4.46e-24
5.13727200446 4.46204895818e-24
5.13772662348 4.46704895818e-24
5.13818128274 4.47e-24
5.13863598223 4.47e-24
5.13909072196 4.47340072083e-24
5.13954550193 4.48213821095e-24
5.14000032215 4.49281128105e-24
5.14045518261 4.5034834142e-24
5.14091008333 4.50940962327e-24
5.1413650243 4.51507986942e-24
5.14182000553 4.52507986942e-24
5.14227502703 4.53074814439e-24
5.14273008879 4.53574814439e-24
5.14318519083 4.54141454633e-24
5.14364033314 4.54641454633e-24
5.14409551572 4.55207907543e-24
5.14455073859 4.55948971317e-24
5.14500600174 4.56741063774e-24
5.14546130518 4.57307235801e-24
5.14591664891 4.58147487404e-24
5.14637203293 4.58840251603e-24
5.14682745726 4.59406142795e-24
5.14728292188 4.59906142795e-24
5.14773842682 4.60471846792e-24
5.14819397206 4.61471846792e-24
5.14864955762 4.62037357408e-24
5.14910518349 4.62537357408e-24
5.14956084968 4.63102676224e-24
5.1500165562 4.63602676224e-24
5.15047230304 4.64e-24
5.15092809022 4.64200303637e-24
5.15138391773 4.64700303637e-24
5.15183978558 4.65e-24
5.15229569376 4.65297510142e-24
5.1527516423 4.66127328931e-24
5.15320763118 4.67191899467e-24
5.15366366042 4.68256376492e-24
5.15411973001 4.69320760012e-24
5.15457583996 4.70385050033e-24
5.15503199028 4.7144924656e-24
5.15548818096 4.71990660726e-24
5.15594441201 4.72e-24
5.15640068343 4.72086590545e-24
5.15685699524 4.72586590545e-24
5.15731334742 4.73e-24
5.15776973999 4.73182098262e-24
5.15822617294 4.73682098262e-24
5.15868264629 4.74245536472e-24
5.15913916004 4.75022721977e-24
5.15959571418 4.76085973332e-24
5.16005230872 4.77149131267e-24
5.16050894367 4.78212195787e-24
5.16096561903 4.792751669e-24
5.16142233481 4.79903314552e-24
5.161879091 4.80466098865e-24
5.16233588761 4.81463519842e-24
5.16279272464 4.82026112597e-24
5.1632496021 4.82528691619e-24
5.16370651999 4.83091092e-24
5.16416347832 4.83713314175e-24
5.16462047709 4.84622222175e-24
5.16507751629 4.85184342505e-24
5.16553459595 4.85899675172e-24
5.16599171605 4.86715332667e-24
5.1664488766 4.87e-24
5.16690607761 4.87308023171e-24
5.16736331908 4.87808023171e-24
5.16782060101 4.88369583551e-24
5.16827792341 4.88869583551e-24
5.16873528628 4.89e-24
5.16919268963 4.89461574242e-24
5.16965013345 4.89961574242e-24
5.17010761775 4.905e-24
5.17056514254 4.91053136282e-24
5.17102270782 4.91553136282e-24
5.17148031358 4.92113940227e-24
5.17193795985 4.92758212491e-24
5.17239564661 4.93818829948e-24
5.17285337387 4.94879354169e-24
5.17331114164 4.9593978516e-24
5.17376894993 4.96734988674e-24
5.17422679872 4.97295233222e-24
5.17468468803 4.97795233222e-24
5.17514261786 4.98355291349e-24
5.17560058822 4.98855291349e-24
5.1760585991 4.99e-24
5.17651665052 4.99e-24
5.17697474247 4.99e-24
5.17743287496 4.99504620453e-24
5.17789104799 5.00538962147e-24
5.17834926156 5.01534341695e-24
5.17880751569 5.02093644455e-24
5.17926581037 5.02716870433e-24
5.1797241456 5.03775986913e-24
5.1801825214 5.04652760935e-24
5.18064093776 5.05e-24
5.18109939468 5.05e-24
5.18155789218 5.05e-24
5.18201643025 5.05e-24
5.1824750089 5.05e-24
5.18293362813 5.0535820199e-24
5.18339228794 5.0585820199e-24
5.18385098835 5.06416480492e-24
5.18430972935 5.07362030425e-24
5.18476851094 5.08420122772e-24
5.18522733313 5.08978121457e-24
5.18568619593 5.09536022239e-24
5.18614509933 5.10593825725e-24
5.18660404334 5.11651536172e-24
5.18706302797 5.12709153588e-24
5.18752205321 5.13766677977e-24
5.18798111907 5.14647708458e-24
5.18844022556 5.15205046812e-24
5.18889937268 5.15705046812e-24
5.18935856043 5.16262199154e-24
5.18981778882 5.16762199154e-24
5.19027705784 5.17319165506e-24
5.19073636751 5.17819165506e-24
5.19119571782 5.18375945891e-24
5.19165510878 5.18875945891e-24
5.1921145404 5.19432540333e-24
5.19257401267 5.19932540333e-24
5.19303352561 5.20488948854e-24
5.19349307921 5.20988948854e-24
5.19395267347 5.2104516391e-24
5.19441230841 5.21618364727e-24
5.19487198402 5.22674392084e-24
5.19533170032 5.23730326527e-24
5.19579145729 5.24786168061e-24
5.19625125495 5.25841916692e-24
5.1967110933 5.26897572426e-24
5.19717097234 5.27712688535e-24
5.19763089208 5.28268158491e-24
5.19809085252 5.28768158491e-24
5.19855085366 5.29e-24
5.19901089551 5.29351015146e-24
5.19947097807 5.29851015146e-24
5.19993110135 5.30406020762e-24
5.20039126534 5.31339474694e-24
5.20085147006 5.32394294614e-24
5.2013117155 5.33449021695e-24
5.20177200167 5.34503653346e-24
5.20223232857 5.35558187596e-24
5.20269269621 5.36542715263e-24
5.20315310459 5.37097061921e-24
5.20361355372 5.37721227574e-24
5.20407404359 5.38624165653e-24
5.20453457421 5.39178233941e-24
5.20499514558 5.39678233941e-24
5.20545575772 5.40232116677e-24
5.20591641061 5.40732116677e-24
5.20637710427 5.41e-24
5.2068378387 5.41312592924e-24
5.2072986139 5.41812592924e-24
5.20775942988 5.42e-24
5.20822028663 5.42392651813e-24
5.20868118417 5.4331189719e-24
5.2091421225 5.44365037956e-24
5.20960310161 5.45418086003e-24
5.21006412153 5.46471041335e-24
5.21052518223 5.47523899731e-24
5.21098628374 5.48525151819e-24
5.21144742606 5.49077820188e-24
5.21190860918 5.49577820188e-24
5.21236983311 5.50130303211e-24
5.21283109787 5.50630303211e-24
5.21329240344 5.51e-24
5.21375374983 5.5120868027e-24
5.21421513705 5.5170868027e-24
5.2146765651 5.52260700029e-24
5.21513803398 5.52760700029e-24
5.2155995437 5.53312534524e-24
5.21606109426 5.54150916829e-24
5.21652268567 5.54838382305e-24
5.21698431792 5.55389938948e-24
5.21744599103 5.55889938948e-24
5.21790770499 5.56441310386e-24
5.21836945981 5.56941310386e-24
5.21883125549 5.57492496643e-24
5.21929309204 5.58010513946e-24
5.21975496946 5.5860499814e-24
5.22021688775 5.60155898096e-24
5.22067884692 5.61663215085e-24
5.22114084697 5.62713929948e-24
5.22160288791 5.63764552273e-24
5.22206496973 5.64815082067e-24
5.22252709244 5.65865519335e-24
5.22298925605 5.66915864083e-24
5.22345146056 5.67966116318e-24
5.22391370597 5.68745609654e-24
5.22437599229 5.69295676879e-24
5.22483831952 5.70116317998e-24
5.22530068766 5.71166200237e-24
5.22576309671 5.71845559118e-24
5.22622554669 5.72395256395e-24
5.22668803759 5.73315292075e-24
5.22715056942 5.7392003568e-24
5.22761314218 5.7446945556e-24
5.22807575588 5.7496945556e-24
5.22853841051 5.755e-24
5.22900110609 5.76043231401e-24
5.22946384261 5.76543231401e-24
5.22992662008 5.7709218081e-24
5.23038943851 5.77708767018e-24
5.23085229789 5.78616586208e-24
5.23131519823 5.79e-24
5.23177813954 5.79189525211e-24
5.23224112181 5.79689525211e-24
5.23270414506 5.80237920253e-24
5.23316720928 5.80737920253e-24
5.23363031448 5.81286130553e-24
5.23409346066 5.81786130553e-24
5.23455664782 5.82334156137e-24
5.23501987598 5.83192255804e-24
5.23548314513 5.83858099667e-24
5.23594645527 5.84405848221e-24
5.23640980642 5.84905848221e-24
5.23687319857 5.85453412119e-24
5.23733663173 5.86430536949e-24
5.2378001059 5.86977916082e-24
5.23826362108 5.87500791252e-24
5.23872717728 5.88047977934e-24
5.2391907745 5.88547977934e-24
5.23965441275 5.89094980062e-24
5.24011809203 5.89713391988e-24
5.24058181234 5.90618411926e-24
5.24104557369 5.91165137267e-24
5.24150937608 5.91853568018e-24
5.24197321951 5.92688430751e-24
5.24243710399 5.93234879361e-24
5.24290102952 5.93992913855e-24
5.24336499611 5.95039178008e-24
5.24382900375 5.95781143514e-24
5.24429305246 5.96327223235e-24
5.24475714223 5.97177417175e-24
5.24522127307 5.98223312487e-24
5.24568544499 5.99269115605e-24
5.24614965798 5.99895997058e-24
5.24661391205 6.00441615804e-24
5.2470782072 6.01405971849e-24
5.24754254344 6.02451406248e-24
5.24800692078 6.03487050203e-24
5.24847133921 6.04032294811e-24
5.24893579873 6.04532294811e-24
5.24940029936 6.05077352957e-24
5.24986484109 6.05577352957e-24
5.25032942394 6.06e-24
5.25079404789 6.06e-24
5.25125871297 6.06e-24
5.25172341916 6.06e-24
5.25218816647 6.06e-24
5.25265295492 6.06e-24
5.25311778449 6.05744256654e-24
5.2535826552 6.05244256654e-24
5.25404756705 6.05299880518e-24
5.25451252004 6.05799880518e-24
5.25497751418 6.06343833569e-24
5.25544254946 6.06843833569e-24
5.2559076259 6.07387602523e-24
5.2563727435 6.07887602523e-24
5.25683790225 6.08431187406e-24
5.25730310217 6.09384098235e-24
5.25776834326 6.10427499072e-24
5.25823362551 6.10974588243e-24
5.25869894895 6.11517802038e-24
5.25916431356 6.12557139829e-24
5.25962971935 6.13539337791e-24
5.26009516633 6.14e-24
5.2605606545 6.14e-24
5.26102618386 6.14e-24
5.26149175441 6.14e-24
5.26195736617 6.14167586649e-24
5.26242301913 6.14667586649e-24
5.2628887133 6.15209968475e-24
5.26335444868 6.15709968475e-24
5.26382022528 6.16252166444e-24
5.26428604309 6.16752166444e-24
5.26475190213 6.17294180583e-24
5.26521780239 6.17794180583e-24
5.26568374388 6.18336010917e-24
5.26614972661 6.18836010917e-24
5.26661575057 6.1937765747e-24
5.26708181577 6.1987765747e-24
5.26754792222 6.20419120267e-24
5.26801406991 6.20919120267e-24
5.26848025886 6.21460399335e-24
5.26894648906 6.22441369313e-24
5.26941276052 6.23982464421e-24
5.26987907324 6.25523464205e-24
5.27034542723 6.26564368932e-24
5.27081182249 6.27605181843e-24
5.27127825902 6.28645902944e-24
5.27174473682 6.29583120271e-24
5.27221125591 6.3e-24
5.27267781628 6.3e-24
5.27314441794 6.3e-24
5.27361106089 6.30184119827e-24
5.27407774514 6.30684119827e-24
5.27454447069 6.31224198437e-24
5.27501123754 6.31724198437e-24
5.27547804569 6.32264093535e-24
5.27594489515 6.3304806581e-24
5.27641178593 6.33783972275e-24
5.27687871803 6.34323592153e-24
5.27734569144 6.34823592153e-24
5.27781270618 6.35363028582e-24
5.27827976225 6.36245706593e-24
5.27874685965 6.36882678011e-24
5.27921399839 6.37421839315e-24
5.27968117846 6.37921839315e-24
5.28014839988 6.38460817235e-24
5.28061566264 6.39441054668e-24
5.28108296676 6.40979461022e-24
5.28155031222 6.42518160685e-24
5.28201769905 6.43557153603e-24
5.28248512724 6.44595666607e-24
5.28295259679 6.45634087975e-24
5.28342010771 6.46576637875e-24
5.28388766 6.47e-24
5.28435525366 6.47e-24
5.28482288871 6.47e-24
5.28529056514 6.47e-24
5.28575828295 6.47e-24
5.28622604216 6.47e-24
5.28669384276 6.47e-24
5.28716168476 6.47e-24
5.28762956816 6.47e-24
5.28809749296 6.47e-24
5.28856545917 6.47e-24
5.2890334668 6.47321911099e-24
5.28950151584 6.48162368876e-24
5.2899696063 6.48840457778e-24
5.29043773819 6.49377413834e-24
5.2909059115 6.5027323705e-24
5.29137412624 6.51310010058e-24
5.29184238241 6.52346691551e-24
5.29231068003 6.5293250471e-24
5.29277901908 6.53469003193e-24
5.29324739959 6.54456187008e-24
5.29371582154 6.55487183815e-24
5.29418428494 6.56023403835e-24
5.2946527898 6.55818853193e-24
5.29512133612 6.47854888108e-24
5.2955899239 6.4055943875e-24
5.29605855315 6.41095290776e-24
5.29652722387 6.41595290776e-24
5.29699593606 6.42e-24
5.29746468974 6.42148725954e-24
5.29793348489 6.42648725954e-24
5.29840232154 6.43184120869e-24
5.29887119967 6.43684120869e-24
5.29934011929 6.44e-24
5.29980908041 6.44236870501e-24
5.30027808303 6.44736870501e-24
5.30074712716 6.45271808468e-24
5.30121621279 6.45771808468e-24
5.30168533993 6.46e-24
5.30215450859 6.463238728e-24
5.30262371877 6.468238728e-24
5.30309297047 6.47358353982e-24
5.3035622637 6.47858353982e-24
5.30403159845 6.48e-24
5.30450097474 6.48409733258e-24
5.30497039257 6.48909733258e-24
5.30543985194 6.49443757817e-24
5.30590935285 6.49943757817e-24
5.30637889531 6.5e-24
5.30684847932 6.50494452284e-24
5.30731810489 6.51005709509e-24
5.30778777201 6.51511257225e-24
5.3082574807 6.52e-24
5.30872723096 6.52061395432e-24
5.30919702278 6.52561395432e-24
5.30966685618 6.53094592795e-24
5.31013673116 6.53594592795e-24
5.31060664772 6.54127607703e-24
5.31107660586 6.54627607703e-24
5.3115466056 6.55e-24
5.31201664692 6.55176788018e-24
5.31248672984 6.55676788018e-24
5.31295685436 6.56209346903e-24
5.31342702048 6.56709346903e-24
5.31389722821 6.57e-24
5.31436747756 6.57257843307e-24
5.31483776851 6.57757843307e-24
5.31530810108 6.58289946333e-24
5.31577847528 6.58789946333e-24
5.3162488911 6.59e-24
5.31671934855 6.59337759074e-24
5.31718984763 6.59837759074e-24
5.31766038835 6.60369406408e-24
5.31813097071 6.60869406408e-24
5.31860159471 6.61e-24
5.31907226036 6.61416535734e-24
5.31954296766 6.61916535734e-24
5.32001371662 6.62447727541e-24
5.32048450724 6.62947727541e-24
5.32095533951 6.63e-24
5.32142621346 6.63494173702e-24
5.32189712907 6.64003736748e-24
5.32236808636 6.64509563047e-24
5.32283908532 6.65e-24
5.32331012596 6.65055454972e-24
5.32378120829 6.65555454972e-24
5.32425233231 6.66085822032e-24
5.32472349802 6.66585822032e-24
5.32519470542 6.67e-24
5.32566595452 6.67131031352e-24
5.32613724533 6.67631031352e-24
5.32660857784 6.68160943425e-24
5.32707995206 6.68660943425e-24
5.327551368 6.69e-24
5.32802282565 6.69205470392e-24
5.32849432503 6.69705470392e-24
5.32896586613 6.70234927646e-24
5.32943744896 6.70734927646e-24
5.32990907352 6.71e-24
5.33038073981 6.71278772511e-24
5.33085244785 6.71778772511e-24
5.33132419763 6.72307775114e-24
5.33179598916 6.72807775114e-24
5.33226782244 6.73e-24
5.33273969747 6.73350938128e-24
5.33321161426 6.73850938128e-24
5.33368357282 6.74379486249e-24
5.33415557313 6.74879486249e-24
5.33462761522 6.75407852625e-24
5.33509969908 6.75907852625e-24
5.33557182472 6.76e-24
5.33604399214 6.76450061473e-24
5.33651620134 6.76950061473e-24
5.33698845233 6.77477973603e-24
5.33746074511 6.77977973603e-24
5.33793307969 6.78005703098e-24
5.33840545606 6.78505703098e-24
5.33887787424 6.79033247207e-24
5.33935033423 6.79533247207e-24
5.33982283602 6.8e-24
5.34029537963 6.80074222941e-24
5.34076796506 6.80574222941e-24
5.3412405923 6.81101313183e-24
5.34171326137 6.81601313183e-24
5.34218597227 6.82e-24
5.34265872501 6.82141608243e-24
5.34313151957 6.82641608243e-24
5.34360435598 6.83168244788e-24
5.34407723423 6.83668244788e-24
5.34455015433 6.84e-24
5.34502311628 6.84207859431e-24
5.34549612008 6.84707859431e-24
5.34596916574 6.85234042449e-24
5.34644225327 6.85734042449e-24
5.34691538265 6.86e-24
5.34738855391 6.86272976931e-24
5.34786176704 6.86772976931e-24
5.34833502205 6.87298706594e-24
5.34880831894 6.87798706594e-24
5.34928165771 6.88e-24
5.34975503837 6.8833696117e-24
5.35022846092 6.8883696117e-24
5.35070192537 6.89362237649e-24
5.35117543171 6.89862237649e-24
5.35164897996 6.9e-24
5.35212257011 6.90399812578e-24
5.35259620218 6.90899812578e-24
5.35306987615 6.91424636045e-24
5.35354359205 6.91924636045e-24
5.35401734987 6.92e-24
5.35449114961 6.92461531584e-24
5.35496499128 6.92961531584e-24
5.35543887488 6.93485902211e-24
5.35591280042 6.93985902211e-24
5.35638676789 6.945e-24
5.35686077731 6.95e-24
5.35733482868 6.95034094334e-24
5.357808922 6.95534094334e-24
5.35828305727 6.9605791766e-24
5.35875723451 6.9655791766e-24
5.3592314537 6.97e-24
5.35970571486 6.9709331333e-24
5.36018001799 6.9759331333e-24
5.36065436309 6.9811668427e-24
5.36112875017 6.9861668427e-24
5.36160317923 6.99e-24
5.36207765027 6.99151401492e-24
5.3625521633 6.99651401492e-24
5.36302671832 7.00174320221e-24
5.36350131534 7.00674320221e-24
5.36397595436 7.01e-24
5.36445063538 7.01208359255e-24
5.36492535841 7.01708359255e-24
5.36540012344 7.02230825946e-24
5.36587493049 7.02730825946e-24
5.36634977956 7.03e-24
5.36682467065 7.03264187054e-24
5.36729960377 7.03764187054e-24
5.36777457891 7.04286201881e-24
5.36824959609 7.04786201881e-24
5.3687246553 7.05e-24
5.36919975655 7.05318885325e-24
5.36967489985 7.05818885325e-24
5.3701500852 7.06340448463e-24
5.37062531259 7.06840448463e-24
5.37110058204 7.07e-24
5.37157589355 7.07372454505e-24
5.37205124712 7.07872454505e-24
5.37252664276 7.0839356613e-24
5.37300208047 7.0889356613e-24
5.37347756025 7.09e-24
5.3739530821 7.09424895033e-24
5.37442864604 7.09924895033e-24
5.37490425207 7.1044555532e-24
5.37537990018 7.1094555532e-24
5.37585559038 7.11e-24
5.37633132268 7.11476207348e-24
5.37680709708 7.11976207348e-24
5.37728291358 7.12496416473e-24
5.37775877219 7.12996416473e-24
5.37823467291 7.1301644233e-24
5.37871061575 7.1351644233e-24
5.3791866007 7.14036287207e-24
5.37966262777 7.14536287207e-24
5.38013869698 7.15055951756e-24
5.38061480831 7.15555951756e-24
5.38109096177 7.16e-24
5.38156715737 7.16085110524e-24
5.38204339511 7.16585110524e-24
5.38251967499 7.17104324375e-24
5.38299599703 7.17604324375e-24
5.38347236121 7.18e-24
5.38394876755 7.18132807229e-24
5.38442521605 7.18632807229e-24
5.38490170671 7.19151570559e-24
5.38537823954 7.19651570559e-24
5.38585481454 7.2e-24
5.38633143171 7.20179377766e-24
5.38680809107 7.20679377766e-24
5.3872847926 7.21197690754e-24
5.38776153632 7.21697690754e-24
5.38823832222 7.22e-24
5.38871515033 7.2222482258e-24
5.38919202062 7.2272482258e-24
5.38966893312 7.23242685403e-24
5.39014588782 7.23742685403e-24
5.39062288473 7.2426036821e-24
5.39109992385 7.2476036821e-24
5.39157700518 7.25277871029e-24
5.39205412874 7.25777871029e-24
5.39253129452 7.26295193891e-24
5.39300850252 7.27098981736e-24
5.39348575275 7.27803787846e-24
5.39396304522 7.28320840823e-24
5.39444037993 7.28820840823e-24
5.39491775687 7.29337713913e-24
5.39539517606 7.29837713913e-24
5.39587263751 7.30354407145e-24
5.3963501412 7.31217093468e-24
5.39682768715 7.31862686323e-24
5.39730527536 7.32379109822e-24
5.39778290583 7.32879109822e-24
5.39826057857 7.33395353535e-24
5.39873829358 7.34298761515e-24
5.39921605087 7.3490340798e-24
5.39969385044 7.35419382067e-24
5.40017169229 7.35919382067e-24
5.40064957642 7.36435176441e-24
5.40112750285 7.37378182684e-24
5.40160547156 7.37943006244e-24
5.40208348258 7.384585311e-24
5.4025615359 7.389585311e-24
5.40303963152 7.39473876315e-24
5.40351776945 7.39973876315e-24
5.40399594969 7.40489041916e-24
5.40447417225 7.41485599288e-24
5.40495243713 7.42000584603e-24
5.40543074434 7.42504027232e-24
5.40590909387 7.43018831113e-24
5.40638748573 7.43544996853e-24
5.40686591993 7.4452616574e-24
5.40734439646 7.45040700389e-24
5.40782291534 7.45540700389e-24
5.40830147656 7.46055055586e-24
5.40878008014 7.46617221484e-24
5.40925872607 7.47562165899e-24
5.40973741435 7.48076251972e-24
5.410216145 7.48576251972e-24
5.41069491801 7.49090158667e-24
5.41117373339 7.49590158667e-24
5.41165259114 7.50103886012e-24
5.41213149127 7.50714568449e-24
5.41261043378 7.51610682437e-24
5.41308941867 7.52124140813e-24
5.41356844595 7.52624140813e-24
5.41404751562 7.53137419911e-24
5.41452662768 7.53781412152e-24
5.41500578215 7.54643992241e-24
5.41548497901 7.55157002479e-24
5.41596421829 7.55657002479e-24
5.41644349997 7.56169833514e-24
5.41692282407 7.56846015354e-24
5.41740219058 7.57676181839e-24
5.41788159951 7.58188744124e-24
5.41836105087 7.58688744124e-24
5.41884054466 7.59201127279e-24
5.41932008088 7.59701127279e-24
5.41979965954 7.60213331333e-24
5.42027928064 7.60932697541e-24
5.42075894418 7.61719366207e-24
5.42123865017 7.62231301666e-24
5.42171839861 7.62731301666e-24
5.4221981895 7.63243058097e-24
5.42267802285 7.63991927284e-24
5.42315789867 7.64748869187e-24
5.42363781695 7.65260357134e-24
5.4241177777 7.65760357134e-24
5.42459778093 7.66271666127e-24
5.42507782663 7.67048919653e-24
5.42555791482 7.67777253526e-24
5.42603804549 7.68288294145e-24
5.42651821864 7.68788294145e-24
5.4269984343 7.69299155885e-24
5.42747869244 7.69799155885e-24
5.42795899309 7.70309838775e-24
5.42843933624 7.71124951937e-24
5.4289197219 7.71815113161e-24
5.42940015007 7.72325527833e-24
5.42988062076 7.72825527833e-24
5.43036113396 7.7333576373e-24
5.43084168969 7.74176578377e-24
5.43132228794 7.74840814647e-24
5.43180292872 7.75350782436e-24
5.43228361204 7.75850782436e-24
5.43276433789 7.76360571525e-24
5.43324510629 7.77225970591e-24
5.43372591723 7.77865399066e-24
5.43420677072 7.78374920159e-24
5.43468766677 7.78874920159e-24
5.43516860537 7.79384262626e-24
5.43564958653 7.79884262626e-24
5.43613061025 7.80393426496e-24
5.43661167654 7.81291367963e-24
5.43709278541 7.81897941467e-24
5.43757393685 7.82406837499e-24
5.43805513087 7.82906837499e-24
5.43853636747 7.83415555009e-24
5.43901764666 7.84335401837e-24
5.43949896843 7.84919846828e-24
5.43998033281 7.85428296612e-24
5.44046173978 7.85928296612e-24
5.44094318935 7.86436567949e-24
5.44142468153 7.87377204658e-24
5.44190621631 7.87940636709e-24
5.44238779371 7.88448640433e-24
5.44286941373 7.88948640433e-24
5.44335107637 7.89456465785e-24
5.44383278163 7.89956465785e-24
5.44431452952 7.90464112795e-24
5.44479632004 7.91431982227e-24
5.4452781532 7.91967869432e-24
5.445760029 7.92475248987e-24
5.44624194744 7.92975248987e-24
5.44672390853 7.93482450276e-24
5.44720591226 7.94468434355e-24
5.44768795866 7.9498598408e-24
5.44817004771 7.95492918026e-24
5.44865217942 7.95992918026e-24
5.4491343538 7.96499673782e-24
5.44961657085 7.97002658105e-24
5.45009883057 7.97509234601e-24
5.45058113297 7.98506250278e-24
5.45106347805 7.99012648618e-24
5.45154586582 7.99512648618e-24
5.45202829627 8.0001886889e-24
5.45251076942 8.00540781149e-24
5.45299328526 8.01521912259e-24
5.4534758438 8.02027865484e-24
5.45395844505 8.02527865484e-24
5.454441089 8.03033640717e-24
5.45492377566 8.03570102313e-24
5.45540650504 8.04536461596e-24
5.45588927714 8.05041969896e-24
5.45637209196 8.05541969896e-24
5.45685494951 8.0604730028e-24
5.45733784979 8.0654730028e-24
5.4578207928 8.07052452778e-24
5.45830377854 8.07607415106e-24
5.45878680703 8.08554962329e-24
5.45926987827 8.09059848055e-24
5.45975299225 8.09559848055e-24
5.46023614899 8.10064555971e-24
5.46071934849 8.1063139923e-24
5.46120259074 8.1156684326e-24
5.46168587576 8.12071284518e-24
5.46216920354 8.12571284518e-24
5.4626525741 8.13075548044e-24
5.46313598744 8.1365316121e-24
5.46361944355 8.14577613166e-24
5.46410294244 8.1508161015e-24
5.46458648413 8.1558161015e-24
5.4650700686 8.16085429476e-24
5.46555369587 8.16585429476e-24
5.46603736593 8.17089071177e-24
5.4665210788 8.17679896605e-24
5.46700483448 8.18590825428e-24
5.46748863296 8.19094200747e-24
5.46797247426 8.19594200747e-24
5.46845635837 8.20097398519e-24
5.46894028531 8.20696329351e-24
5.46942425507 8.21598930833e-24
5.46990826765 8.22101862338e-24
5.47039232308 8.22601862338e-24
5.47087642133 8.23104616372e-24
5.47136056243 8.23710543219e-24
5.47184474637 8.24605926847e-24
5.47232897316 8.25108414731e-24
5.4728132428 8.25608414731e-24
5.47329755529 8.26110725221e-24
5.47378191064 8.26610725221e-24
5.47426630886 8.27112858347e-24
5.47475074994 8.27726716756e-24
5.47523523389 8.28613858409e-24
5.47571976072 8.29115725548e-24
5.47620433042 8.29615725548e-24
5.47668894301 8.30117415401e-24
5.47717359848 8.30735609257e-24
5.47765829684 8.31618193856e-24
5.4781430381 8.32119617838e-24
5.47862782225 8.32619617838e-24
5.4791126493 8.33120864613e-24
5.47959751925 8.33742286169e-24
5.48008243212 8.34621421556e-24
5.48056738789 8.35122402577e-24
5.48105238658 8.35622402577e-24
5.4815374282 8.36123206467e-24
5.48202251273 8.36623206467e-24
5.48250764019 8.37123833258e-24
5.48299281058 8.37747913509e-24
5.48347802391 8.38624080251e-24
5.48396328018 8.39124441452e-24
5.48444857939 8.39624441452e-24
5.48493392154 8.40124625631e-24
5.48541930665 8.40749276979e-24
5.4859047347 8.41624651348e-24
5.48639020572 8.42124570055e-24
5.4868757197 8.42624570055e-24
5.48736127664 8.43124311819e-24
5.48784687655 8.43748428176e-24
5.48833251944 8.44624116357e-24
5.4888182053 8.45123592766e-24
5.48930393414 8.45623592766e-24
5.48978970596 8.46122892311e-24
5.49027552078 8.46622892311e-24
5.49076137858 8.47122015022e-24
5.49124727938 8.47743525098e-24
5.49173322318 8.48621510076e-24
5.49221920999 8.49120367597e-24
5.4927052398 8.49620367597e-24
5.49319131262 8.50119048364e-24
5.49367742846 8.50737370839e-24
5.49416358731 8.51618322475e-24
5.49464978919 8.5211673817e-24
5.49513603409 8.5261673817e-24
5.49562232202 8.5311497719e-24
5.49610865299 8.53729007647e-24
5.49659502699 8.54614030457e-24
5.49708144404 8.55112004523e-24
5.49756790413 8.55612004523e-24
5.49805440727 8.56109801993e-24
5.49854095346 8.56609801993e-24
5.49902754271 8.57107422898e-24
5.49951417502 8.57713590048e-24
5.50000085039 8.58606167149e-24
5.50048756883 8.59103523268e-24
5.50097433035 8.59603523268e-24
5.50146113494 8.60100702901e-24
5.5019479826 8.60699929446e-24
5.50243487335 8.61599226545e-24
5.50292180719 8.6209614151e-24
5.50340878412 8.6259614151e-24
5.50389580415 8.63092880069e-24
5.50438286727 8.63684063275e-24
5.50486997349 8.64591183206e-24
5.50535712282 8.65087657216e-24
5.50584431526 8.65587657216e-24
5.50633155082 8.660839549e-24
5.50681882949 8.665839549e-24
5.50730615128 8.6708007629e-24
5.5077935162 8.67658147174e-24
5.50828092425 8.68578070884e-24
5.50876837543 8.69073927893e-24
5.50925586974 8.69573927893e-24
5.5097434072 8.70069608687e-24
5.5102309878 8.706369917e-24
5.51071861155 8.71567383013e-24
5.51120627845 8.72062799546e-24
5.51169398851 8.72623241305e-24
5.51218174173 8.73618481704e-24
5.51266953811 8.74558039944e-24
5.51315737765 8.7505310424e-24
5.51364526037 8.756036746e-24
5.51413318627 8.7655057036e-24
5.51462115534 8.77045370563e-24
5.51510916759 8.77588075218e-24
5.51559722303 8.78582699399e-24
5.51608532166 8.79539994744e-24
5.51657346349 8.80034442936e-24
5.51706164851 8.80566043982e-24
5.51754987673 8.81531601046e-24
5.51803814816 8.82025785313e-24
5.5185264628 8.82548596792e-24
5.51901482065 8.83542605151e-24
5.51950322172 8.84519793672e-24
5.51999166601 8.85013626153e-24
5.52048015352 8.85524102603e-24
5.52096868426 8.8651047645e-24
5.52145725824 8.87004045177e-24
5.52194587545 8.87504808792e-24
5.5224345359 8.88498201266e-24
5.52292323959 8.89491505254e-24
5.52341198653 8.89994067603e-24
5.52390077672 8.90487195675e-24
5.52438961017 8.9147088948e-24
5.52487848688 8.91983693805e-24
5.52536740684 8.92476558269e-24
5.52585637008 8.93449482882e-24
5.52634537659 8.94442171648e-24
5.52683442637 8.94969247036e-24
5.52732351942 8.95461760136e-24
5.52781265576 8.96419710959e-24
5.52830183539 8.96957950822e-24
5.52879105831 8.97450200485e-24
5.52928032452 8.98396459956e-24
5.52976963402 8.99388534035e-24
5.53025898683 8.99942274564e-24
5.53074838294 9.00434173091e-24
5.53123782236 9.01364229624e-24
5.5317273051 9.02355952631e-24
5.53221683115 9.02925896099e-24
5.53270640052 9.0341744362e-24
5.53319601321 9.04330595203e-24
5.53368566923 9.04913151583e-24
5.53417536859 9.05404435935e-24
5.53466511127 9.06304448268e-24
5.5351548973 9.07295557216e-24
5.53564472668 9.07895544883e-24
5.5361345994 9.08386478458e-24
5.53662451547 9.0926835795e-24
5.53711447489 9.09881879492e-24
5.53760447767 9.1037255007e-24
5.53809452382 9.11240369694e-24
5.53858461333 9.12230864982e-24
5.53907474621 9.12863045358e-24
5.53956492247 9.13353365389e-24
5.5400551421 9.14201825083e-24
5.54054540512 9.14848459694e-24
5.54103571152 9.153385169e-24
5.54152606131 9.1617199671e-24
5.54201645449 9.17161878741e-24
5.54250689107 9.17828398931e-24
5.54299737106 9.1831810582e-24
5.54348789444 9.19130999416e-24
5.54397846124 9.19812893596e-24
5.54446907144 9.20302337833e-24
5.54495972507 9.21099332136e-24
5.54545042211 9.22088601313e-24
5.54594116258 9.22791607011e-24
5.54643194647 9.23280701161e-24
5.5469227738 9.24055883773e-24
5.54741364456 9.24775182612e-24
5.54790455876 9.25264014284e-24
5.5483955164 9.26022378798e-24
5.54888651749 9.27011035526e-24
5.54937756203 9.27752671012e-24
5.54986865003 9.28241152829e-24
5.55035978149 9.28976480985e-24
5.5508509564 9.29735328156e-24
5.55134217479 9.30223547669e-24
5.55183343664 9.30941139531e-24
5.55232474197 9.31929184216e-24
5.55281609077 9.32711592353e-24
5.55330748306 9.33199462243e-24
5.55379891883 9.33892793893e-24
5.55429039809 9.3469333165e-24
5.55478192084 9.3518093941e-24
5.55527348709 9.3585561718e-24
5.55576509684 9.36843050228e-24
5.5562567501 9.37668372458e-24
5.55674844687 9.38155630827e-24
5.55724018714 9.38804825346e-24
5.55773197094 9.39649194518e-24
5.55822379825 9.40136190933e-24
5.55871566909 9.40765814598e-24
5.55920758345 9.41752636417e-24
5.55969954135 9.42623012752e-24
5.56019154278 9.4310966001e-24
5.56068358775 9.437125782e-24
5.56117567627 9.44602918189e-24
5.56166780833 9.45089303668e-24
5.56215998394 9.45671734644e-24
5.56265220311 9.46657945644e-24
5.56314446583 9.47575514669e-24
5.56363677212 9.48061551225e-24
5.56412912197 9.48616055322e-24
5.5646215154 9.49554504097e-24
5.5651139524 9.5004027905e-24
5.56560643297 9.50573380189e-24
5.56609895713 9.51558980781e-24
5.56659152487 9.52525879642e-24
5.56708413621 9.53011305908e-24
5.56757679113 9.53515259586e-24
5.56806948966 9.5450051094e-24
5.56856223178 9.54996557262e-24
5.56905501751 9.55481632293e-24
5.56954784685 9.56455736753e-24
5.5700407198 9.57440637527e-24
5.57053363636 9.57966533067e-24
5.57102659655 9.58451259616e-24
5.57151960036 9.59394817183e-24
5.5720126478 9.59943557567e-24
5.57250573887 9.60428022843e-24
5.57299887358 9.61348213019e-24
5.57349205193 9.62332504156e-24
5.57398527392 9.62912313979e-24
5.57447853955 9.63396431009e-24
5.57497184884 9.64284855255e-24
5.57546520178 9.65268798213e-24
5.57595859839 9.65880373967e-24
5.57645203865 9.66364142887e-24
5.57694552258 9.6722010498e-24
5.57743905018 9.67855962093e-24
5.57793262146 9.68339470019e-24
5.57842623642 9.69170628766e-24
5.57891989505 9.70153962739e-24
5.57941359738 9.70822803991e-24
5.57990734339 9.71305964044e-24
5.58040113309 9.72103442906e-24
5.5808949665 9.72797478862e-24
5.5813888436 9.73280378099e-24
5.58188276441 9.74052140627e-24
5.58237672893 9.7503486603e-24
5.58287073717 9.75763103502e-24
5.58336478912 9.76245655105e-24
5.58385888479 9.76982520847e-24
5.58435302418 9.77736865742e-24
5.5848472073 9.78219156708e-24
5.58534143416 9.78929393755e-24
5.58583570475 9.79911511006e-24
5.58633001908 9.8070127396e-24
5.58682437716 9.8118321753e-24
5.58731877898 9.81857341726e-24
5.58781322456 9.82674124196e-24
5.58830771389 9.8315580731e-24
5.58880224698 9.83802391076e-24
5.58929682383 9.84783900594e-24
5.58979144446 9.85637316828e-24
5.59028610885 9.86118652785e-24
5.59078081702 9.86727908475e-24
5.59127556896 9.8760925569e-24
5.59177036469 9.8809033137e-24
5.59226520421 9.88671135525e-24
5.59276008751 9.8965203773e-24
5.59325501461 9.90571233575e-24
5.59374998551 9.9105196234e-24
5.59424500021 9.91594224033e-24
5.59474005872 9.92542261693e-24
5.59523516103 9.93022730361e-24
5.59573030716 9.93535630047e-24
5.59622549711 9.9451592536e-24
5.59672073088 9.95496132765e-24
5.59721600847 9.9599310709e-24
5.5977113299 9.9647313883e-24
5.59820669515 9.97436228541e-24
5.59870210425 9.9796308971e-24
5.59919755718 9.98442861512e-24
5.59969305396 9.99375543955e-24
5.60018859459 9.99932682442e-24
5.60068417907 1e-23
5.60117980741 1e-23
5.6016754796 1e-23
5.60217119566 1e-23
5.60266695559 1e-23
5.60316275939 1e-23
5.60365860707 1.00349691163e-23
5.60415449863 1.00849691163e-23
5.60465043407 1.01e-23
5.60514641339 1.01e-23
5.60564243661 1.01e-23
5.60613850373 1.01e-23
5.60663461474 1.01e-23
5.60713076966 1.01e-23
5.60762696848 1.01e-23
5.60812321121 1.01e-23
5.60861949786 1.01e-23
5.60911582843 1.01e-23
5.60961220292 1.01e-23
5.61010862133 1.01e-23
5.61060508368 1.01197793675e-23
5.61110158996 1.01697793675e-23
5.61159814017 1.02e-23
5.61209473433 1.02e-23
5.61259137244 1.02e-23
5.61308805449 1.02e-23
5.6135847805 1.02e-23
5.61408155047 1.02e-23
5.61457836439 1.02e-23
5.61507522229 1.02e-23
5.61557212415 1.02e-23
5.61606906998 1.02e-23
5.61656605979 1.02e-23
5.61706309358 1.02e-23
5.61756017136 1.02037426567e-23
5.61805729313 1.02537426567e-23
5.61855445888 1.03e-23
5.61905166864 1.03e-23
5.61954892239 1.03e-23
5.62004622015 1.03e-23
5.62054356191 1.03e-23
5.62104094769 1.03e-23
5.62153837749 1.03e-23
5.6220358513 1.03e-23
5.62253336914 1.03e-23
5.623030931 1.03e-23
5.6235285369 1.03e-23
5.62402618683 1.03e-23
5.6245238808 1.03e-23
5.62502161881 1.03356193528e-23
5.62551940087 1.03856193528e-23
5.62601722698 1.04e-23
5.62651509715 1.04e-23
5.62701301137 1.04e-23
5.62751096966 1.04e-23
5.62800897201 1.04e-23
5.62850701843 1.04e-23
5.62900510893 1.04e-23
5.62950324351 1.04e-23
5.63000142217 1.04e-23
5.63049964491 1.04e-23
5.63099791174 1.04e-23
5.63149622267 1.04e-23
5.6319945777 1.04178288132e-23
5.63249297682 1.04678288132e-23
5.63299142006 1.05e-23
5.6334899074 1.05e-23
5.63398843885 1.05e-23
5.63448701443 1.05e-23
5.63498563412 1.05e-23
5.63548429794 1.05e-23
5.63598300588 1.05e-23
5.63648175796 1.05e-23
5.63698055418 1.05046048387e-23
5.63747939454 1.05546048387e-23
5.63797827904 1.06e-23
5.63847720769 1.06e-23
5.63897618049 1.06e-23
5.63947519745 1.06e-23
5.63997425857 1.06e-23
5.64047336385 1.06e-23
5.6409725133 1.06437149891e-23
5.64147170692 1.06937149891e-23
5.64197094472 1.07e-23
5.6424702267 1.07e-23
5.64296955286 1.07e-23
5.64346892321 1.07e-23
5.64396833775 1.07353665321e-23
5.64446779649 1.07853665321e-23
5.64496729942 1.08e-23
5.64546684656 1.08e-23
5.6459664379 1.08e-23
5.64646607346 1.08e-23
5.64696575323 1.08e-23
5.64746547722 1.08254313298e-23
5.64796524543 1.08754313298e-23
5.64846505787 1.09e-23
5.64896491454 1.09e-23
5.64946481545 1.09e-23
5.64996476059 1.09e-23
5.65046474997 1.09e-23
5.6509647836 1.09152859125e-23
5.65146486149 1.09652859125e-23
5.65196498362 1.1e-23
5.65246515001 1.1e-23
5.65296536067 1.1e-23
5.65346561559 1.1e-23
5.65396591478 1.1e-23
5.65446625824 1.10049304347e-23
5.65496664598 1.10549304347e-23
5.65546707801 1.11e-23
5.65596755432 1.11e-23
5.65646807491 1.11e-23
5.6569686398 1.11e-23
5.65746924899 1.11e-23
5.65796990248 1.11443640226e-23
5.65847060027 1.11943640226e-23
5.65897134238 1.12e-23
5.65947212879 1.12e-23
5.65997295952 1.12e-23
5.66047383458 1.12e-23
5.66097475395 1.12e-23
5.66147571766 1.12335869198e-23
5.6619767257 1.12835869198e-23
5.66247777807 1.13e-23
5.66297887479 1.13e-23
5.66348001585 1.13e-23
5.66398120125 1.13e-23
5.66448243101 1.13e-23
5.66498370513 1.13226001818e-23
5.6654850236 1.13726001818e-23
5.66598638644 1.14e-23
5.66648779365 1.14e-23
5.66698924522 1.14e-23
5.66749074118 1.14e-23
5.66799228151 1.14e-23
5.66849386623 1.14114039646e-23
5.66899549533 1.14614039646e-23
5.66949716883 1.15e-23
5.66999888672 1.15e-23
5.67050064901 1.15e-23
5.6710024557 1.15e-23
5.6715043068 1.15016405975e-23
5.67200620231 1.15516390221e-23
5.67250814224 1.15999984247e-23
5.67301012658 1.16e-23
5.67351215535 1.16e-23
5.67401422854 1.16e-23
5.67451634616 1.16e-23
5.67501850822 1.16e-23
5.67552071472 1.16383815926e-23
5.67602296566 1.16883815926e-23
5.67652526105 1.17e-23
5.67702760088 1.17e-23
5.67752998517 1.17e-23
5.67803241392 1.17e-23
5.67853488713 1.17e-23
5.67903740481 1.17265557116e-23
5.67953996695 1.17765557116e-23
5.68004257357 1.18e-23
5.68054522467 1.18e-23
5.68104792025 1.18e-23
5.68155066032 1.18e-23
5.68205344487 1.18e-23
5.68255627392 1.18145209396e-23
5.68305914747 1.18645209396e-23
5.68356206552 1.19e-23
5.68406502807 1.19e-23
5.68456803513 1.19e-23
5.68507108671 1.19e-23
5.6855741828 1.19040392807e-23
5.68607732341 1.19540392807e-23
5.68658050855 1.2e-23
5.68708373822 1.2e-23
5.68758701242 1.2e-23
5.68809033116 1.2e-23
5.68859369444 1.2e-23
5.68909710226 1.2e-23
5.68960055463 1.20398234888e-23
5.69010405156 1.20898234888e-23
5.69060759304 1.21e-23
5.69111117908 1.21e-23
5.69161480968 1.21e-23
5.69211848486 1.21e-23
5.6926222046 1.21e-23
5.69312596893 1.21271606689e-23
5.69362977783 1.21771606689e-23
5.69413363132 1.22e-23
5.69463752939 1.22e-23
5.69514147206 1.22e-23
5.69564545933 1.22e-23
5.69614949119 1.22e-23
5.69665356766 1.2214289553e-23
5.69715768873 1.2264289553e-23
5.69766185442 1.23e-23
5.69816606472 1.23e-23
5.69867031965 1.23e-23
5.69917461919 1.23e-23
5.69967896337 1.23e-23
5.70018335217 1.23012103011e-23
5.70068778561 1.23505350322e-23
5.70119226369 1.2399324731e-23
5.70169678642 1.24e-23
5.70220135379 1.24e-23
5.70270596581 1.24e-23
5.70321062249 1.24e-23
5.70371532383 1.24379208512e-23
5.70422006983 1.24879208512e-23
5.7047248605 1.25e-23
5.70522969583 1.25e-23
5.70573457585 1.25e-23
5.70623950054 1.25e-23
5.70674446992 1.25e-23
5.70724948398 1.25244233229e-23
5.70775454273 1.25744233229e-23
5.70825964618 1.26e-23
5.70876479433 1.26e-23
5.70926998718 1.26e-23
5.70977522473 1.26e-23
5.710280507 1.26e-23
5.71078583398 1.26107181003e-23
5.71129120568 1.26607181003e-23
5.7117966221 1.27e-23
5.71230208325 1.27e-23
5.71280758913 1.27e-23
5.71331313974 1.27e-23
5.7138187351 1.27e-23
5.71432437519 1.27e-23
5.71483006003 1.27447999182e-23
5.71533578962 1.27947999182e-23
5.71584156397 1.28e-23
5.71634738307 1.28e-23
5.71685324693 1.28e-23
5.71735915556 1.28e-23
5.71786510896 1.28326820255e-23
5.71837110714 1.28826820255e-23
5.71887715009 1.29e-23
5.71938323783 1.29e-23
5.71988937035 1.29e-23
5.72039554766 1.29e-23
5.72090176976 1.29e-23
5.72140803666 1.29183520458e-23
5.72191434837 1.29683520458e-23
5.72242070488 1.3e-23
5.7229271062 1.3e-23
5.72343355233 1.3e-23
5.72394004328 1.3e-23
5.72444657905 1.3e-23
5.72495315965 1.30038149803e-23
5.72545978508 1.30538149803e-23
5.72596645534 1.31e-23
5.72647317043 1.31e-23
5.72697993037 1.31e-23
5.72748673516 1.31e-23
5.72799358479 1.31e-23
5.72850047928 1.31e-23
5.72900741862 1.3136945414e-23
5.72951440283 1.3186945414e-23
5.7300214319 1.32e-23
5.73052850584 1.32e-23
5.73103562465 1.32e-23
5.73154278834 1.32e-23
5.73204999691 1.32241154604e-23
5.73255725037 1.32741154604e-23
5.73306454871 1.33e-23
5.73357189195 1.33e-23
5.73407928008 1.33e-23
5.73458671312 1.33e-23
5.73509419106 1.33e-23
5.73560171391 1.3308955313e-23
5.73610928167 1.3358955313e-23
5.73661689435 1.34e-23
5.73712455195 1.34e-23
5.73763225448 1.34e-23
5.73814000193 1.34e-23
5.73864779432 1.34e-23
5.73915563164 1.34e-23
5.7396635139 1.34413750219e-23
5.74017144111 1.34913750219e-23
5.74067941327 1.35e-23
5.74118743038 1.35e-23
5.74169549244 1.35e-23
5.74220359947 1.35e-23
5.74271175146 1.35e-23
5.74321994842 1.35257697482e-23
5.74372819035 1.35757697482e-23
5.74423647726 1.36e-23
5.74474480915 1.36e-23
5.74525318603 1.36e-23
5.74576160789 1.36e-23
5.74627007474 1.36122297087e-23
5.74677858659 1.36622297087e-23
5.74728714345 1.37e-23
5.7477957453 1.37e-23
5.74830439217 1.37e-23
5.74881308404 1.37e-23
5.74932182094 1.37e-23
5.74983060285 1.37e-23
5.75033942979 1.37439397712e-23
5.75084830175 1.37939397712e-23
5.75135721875 1.38e-23
5.75186618078 1.38e-23
5.75237518786 1.38e-23
5.75288423998 1.38e-23
5.75339333714 1.38e-23
5.75390247936 1.38277135124e-23
5.75441166664 1.38777135124e-23
5.75492089897 1.39e-23
5.75543017637 1.39e-23
5.75593949884 1.39e-23
5.75644886638 1.39e-23
5.75695827899 1.39e-23
5.75746773669 1.39112815548e-23
5.75797723947 1.39612815548e-23
5.75848678734 1.4e-23
5.7589963803 1.4e-23
5.75950601835 1.4e-23
5.76001570151 1.4e-23
5.76052542977 1.4e-23
5.76103520314 1.40446430703e-23
5.76154502162 1.40946430703e-23
5.76205488521 1.41e-23
5.76256479393 1.41e-23
5.76307474777 1.41e-23
5.76358474674 1.41e-23
5.76409479084 1.41e-23
5.76460488007 1.41277970848e-23
5.76511501445 1.41777970848e-23
5.76562519397 1.42e-23
5.76613541863 1.42e-23
5.76664568845 1.42e-23
5.76715600343 1.42e-23
5.76766636357 1.42e-23
5.76817676887 1.42e-23
5.76868721933 1.42e-23
5.76919771497 1.42058364119e-23
5.76970825579 1.42558364119e-23
5.77021884178 1.43e-23
5.77072947296 1.43e-23
5.77124014933 1.43e-23
5.77175087089 1.43e-23
5.77226163764 1.43e-23
5.7727724496 1.43e-23
5.77328330676 1.43e-23
5.77379420912 1.43e-23
5.7743051567 1.43e-23
5.7748161495 1.43e-23
5.77532718751 1.43e-23
5.77583827075 1.43235122767e-23
5.77634939922 1.43735122767e-23
5.77686057291 1.44e-23
5.77737179185 1.44e-23
5.77788305602 1.44e-23
5.77839436544 1.44e-23
5.77890572011 1.44e-23
5.77941712002 1.44e-23
5.7799285652 1.44e-23
5.78044005563 1.44e-23
5.78095159133 1.44e-23
5.7814631723 1.44e-23
5.78197479853 1.44e-23
5.78248647005 1.44404791133e-23
5.78299818684 1.44904791133e-23
5.78350994892 1.45e-23
5.78402175628 1.45e-23
5.78453360894 1.45e-23
5.7850455069 1.45e-23
5.78555745015 1.45e-23
5.78606943871 1.45e-23
5.78658147257 1.45e-23
5.78709355175 1.45e-23
5.78760567625 1.45e-23
5.78811784606 1.45e-23
5.7886300612 1.45093569583e-23
5.78914232166 1.45593569583e-23
5.78965462746 1.46e-23
5.7901669786 1.46e-23
5.79067937507 1.46e-23
5.79119181689 1.46e-23
5.79170430406 1.46e-23
5.79221683658 1.46e-23
5.79272941445 1.46e-23
5.79324203769 1.46e-23
5.79375470629 1.46e-23
5.79426742025 1.46e-23
5.79478017959 1.46e-23
5.79529298431 1.46249595145e-23
5.79580583441 1.46749595145e-23
5.79631872989 1.47e-23
5.79683167076 1.47e-23
5.79734465702 1.47e-23
5.79785768868 1.47e-23
5.79837076573 1.47e-23
5.7988838882 1.47e-23
5.79939705607 1.47e-23
5.79991026935 1.47e-23
5.80042352805 1.47e-23
5.80093683217 1.47e-23
5.80145018172 1.47e-23
5.80196357669 1.47398551741e-23
5.80247701709 1.47898551741e-23
5.80299050294 1.48e-23
5.80350403422 1.48e-23
5.80401761095 1.48e-23
5.80453123312 1.48e-23
5.80504490075 1.48e-23
5.80555861384 1.48e-23
5.80607237238 1.48e-23
5.80658617639 1.48e-23
5.80710002587 1.48e-23
5.80761392082 1.48e-23
5.80812786125 1.48068235005e-23
5.80864184716 1.48568235005e-23
5.80915587856 1.49e-23
5.80966995544 1.49e-23
5.81018407781 1.49e-23
5.81069824569 1.49e-23
5.81121245906 1.49e-23
5.81172671794 1.49e-23
5.81224102233 1.49e-23
5.81275537223 1.49e-23
5.81326976764 1.49e-23
5.81378420858 1.49e-23
5.81429869505 1.49e-23
5.81481322704 1.49203593647e-23
5.81532780456 1.49703593647e-23
5.81584242763 1.5e-23
5.81635709623 1.5e-23
5.81687181038 1.5e-23
5.81738657008 1.5e-23
5.81790137533 1.5e-23
5.81841622614 1.5e-23
5.81893112251 1.5e-23
5.81944606445 1.5e-23
5.81996105195 1.5e-23
5.82047608503 1.5e-23
5.82099116369 1.5e-23
5.82150628792 1.50331905025e-23
5.82202145775 1.50831905025e-23
5.82253667316 1.51e-23
5.82305193417 1.51e-23
5.82356724077 1.51e-23
5.82408259298 1.51e-23
5.82459799079 1.51e-23
5.82511343421 1.51e-23
5.82562892324 1.51e-23
5.8261444579 1.51e-23
5.82666003817 1.51e-23
5.82717566407 1.51e-23
5.8276913356 1.51e-23
5.82820705277 1.5145317625e-23
5.82872281557 1.5195317625e-23
5.82923862401 1.52e-23
5.8297544781 1.52e-23
5.83027037784 1.52e-23
5.83078632324 1.52e-23
5.83130231429 1.52e-23
5.83181835101 1.52e-23
5.83233443339 1.52e-23
5.83285056144 1.52e-23
5.83336673517 1.52e-23
5.83388295457 1.52e-23
5.83439921966 1.52097324421e-23
5.83491553043 1.52597324421e-23
5.8354318869 1.53e-23
5.83594828905 1.53e-23
5.83646473691 1.53e-23
5.83698123047 1.53e-23
5.83749776974 1.53e-23
5.83801435472 1.53e-23
5.83853098541 1.53e-23
5.83904766182 1.53e-23
5.83956438395 1.53e-23
5.84008115181 1.53e-23
5.8405979654 1.53235481365e-23
5.84111482473 1.53735481365e-23
5.8416317298 1.54e-23
5.84214868061 1.54e-23
5.84266567716 1.54e-23
5.84318271947 1.54e-23
5.84369980753 1.54e-23
5.84421694135 1.54e-23
5.84473412094 1.54e-23
5.84525134629 1.54e-23
5.84576861742 1.54e-23
5.84628593432 1.54e-23
5.846803297 1.54e-23
5.84732070546 1.54336738351e-23
5.84783815971 1.54836738351e-23
5.84835565975 1.55e-23
5.84887320559 1.55e-23
5.84939079723 1.55e-23
5.84990843467 1.55e-23
5.85042611792 1.55e-23
5.85094384698 1.55e-23
5.85146162186 1.55e-23
5.85197944256 1.55e-23
5.85249730908 1.55e-23
5.85301522143 1.55e-23
5.85353317961 1.55e-23
5.85405118363 1.55430984031e-23
5.85456923349 1.55930984031e-23
5.85508732919 1.56e-23
5.85560547075 1.56e-23
5.85612365815 1.56e-23
5.85664189141 1.56e-23
5.85716017054 1.56e-23
5.85767849552 1.56e-23
5.85819686638 1.56e-23
5.85871528311 1.56e-23
5.85923374571 1.56e-23
5.8597522542 1.56e-23
5.86027080857 1.56050219458e-23
5.86078940883 1.56550219458e-23
5.86130805498 1.57e-23
5.86182674703 1.57e-23
5.86234548498 1.57e-23
5.86286426884 1.57e-23
5.86338309861 1.57e-23
5.86390197429 1.57e-23
5.86442089589 1.57e-23
5.86493986341 1.57e-23
5.86545887685 1.57e-23
5.86597793622 1.57e-23
5.86649704153 1.57e-23
5.86701619278 1.57130988372e-23
5.86753538997 1.57630988372e-23
5.8680546331 1.58e-23
5.86857392218 1.58e-23
5.86909325722 1.58e-23
5.86961263822 1.58e-23
5.87013206518 1.58e-23
5.8706515381 1.58e-23
5.871171057 1.58e-23
5.87169062187 1.58e-23
5.87221023272 1.58e-23
5.87272988955 1.58e-23
5.87324959236 1.58e-23
5.87376934117 1.58204768715e-23
5.87428913597 1.58704768715e-23
5.87480897678 1.59e-23
5.87532886358 1.59e-23
5.87584879639 1.59e-23
5.87636877521 1.59e-23
5.87688880005 1.59e-23
5.87740887091 1.59e-23
5.87792898779 1.59e-23
5.8784491507 1.59e-23
5.87896935964 1.59e-23
5.87948961461 1.59e-23
5.88000991562 1.59e-23
5.88053026268 1.59271567946e-23
5.88105065579 1.59771567946e-23
5.88157109495 1.6e-23
5.88209158016 1.6e-23
5.88261211143 1.6e-23
5.88313268877 1.6e-23
5.88365331217 1.6e-23
5.88417398165 1.6e-23
5.8846946972 1.6e-23
5.88521545884 1.6e-23
5.88573626656 1.6e-23
5.88625712036 1.6e-23
5.88677802026 1.6e-23
5.88729896626 1.60331393568e-23
5.88781995836 1.60831393568e-23
5.88834099656 1.61e-23
5.88886208087 1.61e-23
5.88938321129 1.61e-23
5.88990438783 1.61e-23
5.89042561049 1.61e-23
5.89094687928 1.61e-23
5.8914681942 1.61e-23
5.89198955525 1.61e-23
5.89251096243 1.61e-23
5.89303241576 1.61e-23
5.89355391524 1.61e-23
5.89407546086 1.6138425313e-23
5.89459705264 1.6188425313e-23
5.89511869057 1.62e-23
5.89564037467 1.62e-23
5.89616210493 1.62e-23
5.89668388137 1.62e-23
5.89720570398 1.62e-23
5.89772757276 1.62e-23
5.89824948773 1.62e-23
5.89877144888 1.62e-23
5.89929345623 1.62e-23
5.89981550977 1.62e-23
5.90033760951 1.62e-23
5.90085975545 1.62430154227e-23
5.9013819476 1.62930154227e-23
5.90190418596 1.63e-23
5.90242647053 1.63e-23
5.90294880133 1.63e-23
5.90347117835 1.63e-23
5.90399360159 1.63e-23
5.90451607107 1.63e-23
5.90503858678 1.63e-23
5.90556114873 1.63e-23
5.90608375692 1.63e-23
5.90660641137 1.63e-23
5.90712911206 1.63004818996e-23
5.90765185901 1.63473923492e-23
5.90817465222 1.63969104496e-23
5.9086974917 1.64e-23
5.90922037744 1.64e-23
5.90974330946 1.64e-23
5.91026628775 1.64e-23
5.91078931232 1.64e-23
5.91131238318 1.64e-23
5.91183550032 1.64e-23
5.91235866376 1.64e-23
5.9128818735 1.64e-23
5.91340512954 1.64e-23
5.91392843188 1.64e-23
5.91445178053 1.64e-23
5.91497517549 1.64e-23
5.91549861678 1.64428490583e-23
5.91602210438 1.64928490583e-23
5.91654563831 1.65e-23
5.91706921857 1.65e-23
5.91759284516 1.65e-23
5.91811651809 1.65e-23
5.91864023736 1.65e-23
5.91916400298 1.65e-23
5.91968781495 1.65e-23
5.92021167328 1.65e-23
5.92073557796 1.65e-23
5.921259529 1.65e-23
5.92178352641 1.65e-23
5.9223075702 1.65e-23
5.92283166035 1.65e-23
5.92335579689 1.65378645369e-23
5.92387997981 1.65878645369e-23
5.92440420911 1.66e-23
5.92492848481 1.66e-23
5.9254528069 1.66e-23
5.9259771754 1.66e-23
5.92650159029 1.66e-23
5.9270260516 1.66e-23
5.92755055931 1.66e-23
5.92807511344 1.66e-23
5.92859971399 1.66e-23
5.92912436097 1.66e-23
5.92964905437 1.66e-23
5.93017379421 1.66e-23
5.93069858048 1.66e-23
5.93122341319 1.6631958163e-23
5.93174829235 1.6681958163e-23
5.93227321796 1.67e-23
5.93279819002 1.67e-23
5.93332320853 1.67e-23
5.93384827351 1.67e-23
5.93437338495 1.67e-23
5.93489854287 1.67e-23
5.93542374725 1.67e-23
5.93594899812 1.67e-23
5.93647429546 1.67e-23
5.93699963929 1.67e-23
5.93752502961 1.67e-23
5.93805046643 1.67e-23
5.93857594974 1.67e-23
5.93910147955 1.67251312224e-23
5.93962705587 1.67751312224e-23
5.94015267871 1.68e-23
5.94067834805 1.68e-23
5.94120406392 1.68e-23
5.94172982631 1.68e-23
5.94225563522 1.68e-23
5.94278149067 1.68e-23
5.94330739265 1.68e-23
5.94383334117 1.68e-23
5.94435933623 1.68e-23
5.94488537784 1.68e-23
5.94541146601 1.68e-23
5.94593760073 1.68e-23
5.946463782 1.68e-23
5.94699000985 1.68173850091e-23
5.94751628426 1.68673850091e-23
5.94804260524 1.69e-23
5.9485689728 1.69e-23
5.94909538694 1.69e-23
5.94962184766 1.69e-23
5.95014835498 1.69e-23
5.95067490888 1.69e-23
5.95120150939 1.69e-23
5.95172815649 1.69e-23
5.9522548502 1.69e-23
5.95278159052 1.69e-23
5.95330837745 1.69e-23
5.953835211 1.69e-23
5.95436209117 1.69e-23
5.95488901797 1.69087208257e-23
5.9554159914 1.69587208257e-23
5.95594301146 1.7e-23
5.95647007816 1.7e-23
5.9569971915 1.7e-23
5.95752435149 1.7e-23
5.95805155813 1.7e-23
5.95857881143 1.7e-23
5.95910611138 1.7e-23
5.959633458 1.7e-23
5.96016085128 1.7e-23
5.96068829123 1.7e-23
5.96121577786 1.7e-23
5.96174331117 1.7e-23
5.96227089117 1.7e-23
5.96279851785 1.7e-23
5.96332619122 1.70451347925e-23
5.96385391129 1.70951347925e-23
5.96438167806 1.71e-23
5.96490949153 1.71e-23
5.96543735171 1.71e-23
5.96596525861 1.71e-23
5.96649321222 1.71e-23
5.96702121255 1.71e-23
5.96754925961 1.71e-23
5.96807735339 1.71e-23
5.96860549391 1.71e-23
5.96913368117 1.71e-23
5.96966191517 1.71e-23
5.97019019591 1.71e-23
5.97071852341 1.71e-23
5.97124689765 1.71345757351e-23
5.97177531866 1.71845757351e-23
5.97230378643 1.72e-23
5.97283230096 1.72e-23
5.97336086227 1.72e-23
5.97388947035 1.72e-23
5.97441812521 1.72e-23
5.97494682685 1.72e-23
5.97547557528 1.72e-23
5.9760043705 1.72e-23
5.97653321251 1.72e-23
5.97706210132 1.72e-23
5.97759103694 1.72e-23
5.97812001937 1.72e-23
5.97864904861 1.72272292137e-23
5.97917812466 1.72772292137e-23
5.97970724753 1.73e-23
5.98023641723 1.73e-23
5.98076563376 1.73e-23
5.98129489712 1.73e-23
5.98182420731 1.73e-23
5.98235356435 1.73e-23
5.98288296823 1.73e-23
5.98341241896 1.73e-23
5.98394191655 1.73e-23
5.98447146099 1.73e-23
5.98500105229 1.73e-23
5.98553069046 1.73e-23
5.9860603755 1.73e-23
5.98659010742 1.73149039567e-23
5.98711988621 1.73649039567e-23
5.98764971188 1.74e-23
5.98817958444 1.74e-23
5.98870950389 1.74e-23
5.98923947024 1.74e-23
5.98976948348 1.74e-23
5.99029954363 1.74e-23
5.99082965069 1.74e-23
5.99135980466 1.74e-23
5.99189000554 1.74e-23
5.99242025334 1.74e-23
5.99295054807 1.74e-23
5.99348088972 1.74e-23
5.99401127831 1.74e-23
5.99454171383 1.74016671858e-23
5.99507219629 1.74490860455e-23
5.9956027257 1.74974188597e-23
5.99613330206 1.75e-23
5.99666392537 1.75e-23
5.99719459563 1.75e-23
5.99772531286 1.75e-23
5.99825607705 1.75e-23
5.99878688822 1.75e-23
5.99931774635 1.75e-23
5.99984865147 1.75e-23
6.00037960357 1.75e-23
6.00091060265 1.75e-23
6.00144164872 1.75e-23
6.00197274179 1.75e-23
6.00250388186 1.75e-23
6.00303506892 1.75332087298e-23
6.003566303 1.75832087298e-23
6.00409758409 1.76e-23
6.00462891219 1.76e-23
6.00516028731 1.76e-23
6.00569170946 1.76e-23
6.00622317863 1.76e-23
6.00675469484 1.76e-23
6.00728625808 1.76e-23
6.00781786836 1.76e-23
6.00834952569 1.76e-23
6.00888123006 1.76e-23
6.00941298149 1.76e-23
6.00994477998 1.76e-23
6.01047662552 1.76e-23
6.01100851813 1.76180897197e-23
6.01154045781 1.76680897197e-23
6.01207244457 1.77e-23
6.0126044784 1.77e-23
6.01313655931 1.77e-23
6.01366868731 1.77e-23
6.0142008624 1.77e-23
6.01473308459 1.77e-23
6.01526535387 1.77e-23
6.01579767026 1.77e-23
6.01633003375 1.77e-23
6.01686244435 1.77e-23
6.01739490207 1.77e-23
6.01792740691 1.77e-23
6.01845995888 1.77e-23
6.01899255797 1.77020631994e-23
6.01952520419 1.77496922698e-23
6.02005789755 1.77976290705e-23
6.02059063805 1.78e-23
6.02112342569 1.78e-23
6.02165626048 1.78e-23
6.02218914242 1.78e-23
6.02272207153 1.78e-23
6.02325504779 1.78e-23
6.02378807122 1.78e-23
6.02432114181 1.78e-23
6.02485425959 1.78e-23
6.02538742453 1.78e-23
6.02592063667 1.78e-23
6.02645389598 1.78e-23
6.02698720249 1.78e-23
6.02752055619 1.78306329742e-23
6.02805395709 1.78806329742e-23
6.0285874052 1.79e-23
6.02912090051 1.79e-23
6.02965444303 1.79e-23
6.03018803277 1.79e-23
6.03072166973 1.79e-23
6.03125535391 1.79e-23
6.03178908532 1.79e-23
6.03232286396 1.79e-23
6.03285668984 1.79e-23
6.03339056295 1.79e-23
6.03392448332 1.79e-23
6.03445845093 1.79e-23
6.03499246579 1.79e-23
6.03552652791 1.79127320536e-23
6.0360606373 1.79627320536e-23
6.03659479395 1.8e-23
6.03712899787 1.8e-23
6.03766324906 1.8e-23
6.03819754753 1.8e-23
6.03873189328 1.8e-23
6.03926628632 1.8e-23
6.03980072665 1.8e-23
6.04033521428 1.8e-23
6.0408697492 1.8e-23
6.04140433143 1.8e-23
6.04193896097 1.8e-23
6.04247363781 1.8e-23
6.04300836198 1.8e-23
6.04354313346 1.8e-23
6.04407795227 1.80393070178e-23
6.0446128184 1.80893070178e-23
6.04514773187 1.81e-23
6.04568269267 1.81e-23
6.04621770082 1.81e-23
6.04675275631 1.81e-23
6.04728785915 1.81e-23
6.04782300934 1.81e-23
6.0483582069 1.81e-23
6.04889345181 1.81e-23
6.04942874409 1.81e-23
6.04996408374 1.81382307729e-23
6.05049947076 1.81882307729e-23
6.05103490516 1.82e-23
6.05157038695 1.82e-23
6.05210591612 1.82e-23
6.05264149269 1.82e-23
6.05317711665 1.82e-23
6.05371278801 1.82054753819e-23
6.05424850677 1.82554753819e-23
6.05478427294 1.83e-23
6.05532008652 1.83e-23
6.05585594752 1.83e-23
6.05639185594 1.83e-23
6.05692781179 1.83e-23
6.05746381506 1.83e-23
6.05799986577 1.83177990012e-23
6.05853596391 1.83677990012e-23
6.0590721095 1.84e-23
6.05960830253 1.84e-23
6.06014454301 1.84e-23
6.06068083095 1.84e-23
6.06121716634 1.84e-23
6.0617535492 1.84e-23
6.06228997952 1.84e-23
6.06282645732 1.84251072181e-23
6.06336298259 1.84751072181e-23
6.06389955534 1.85e-23
6.06443617557 1.85e-23
6.06497284329 1.85e-23
6.06550955851 1.85e-23
6.06604632122 1.85e-23
6.06658313143 1.85e-23
6.06711998914 1.85368871097e-23
6.06765689436 1.85868871097e-23
6.0681938471 1.86e-23
6.06873084735 1.86e-23
6.06926789513 1.86e-23
6.06980499043 1.86e-23
6.07034213326 1.86e-23
6.07087932362 1.86032349003e-23
6.07141656152 1.86516464007e-23
6.07195384697 1.86984115004e-23
6.07249117996 1.87e-23
6.0730285605 1.87e-23
6.0735659886 1.87e-23
6.07410346426 1.87e-23
6.07464098748 1.87e-23
6.07517855827 1.87145339107e-23
6.07571617663 1.87645339107e-23
6.07625384256 1.88e-23
6.07679155608 1.88e-23
6.07732931718 1.88e-23
6.07786712587 1.88e-23
6.07840498215 1.88e-23
6.07894288603 1.88e-23
6.07948083751 1.88e-23
6.0800188366 1.88206903109e-23
6.0805568833 1.88706903109e-23
6.08109497761 1.89e-23
6.08163311954 1.89e-23
6.08217130909 1.89e-23
6.08270954627 1.89e-23
6.08324783108 1.89e-23
6.08378616352 1.89e-23
6.08432454361 1.89e-23
6.08486297133 1.89265235179e-23
6.08540144671 1.89765235179e-23
6.08593996973 1.9e-23
6.08647854042 1.9e-23
6.08701715876 1.9e-23
6.08755582477 1.9e-23
6.08809453845 1.9e-23
6.0886332998 1.9e-23
6.08917210882 1.9e-23
6.08971096553 1.90320337673e-23
6.09024986993 1.90820337673e-23
6.09078882201 1.91e-23
6.09132782179 1.91e-23
6.09186686927 1.91e-23
6.09240596445 1.91e-23
6.09294510733 1.91e-23
6.09348429793 1.91e-23
6.09402353624 1.91e-23
6.09456282228 1.91372212954e-23
6.09510215603 1.91872212954e-23
6.09564153752 1.92e-23
6.09618096673 1.92e-23
6.09672044368 1.92e-23
6.09725996838 1.92e-23
6.09779954082 1.92e-23
6.098339161 1.92e-23
6.09887882894 1.92e-23
6.09941854464 1.92420863399e-23
6.0999583081 1.92920863399e-23
6.10049811932 1.93e-23
6.10103797832 1.93e-23
6.10157788509 1.93e-23
6.10211783964 1.93e-23
6.10265784197 1.93e-23
6.10319789209 1.93e-23
6.10373799 1.93e-23
6.1042781357 1.93e-23
6.10481832921 1.93e-23
6.10535857052 1.93e-23
6.10589885964 1.93e-23
6.10643919657 1.93e-23
6.10697958131 1.93e-23
6.10752001388 1.93e-23
6.10806049427 1.93e-23
6.1086010225 1.93e-23
6.10914159855 1.93e-23
6.10968222245 1.93e-23
6.11022289418 1.93e-23
6.11076361376 1.93e-23
6.1113043812 1.93303988748e-23
6.11184519648 1.93803988748e-23
6.11238605963 1.94e-23
6.11292697064 1.94e-23
6.11346792952 1.94e-23
6.11400893627 1.94e-23
6.11454999089 1.94e-23
6.1150910934 1.94e-23
6.11563224379 1.94e-23
6.11617344207 1.94e-23
6.11671468824 1.94e-23
6.11725598231 1.94e-23
6.11779732428 1.94e-23
6.11833871415 1.94e-23
6.11888015194 1.94e-23
6.11942163764 1.94e-23
6.11996317126 1.94e-23
6.1205047528 1.94e-23
6.12104638226 1.94e-23
6.12158805966 1.94e-23
6.122129785 1.94e-23
6.12267155827 1.93780045791e-23
6.12321337949 1.93280045791e-23
6.12375524865 1.93e-23
6.12429716577 1.93e-23
6.12483913085 1.93e-23
6.12538114388 1.93e-23
6.12592320488 1.92592977428e-23
6.12646531385 1.92092977428e-23
6.12700747079 1.92e-23
6.12754967571 1.92e-23
6.12809192862 1.92e-23
6.12863422951 1.9185484997e-23
6.12917657839 1.9135484997e-23
6.12971897526 1.91e-23
6.13026142013 1.91e-23
6.13080391301 1.91e-23
6.13134645389 1.91e-23
6.13188904279 1.91e-23
6.1324316797 1.91e-23
6.13297436463 1.91e-23
6.13351709759 1.91e-23
6.13405987858 1.91e-23
6.13460270759 1.91e-23
6.13514558465 1.91e-23
6.13568850975 1.91e-23
6.13623148289 1.91406651516e-23
6.13677450408 1.91906651516e-23
6.13731757333 1.92e-23
6.13786069063 1.92e-23
6.138403856 1.92e-23
6.13894706944 1.92e-23
6.13949033094 1.92087777628e-23
6.14003364053 1.92587777628e-23
6.14057699819 1.93e-23
6.14112040393 1.93e-23
6.14166385777 1.93e-23
6.14220735969 1.93e-23
6.14275090972 1.93267475091e-23
6.14329450784 1.93767475091e-23
6.14383815407 1.94e-23
6.14438184841 1.94e-23
6.14492559087 1.94e-23
6.14546938144 1.94e-23
6.14601322013 1.94e-23
6.14655710695 1.94392001057e-23
6.1471010419 1.94892001057e-23
6.14764502499 1.95e-23
6.14818905621 1.95e-23
6.14873313558 1.95e-23
6.1492772631 1.95122617065e-23
6.14982143877 1.95622617065e-23
6.15036566259 1.96e-23
6.15090993458 1.96e-23
6.15145425473 1.96e-23
6.15199862305 1.96e-23
6.15254303955 1.96e-23
6.15308750422 1.96243819763e-23
6.15363201707 1.96743819763e-23
6.15417657811 1.97e-23
6.15472118734 1.97e-23
6.15526584477 1.97e-23
6.15581055039 1.97e-23
6.15635530422 1.97417606308e-23
6.15690010625 1.97917606308e-23
6.1574449565 1.98e-23
6.15798985496 1.98e-23
6.15853480165 1.98e-23
6.15907979656 1.98e-23
6.15962483969 1.98089967543e-23
6.16016993106 1.98589967543e-23
6.16071507067 1.99e-23
6.16126025852 1.99e-23
6.16180549462 1.99e-23
6.16235077896 1.99e-23
6.16289611156 1.99260905712e-23
6.16344149242 1.99760905712e-23
6.16398692154 2e-23
6.16453239893 2e-23
6.16507792459 2e-23
6.16562349853 2e-23
6.16616912075 2e-23
6.16671479125 2.00375217435e-23
6.16726051004 2.00875217435e-23
6.16780627712 2.01e-23
6.1683520925 2.01e-23
6.16889795619 2.01e-23
6.16944386817 2.01098544255e-23
6.16998982847 2.01598544255e-23
6.17053583708 2.02e-23
6.17108189401 2.02e-23
6.17162799927 2.02e-23
6.17217415285 2.02e-23
6.17272035476 2.02e-23
6.17326660501 2.02209543363e-23
6.1738129036 2.02709543363e-23
6.17435925053 2.03e-23
6.17490564581 2.03e-23
6.17545208944 2.03e-23
6.17599858143 2.02569484755e-23
6.17654512179 2.02069484755e-23
6.1770917105 2.02e-23
6.17763834759 2.01737383393e-23
6.17818503305 2.01237383393e-23
6.1787317669 2.01e-23
6.17927854912 2.00905624363e-23
6.17982537973 2.00405624363e-23
6.18037225873 2e-23
6.18091918613 2e-23
6.18146616193 2.00369496105e-23
6.18201318613 2.01182672602e-23
6.18256025874 2.02069995393e-23
6.18310737976 2.02756818895e-23
6.1836545492 2.03143989732e-23
6.18420176706 2.03731507915e-23
6.18474903335 2.04618526849e-23
6.18529634807 2.05505464754e-23
6.18584371122 2.05974456088e-23
6.18639112281 2.06361224665e-23
6.18693858284 2.06861224665e-23
6.18748609132 2.0724784143e-23
6.18803364825 2.0774784143e-23
6.18858125364 2.08e-23
6.18912890748 2.08e-23
6.18967660979 2.08020619729e-23
6.19022436057 2.08484331984e-23
6.19077215982 2.08963712255e-23
6.19132000755 2.09e-23
6.19186790376 2.09e-23
6.19241584846 2.09235686776e-23
6.19296384165 2.09735686776e-23
6.19351188333 2.1e-23
6.1940599735 2.10064269781e-23
6.19460811219 2.10564269781e-23
6.19515629937 2.11e-23
6.19570453507 2.11e-23
6.19625281929 2.11e-23
6.19680115203 2.11277773007e-23
6.19734953329 2.11777773007e-23
6.19789796307 2.12e-23
6.1984464414 2.1210541299e-23
6.19899496825 2.1260541299e-23
6.19954354366 2.13e-23
6.2000921676 2.13e-23
6.2006408401 2.13e-23
6.20118956115 2.13317353243e-23
6.20173833076 2.13817353243e-23
6.20228714893 2.14e-23
6.20283601567 2.14e-23
6.20338493098 2.14086208011e-23
6.20393389487 2.14586208011e-23
6.20448290733 2.15e-23
6.20503196838 2.15e-23
6.20558107802 2.15354429139e-23
6.20613023626 2.15854429139e-23
6.20667944309 2.16e-23
6.20722869852 2.15819814509e-23
6.20777800256 2.15197785733e-23
6.20832735521 2.14314136902e-23
6.20887675647 2.13430563541e-23
6.20942620635 2.1254707619e-23
6.20997570485 2.12052678327e-23
6.21052525199 2.12e-23
6.21107484775 2.12e-23
6.21162449215 2.12e-23
6.21217418519 2.12e-23
6.21272392688 2.12e-23
6.21327371721 2.12e-23
6.2138235562 2.12e-23
6.21437344384 2.12e-23
6.21492338015 2.12e-23
6.21547336512 2.12e-23
6.21602339877 2.12e-23
6.21657348108 2.12e-23
6.21712361208 2.12e-23
6.21767379176 2.12e-23
6.21822402013 2.12e-23
6.21877429719 2.12e-23
6.21932462295 2.12e-23
6.21987499741 2.12332643056e-23
6.22042542057 2.12832643056e-23
6.22097589244 2.13e-23
6.22152641303 2.13e-23
6.22207698233 2.13e-23
6.22262760036 2.13e-23
6.22317826711 2.13e-23
6.22372898259 2.13e-23
6.22427974681 2.13359092794e-23
6.22483055977 2.13859092794e-23
6.22538142147 2.14e-23
6.22593233192 2.14e-23
6.22648329112 2.14e-23
6.22703429908 2.14e-23
6.2275853558 2.14e-23
6.22813646128 2.14e-23
6.22868761554 2.1438304711e-23
6.22923881857 2.1488304711e-23
6.22979007037 2.15e-23
6.23034137096 2.15e-23
6.23089272034 2.15e-23
6.23144411851 2.15e-23
6.23199556547 2.15024381993e-23
6.23254706123 2.15488848042e-23
6.2330986058 2.15964466048e-23
6.23365019918 2.16e-23
6.23420184137 2.16e-23
6.23475353237 2.16e-23
6.2353052722 2.16e-23
6.23585706085 2.16e-23
6.23640889834 2.1604397045e-23
6.23696078466 2.16527716959e-23
6.23751271981 2.16983746508e-23
6.23806470381 2.17e-23
6.23861673666 2.17e-23
6.23916881836 2.17e-23
6.23972094891 2.17e-23
6.24027312833 2.17e-23
6.24082535661 2.17061068531e-23
6.24137763376 2.17561068531e-23
6.24192995978 2.18e-23
6.24248233468 2.18e-23
6.24303475846 2.18e-23
6.24358723113 2.18e-23
6.24413975269 2.18e-23
6.24469232314 2.18e-23
6.2452449425 2.18075677949e-23
6.24579761075 2.18575677949e-23
6.24635032792 2.19e-23
6.24690309399 2.19e-23
6.24745590899 2.19e-23
6.2480087729 2.19e-23
6.24856168574 2.19e-23
6.24911464751 2.19e-23
6.24966765822 2.1908780042e-23
6.25022071786 2.1958780042e-23
6.25077382644 2.2e-23
6.25132698397 2.2e-23
6.25188019046 2.2e-23
6.25243344589 2.2e-23
6.25298675029 2.2e-23
6.25354010365 2.2e-23
6.25409350599 2.2009743767e-23
6.25464695729 2.2059743767e-23
6.25520045757 2.21e-23
6.25575400683 2.21e-23
6.25630760508 2.21e-23
6.25686125232 2.21e-23
6.25741494855 2.21e-23
6.25796869379 2.21e-23
6.25852248802 2.21e-23
6.25907633127 2.21e-23
6.25963022352 2.21e-23
6.26018416479 2.21e-23
6.26073815509 2.21e-23
6.2612921944 2.21e-23
6.26184628275 2.21e-23
6.26240042013 2.21e-23
6.26295460655 2.21e-23
6.26350884201 2.21e-23
6.26406312651 2.21e-23
6.26461746007 2.2142287806e-23
6.26517184269 2.2192287806e-23
6.26572627436 2.22e-23
6.2662807551 2.22e-23
6.2668352849 2.22e-23
6.26738986378 2.22e-23
6.26794449173 2.22e-23
6.26849916877 2.22e-23
6.26905389489 2.22424140656e-23
6.2696086701 2.22924140656e-23
6.27016349441 2.23e-23
6.27071836782 2.23e-23
6.27127329033 2.23e-23
6.27182826194 2.23e-23
6.27238328267 2.23e-23
6.27293835251 2.23e-23
6.27349347148 2.23422925333e-23
6.27404863957 2.23922925333e-23
6.27460385679 2.24e-23
6.27515912314 2.24e-23
6.27571443863 2.24e-23
6.27626980326 2.24e-23
6.27682521704 2.24e-23
6.27738067997 2.24e-23
6.27793619205 2.24419233847e-23
6.2784917533 2.24919233847e-23
6.2790473637 2.25e-23
6.27960302328 2.25e-23
6.28015873203 2.25e-23
6.28071448996 2.25e-23
6.28127029707 2.25e-23
6.28182615336 2.25e-23
6.28238205884 2.2541306796e-23
6.28293801352 2.2591306796e-23
6.2834940174 2.26e-23
6.28405007048 2.26e-23
6.28460617277 2.26e-23
6.28516232426 2.26e-23
6.28571852498 2.26e-23
6.28627477492 2.26e-23
6.28683107408 2.26404429443e-23
6.28738742247 2.26904429443e-23
6.28794382009 2.27e-23
6.28850026695 2.27e-23
6.28905676306 2.27e-23
6.28961330841 2.27e-23
6.29016990301 2.27e-23
6.29072654687 2.27e-23
6.29128323999 2.27393320071e-23
6.29183998237 2.27893320071e-23
6.29239677402 2.28e-23
6.29295361494 2.28e-23
6.29351050514 2.28e-23
6.29406744462 2.28e-23
6.29462443339 2.28e-23
6.29518147145 2.28e-23
6.2957385588 2.28e-23
6.29629569545 2.28e-23
6.29685288141 2.28e-23
6.29741011667 2.28186511208e-23
6.29796740124 2.28686511208e-23
6.29852473514 2.29057506667e-23
6.29908211835 2.29550454371e-23
6.29963955088 2.29992947705e-23
6.30019703275 2.30363695894e-23
6.30075456395 2.30863695894e-23
6.30131214449 2.31234296779e-23
6.30186977437 2.31734296779e-23
6.3024274536 2.32104750415e-23
6.30298518218 2.32604750415e-23
6.30354296012 2.33e-23
6.30410078741 2.33410136621e-23
6.30465866408 2.34255321293e-23
6.3052165901 2.35125380612e-23
6.30577456551 2.35995366377e-23
6.30633259029 2.368652786e-23
6.30689066445 2.37735117296e-23
6.307448788 2.38585009132e-23
6.30800696094 2.39e-23
6.30856518327 2.39389469048e-23
6.30912345501 2.40213678807e-23
6.30968177615 2.41083123493e-23
6.31024014669 2.41952494715e-23
6.31079856665 2.42821792485e-23
6.31135703603 2.4369101682e-23
6.31191555482 2.44560167194e-23
6.31247412305 2.45429230821e-23
6.3130327407 2.46298208243e-23
6.31359140778 2.47167112263e-23
6.31415012431 2.48035942896e-23
6.31470889028 2.48904700155e-23
6.3152677057 2.49669530221e-23
6.31582657057 2.50038140774e-23
6.31638548489 2.50510526199e-23
6.31694444868 2.51378971064e-23
6.31750346193 2.52247334832e-23
6.31806252465 2.53115625289e-23
6.31862163684 2.53983842449e-23
6.31918079851 2.54851986326e-23
6.31974000967 2.55720056934e-23
6.32029927031 2.56588054286e-23
6.32085858044 2.57455967173e-23
6.32141794007 2.58323793349e-23
6.3219773492 2.59191544045e-23
6.32253680784 2.60059221521e-23
6.32309631598 2.60926825791e-23
6.32365587363 2.61680304813e-23
6.32421548081 2.62047762714e-23
6.3247751375 2.62529195718e-23
6.32533484372 2.63396489972e-23
6.32589459948 2.64263701322e-23
6.32645440476 2.6513083953e-23
6.32701425959 2.6599790461e-23
6.32757416396 2.66864896575e-23
6.32813411788 2.6764918714e-23
6.32869412135 2.68016032919e-23
6.32925417438 2.68465423591e-23
6.32981427697 2.68949390672e-23
6.33037442913 2.69315990029e-23
6.33093463086 2.69815990029e-23
6.33149488216 2.7e-23
6.33205518304 2.70115615168e-23
6.3326155335 2.70615615168e-23
6.33317593356 2.71e-23
6.3337363832 2.71414894409e-23
6.33429688244 2.71914894409e-23
6.33485743128 2.72e-23
6.33541802973 2.72213821618e-23
6.33597867778 2.72713821618e-23
6.33653937546 2.73079590734e-23
6.33710012274 2.73579590734e-23
6.33766091966 2.74e-23
6.3382217662 2.74377946057e-23
6.33878266237 2.74877946057e-23
6.33934360817 2.75243323192e-23
6.33990460362 2.75743323192e-23
6.34046564871 2.76108554606e-23
6.34102674346 2.76608554606e-23
6.34158788785 2.77e-23
6.3421490819 2.77406109416e-23
6.34271032562 2.77906109416e-23
6.343271619 2.78270949114e-23
6.34383296206 2.78770949114e-23
6.34439435479 2.79135643248e-23
6.3449557972 2.79635643248e-23
6.34551728929 2.80000191875e-23
6.34607883107 2.80432589676e-23
6.34664042255 2.80932397801e-23
6.34720206372 2.81296700484e-23
6.3477637546 2.81796700484e-23
6.34832549518 2.8216085776e-23
6.34888728547 2.8266085776e-23
6.34944912548 2.83024869685e-23
6.35001101521 2.83481681998e-23
6.35057295466 2.83956812312e-23
6.35113494384 2.84320578403e-23
6.35169698275 2.84820578403e-23
6.3522590714 2.85e-23
6.3528212098 2.85115955214e-23
6.35338339793 2.85615955214e-23
6.35394563582 2.86e-23
6.35450792347 2.86410987157e-23
6.35507026087 2.86910987157e-23
6.35563264803 2.87274144526e-23
6.35619508497 2.87774144526e-23
6.35675757167 2.88137156832e-23
6.35732010816 2.88637156832e-23
6.35788269442 1.445e-23
