#xsec (eV,cm2) for H2CO -> CO + H2
1.01283033864 0.0
1.03882025108 0.0
1.06547708229 0.0
1.09281794584 0.0
1.12086039446 0.0
1.14962243131 0.0
1.1791225215 0.0
1.20937960399 0.0
1.2404131037 0.0
1.27224294404 0.0
1.30488955964 0.0
1.3383739095 0.0
1.37271749046 0.0
1.40794235097 0.0
1.44407110525 0.0
1.48112694784 0.0
1.51913366844 0.0
1.55811566724 0.0
1.59809797053 0.0
1.6391062468 0.0
1.68116682321 0.0
1.7243067025 0.0
1.7685535803 5e-36
1.81393586296 1e-35
1.86048268573 1e-35
1.9082239315 1e-35
1.95719024997 1e-35
2.00741307733 1e-35
2.05892465645 1e-35
2.11175805759 1e-35
2.16594719958 1e-35
2.22152687165 1e-35
2.27853275575 1e-35
2.33700144945 1e-35
2.39697048942 1e-35
2.45847837558 1e-35
2.52156459575 1e-35
2.58626965106 1e-35
2.65263508191 1e-35
2.72070349466 1e-35
2.79051858899 1e-35
2.86212518592 1e-35
2.93556925662 1e-35
3.01089795192 1e-35
3.08815963256 1e-35
3.16740390025 1e-35
3.24868162952 1e-35
3.33204500037 7.24418504788e-22
3.41754753178 7.74418504788e-22
3.50524411605 1e-22
3.59519105407 4.59633829835e-21
3.68744609143 4.58454779062e-21
3.78206845554 2.67624904583e-21
3.87911889359 8.43620565101e-21
3.97865971161 8.12650895517e-21
4.08075481444 4.72552824775e-21
4.18546974675 4.16871949456e-21
4.29287173515 8.08284311332e-21
4.40302973131 7.51263352564e-21
4.51601445626 1.54954100812e-21
4.63189844577 3.48216491274e-22
4.75075609694 0.0
4.87266371593 0.0
4.997699567 0.0
5.12594392268 0.0
5.25747911539 0.0
5.39238959022 0.0
5.53076195922 0.0
5.67268505691 0.0
5.81824999742 0.0
5.96755023288 0.0
6.1206816135 0.0
6.27774244906 0.0
6.43883357203 0.0
6.60405840233 0.0
6.77352301366 0.0
6.9473362017 0.0
7.12560955386 0.0
7.30845752098 0.0
7.49599749077 0.0
7.68834986321 0.0
7.88563812779 0.0
8.08798894286 0.0
8.29553221689 0.0
8.5084011919 0.0
8.72673252897 0.0
8.95066639602 0.0
9.18034655777 0.0
9.41592046802 0.0
9.65753936436 0.0
9.90535836521 0.0
10.1595365695 0.0
10.4202371586 0.0
10.6876275014 0.0
10.9618792615 0.0
11.2431685075 0.0
11.5316758261 0.0
11.8275864379 0.0
12.1310903163 0.0
12.4423823099 0.0
