#xsec (eV,cm2) for H2CO -> CO + H + H
1.01283033864 0.0
1.03882025108 0.0
1.06547708229 0.0
1.09281794584 0.0
1.12086039446 0.0
1.14962243131 0.0
1.1791225215 0.0
1.20937960399 0.0
1.2404131037 0.0
1.27224294404 0.0
1.30488955964 0.0
1.3383739095 0.0
1.37271749046 0.0
1.40794235097 0.0
1.44407110525 0.0
1.48112694784 0.0
1.51913366844 0.0
1.55811566724 0.0
1.59809797053 0.0
1.6391062468 0.0
1.68116682321 0.0
1.7243067025 0.0
1.7685535803 0.0
1.81393586296 0.0
1.86048268573 0.0
1.9082239315 0.0
1.95719024997 0.0
2.00741307733 0.0
2.05892465645 0.0
2.11175805759 0.0
2.16594719958 0.0
2.22152687165 0.0
2.27853275575 0.0
2.33700144945 0.0
2.39697048942 0.0
2.45847837558 0.0
2.52156459575 0.0
2.58626965106 0.0
2.65263508191 0.0
2.72070349466 0.0
2.79051858899 0.0
2.86212518592 0.0
2.93556925662 0.0
3.01089795192 0.0
3.08815963256 0.0
3.16740390025 0.0
3.24868162952 0.0
3.33204500037 0.0
3.41754753178 0.0
3.50524411605 0.0
3.59519105407 0.0
3.68744609143 0.0
3.78206845554 0.0
3.87911889359 0.0
3.97865971161 0.0
4.08075481444 0.0
4.18546974675 0.0
4.29287173515 0.0
4.40302973131 0.0
4.51601445626 2.31180893566e-21
4.63189844577 3.04368729335e-21
4.75075609694 1.16535766101e-21
4.87266371593 8.24051663828e-22
4.997699567 7.92954989327e-22
5.12594392268 8.81472528117e-22
5.25747911539 1.16218448978e-21
5.39238959022 1.65543537739e-21
5.53076195922 2.31925922475e-21
5.67268505691 3.36720210132e-21
5.81824999742 4.8260479372e-21
5.96755023288 6.96249301891e-21
6.1206816135 9.74754880042e-21
6.27774244906 3.23886005121e-19
6.43883357203 9.59323729253e-19
6.60405840233 1.61307200407e-18
6.77352301366 3.2409366539e-18
6.9473362017 4.29831897135e-18
7.12560955386 5.67860250236e-18
7.30845752098 4.47180755365e-18
7.49599749077 1.07263082863e-18
7.68834986321 5e-19
7.88563812779 1.49690128188e-17
8.08798894286 1.72190128188e-17
8.29553221689 5.43985097132e-18
8.5084011919 4.57496526394e-18
8.72673252897 5.74034786971e-18
8.95066639602 9.25234411532e-18
9.18034655777 8.8835812775e-18
9.41592046802 8.44798577532e-18
9.65753936436 8.80688605967e-18
9.90535836521 1.54167986741e-17
10.1595365695 1.33350536279e-17
10.4202371586 1.16092964269e-17
10.6876275014 1.80157085288e-17
10.9618792615 1.46233606265e-17
11.2431685075 1.01688522472e-17
11.5316758261 6.09208860515e-18
11.8275864379 2.86865886456e-18
12.1310903163 1.25270498245e-18
12.4423823099 4.68257174285e-18
