#xsec (eV,cm2) for H2CO -> HCO + H
1.01283033864 0.0
1.03882025108 0.0
1.06547708229 0.0
1.09281794584 0.0
1.12086039446 0.0
1.14962243131 0.0
1.1791225215 0.0
1.20937960399 0.0
1.2404131037 0.0
1.27224294404 0.0
1.30488955964 0.0
1.3383739095 0.0
1.37271749046 0.0
1.40794235097 0.0
1.44407110525 0.0
1.48112694784 0.0
1.51913366844 0.0
1.55811566724 0.0
1.59809797053 0.0
1.6391062468 0.0
1.68116682321 0.0
1.7243067025 0.0
1.7685535803 0.0
1.81393586296 0.0
1.86048268573 0.0
1.9082239315 0.0
1.95719024997 0.0
2.00741307733 0.0
2.05892465645 0.0
2.11175805759 0.0
2.16594719958 0.0
2.22152687165 0.0
2.27853275575 0.0
2.33700144945 0.0
2.39697048942 0.0
2.45847837558 0.0
2.52156459575 0.0
2.58626965106 0.0
2.65263508191 0.0
2.72070349466 0.0
2.79051858899 0.0
2.86212518592 0.0
2.93556925662 0.0
3.01089795192 0.0
3.08815963256 0.0
3.16740390025 0.0
3.24868162952 0.0
3.33204500037 0.0
3.41754753178 0.0
3.50524411605 0.0
3.59519105407 0.0
3.68744609143 1.17905077287e-23
3.78206845554 1.69912212344e-21
3.87911889359 5.9921761809e-21
3.97865971161 6.22195520027e-21
4.08075481444 4.12261706505e-21
4.18546974675 4.2693695694e-21
4.29287173515 1.18602606853e-20
4.40302973131 1.22684160327e-20
4.51601445626 9.97813302883e-21
4.63189844577 1.04882989716e-20
4.75075609694 5.75827628082e-21
4.87266371593 5.12913465423e-21
4.997699567 3.90846302546e-21
5.12594392268 2.61043753213e-21
5.25747911539 2.08334795919e-21
5.39238959022 2.05620139059e-21
5.53076195922 2.0814758246e-21
5.67268505691 2.14201057753e-21
5.81824999742 2.21526108784e-21
5.96755023288 2.15551981352e-21
6.1206816135 1.94438718238e-21
6.27774244906 1.54299559509e-21
6.43883357203 9.57581242692e-22
6.60405840233 3.56032900519e-22
6.77352301366 2.57242902327e-23
6.9473362017 0.0
7.12560955386 0.0
7.30845752098 0.0
7.49599749077 0.0
7.68834986321 0.0
7.88563812779 0.0
8.08798894286 0.0
8.29553221689 0.0
8.5084011919 0.0
8.72673252897 0.0
8.95066639602 0.0
9.18034655777 0.0
9.41592046802 0.0
9.65753936436 0.0
9.90535836521 0.0
10.1595365695 0.0
10.4202371586 0.0
10.6876275014 0.0
10.9618792615 0.0
11.2431685075 0.0
11.5316758261 0.0
11.8275864379 0.0
12.1310903163 0.0
12.4423823099 0.0
