#xsec (eV,cm2) for H2O2 -> OH + OH
1.01283033864 0.0
1.03882025108 0.0
1.06547708229 0.0
1.09281794584 0.0
1.12086039446 0.0
1.14962243131 0.0
1.1791225215 0.0
1.20937960399 0.0
1.2404131037 0.0
1.27224294404 0.0
1.30488955964 0.0
1.3383739095 0.0
1.37271749046 0.0
1.40794235097 0.0
1.44407110525 0.0
1.48112694784 0.0
1.51913366844 0.0
1.55811566724 0.0
1.59809797053 0.0
1.6391062468 0.0
1.68116682321 0.0
1.7243067025 0.0
1.7685535803 0.0
1.81393586296 0.0
1.86048268573 0.0
1.9082239315 0.0
1.95719024997 0.0
2.00741307733 0.0
2.05892465645 0.0
2.11175805759 0.0
2.16594719958 4.60727770695e-24
2.22152687165 1.52806203827e-23
2.27853275575 2.75684096557e-23
2.33700144945 4.01715119237e-23
2.39697048942 5.30980183316e-23
2.45847837558 6.63562276486e-23
2.52156459575 7.99546515961e-23
2.58626965106 9.39020203119e-23
2.65263508191 1.08207287955e-22
2.72070349466 1.22879638455e-22
2.79051858899 1.37928491405e-22
2.86212518592 1.53363508114e-22
2.93556925662 1.69194597806e-22
3.01089795192 1.85431923981e-22
3.08815963256 2.02085910943e-22
3.16740390025 2.1916725049e-22
3.24868162952 2.36686908778e-22
3.33204500037 2.54656133363e-22
3.41754753178 2.73086460421e-22
3.50524411605 3.05315805153e-22
3.59519105407 5.03018843918e-22
3.68744609143 8.77551968203e-22
3.78206845554 1.35188897447e-21
3.87911889359 2.16285941552e-21
3.97865971161 3.47021350938e-21
4.08075481444 5.41611747308e-21
4.18546974675 8.28483646183e-21
4.29287173515 1.2413608358e-20
4.40302973131 1.83806799367e-20
4.51601445626 2.61689201662e-20
4.63189844577 3.68752442921e-20
4.75075609694 5.10568640879e-20
4.87266371593 6.88392242489e-20
4.997699567 8.94899397157e-20
5.12594392268 1.13986333797e-19
5.25747911539 1.44449455438e-19
5.39238959022 1.7995355584e-19
5.53076195922 2.20745755791e-19
5.67268505691 2.66995635828e-19
5.81824999742 3.18000493834e-19
5.96755023288 3.70477550747e-19
6.1206816135 4.35419752886e-19
6.27774244906 5.18499140735e-19
6.43883357203 6.15595725227e-19
6.60405840233 8.396008575e-19
6.77352301366 1.13522777321e-18
6.9473362017 1.56071104678e-18
7.12560955386 2.42118293133e-18
7.30845752098 3.39208362004e-18
7.49599749077 3.88616498925e-18
7.68834986321 3.83056403762e-18
7.88563812779 3.61615116418e-18
8.08798894286 3.60332941774e-18
8.29553221689 3.8258451953e-18
8.5084011919 4.27214917799e-18
8.72673252897 5.02964911571e-18
8.95066639602 6.24732672129e-18
9.18034655777 7.69872769482e-18
9.41592046802 9.0311399061e-18
9.65753936436 9.76955456463e-18
9.90535836521 9.93994247113e-18
10.1595365695 1e-17
10.4202371586 1e-17
10.6876275014 1e-17
10.9618792615 1e-17
11.2431685075 1e-17
11.5316758261 1e-17
11.8275864379 1e-17
12.1310903163 1e-17
12.4423823099 1.10242883153e-17
