#xsec (eV,cm2) for H2O -> H + OH
4.76883399785 0.0
4.76925601223 0.0
4.76967806396 0.0
4.77010015304 0.0
4.77052227946 0.0
4.77094444325 0.0
4.77136664439 0.0
4.77178888289 0.0
4.77221115876 0.0
4.772633472 0.0
4.77305582261 0.0
4.7734782106 0.0
4.77390063597 0.0
4.77432309872 0.0
4.77474559885 0.0
4.77516813637 0.0
4.77559071129 0.0
4.7760133236 0.0
4.77643597331 0.0
4.77685866042 0.0
4.77728138494 0.0
4.77770414686 0.0
4.7781269462 0.0
4.77854978295 0.0
4.77897265712 0.0
4.77939556872 0.0
4.77981851773 0.0
4.78024150418 0.0
4.78066452806 0.0
4.78108758937 0.0
4.78151068813 0.0
4.78193382432 0.0
4.78235699796 0.0
4.78278020905 0.0
4.78320345759 0.0
4.78362674358 0.0
4.78405006704 0.0
4.78447342795 0.0
4.78489682633 0.0
4.78532026218 0.0
4.7857437355 0.0
4.78616724629 0.0
4.78659079456 0.0
4.78701438032 0.0
4.78743800356 0.0
4.78786166429 0.0
4.78828536251 0.0
4.78870909822 0.0
4.78913287143 0.0
4.78955668215 0.0
4.78998053036 0.0
4.79040441609 0.0
4.79082833933 0.0
4.79125230008 0.0
4.79167629835 0.0
4.79210033414 0.0
4.79252440746 0.0
4.79294851831 0.0
4.79337266668 0.0
4.79379685259 0.0
4.79422107604 0.0
4.79464533703 0.0
4.79506963557 0.0
4.79549397165 0.0
4.79591834529 0.0
4.79634275648 0.0
4.79676720522 0.0
4.79719169153 0.0
4.7976162154 0.0
4.79804077685 0.0
4.79846537586 0.0
4.79889001244 0.0
4.79931468661 0.0
4.79973939835 0.0
4.80016414768 0.0
4.8005889346 0.0
4.80101375911 0.0
4.80143862122 0.0
4.80186352092 0.0
4.80228845822 0.0
4.80271343313 0.0
4.80313844564 0.0
4.80356349577 0.0
4.80398858351 0.0
4.80441370887 0.0
4.80483887185 0.0
4.80526407245 0.0
4.80568931069 0.0
4.80611458655 0.0
4.80653990005 0.0
4.80696525118 0.0
4.80739063996 0.0
4.80781606638 0.0
4.80824153045 0.0
4.80866703217 0.0
4.80909257154 0.0
4.80951814858 0.0
4.80994376327 0.0
4.81036941563 0.0
4.81079510565 0.0
4.81122083335 0.0
4.81164659872 0.0
4.81207240177 0.0
4.8124982425 0.0
4.81292412092 0.0
4.81335003702 0.0
4.81377599081 0.0
4.8142019823 0.0
4.81462801149 0.0
4.81505407837 0.0
4.81548018296 0.0
4.81590632526 0.0
4.81633250527 0.0
4.816758723 0.0
4.81718497844 0.0
4.8176112716 0.0
4.81803760249 0.0
4.81846397111 0.0
4.81889037746 0.0
4.81931682154 0.0
4.81974330336 0.0
4.82016982292 0.0
4.82059638022 0.0
4.82102297528 0.0
4.82144960808 0.0
4.82187627864 0.0
4.82230298696 0.0
4.82272973304 0.0
4.82315651688 0.0
4.82358333849 0.0
4.82401019787 0.0
4.82443709503 0.0
4.82486402996 0.0
4.82529100268 0.0
4.82571801318 0.0
4.82614506147 0.0
4.82657214755 0.0
4.82699927142 0.0
4.82742643309 0.0
4.82785363257 0.0
4.82828086984 0.0
4.82870814493 0.0
4.82913545783 0.0
4.82956280854 0.0
4.82999019707 0.0
4.83041762342 0.0
4.8308450876 0.0
4.83127258961 0.0
4.83170012944 0.0
4.83212770711 0.0
4.83255532262 0.0
4.83298297597 0.0
4.83341066717 0.0
4.83383839621 0.0
4.83426616311 0.0
4.83469396786 0.0
4.83512181047 0.0
4.83554969094 0.0
4.83597760927 0.0
4.83640556548 0.0
4.83683355955 0.0
4.8372615915 0.0
4.83768966133 0.0
4.83811776904 0.0
4.83854591464 0.0
4.83897409812 0.0
4.8394023195 0.0
4.83983057877 0.0
4.84025887594 0.0
4.84068721101 0.0
4.84111558398 0.0
4.84154399487 0.0
4.84197244366 0.0
4.84240093038 0.0
4.84282945501 0.0
4.84325801756 0.0
4.84368661804 0.0
4.84411525644 0.0
4.84454393278 0.0
4.84497264706 0.0
4.84540139927 0.0
4.84583018942 0.0
4.84625901752 0.0
4.84668788357 0.0
4.84711678757 0.0
4.84754572953 0.0
4.84797470945 0.0
4.84840372732 0.0
4.84883278317 0.0
4.84926187698 0.0
4.84969100876 0.0
4.85012017852 0.0
4.85054938626 0.0
4.85097863199 0.0
4.85140791569 0.0
4.85183723739 0.0
4.85226659708 0.0
4.85269599477 0.0
4.85312543045 0.0
4.85355490414 0.0
4.85398441583 0.0
4.85441396553 0.0
4.85484355325 0.0
4.85527317898 0.0
4.85570284273 0.0
4.8561325445 0.0
4.8565622843 0.0
4.85699206213 0.0
4.85742187799 0.0
4.85785173189 0.0
4.85828162383 0.0
4.85871155381 0.0
4.85914152184 0.0
4.85957152791 0.0
4.86000157204 0.0
4.86043165423 0.0
4.86086177447 0.0
4.86129193278 0.0
4.86172212916 0.0
4.8621523636 0.0
4.86258263612 0.0
4.86301294672 0.0
4.86344329539 0.0
4.86387368215 0.0
4.864304107 0.0
4.86473456993 0.0
4.86516507096 0.0
4.86559561009 0.0
4.86602618731 0.0
4.86645680264 0.0
4.86688745608 0.0
4.86731814763 0.0
4.86774887729 0.0
4.86817964507 0.0
4.86861045097 0.0
4.86904129499 0.0
4.86947217714 0.0
4.86990309742 0.0
4.87033405583 0.0
4.87076505238 0.0
4.87119608708 0.0
4.87162715991 0.0
4.8720582709 0.0
4.87248942003 0.0
4.87292060732 0.0
4.87335183277 0.0
4.87378309637 0.0
4.87421439814 0.0
4.87464573808 0.0
4.87507711619 0.0
4.87550853248 0.0
4.87593998694 0.0
4.87637147959 0.0
4.87680301042 0.0
4.87723457943 0.0
4.87766618664 0.0
4.87809783204 0.0
4.87852951564 0.0
4.87896123745 0.0
4.87939299745 0.0
4.87982479567 0.0
4.8802566321 0.0
4.88068850674 0.0
4.8811204196 0.0
4.88155237068 0.0
4.88198435999 0.0
4.88241638753 0.0
4.8828484533 0.0
4.8832805573 0.0
4.88371269954 0.0
4.88414488003 0.0
4.88457709876 0.0
4.88500935573 0.0
4.88544165097 0.0
4.88587398445 0.0
4.8863063562 0.0
4.88673876621 0.0
4.88717121448 0.0
4.88760370102 0.0
4.88803622584 0.0
4.88846878893 0.0
4.8889013903 0.0
4.88933402996 0.0
4.8897667079 0.0
4.89019942413 0.0
4.89063217865 0.0
4.89106497147 0.0
4.89149780258 0.0
4.89193067201 0.0
4.89236357973 0.0
4.89279652577 0.0
4.89322951012 0.0
4.89366253279 0.0
4.89409559378 0.0
4.89452869309 0.0
4.89496183073 0.0
4.89539500669 0.0
4.89582822099 0.0
4.89626147363 0.0
4.89669476461 0.0
4.89712809393 0.0
4.8975614616 0.0
4.89799486762 0.0
4.898428312 0.0
4.89886179473 0.0
4.89929531582 0.0
4.89972887528 0.0
4.9001624731 0.0
4.9005961093 0.0
4.90102978387 0.0
4.90146349681 0.0
4.90189724814 0.0
4.90233103785 0.0
4.90276486595 0.0
4.90319873245 0.0
4.90363263733 0.0
4.90406658062 0.0
4.9045005623 0.0
4.90493458239 0.0
4.90536864089 0.0
4.9058027378 0.0
4.90623687313 0.0
4.90667104687 0.0
4.90710525904 0.0
4.90753950963 0.0
4.90797379865 0.0
4.9084081261 0.0
4.90884249199 0.0
4.90927689632 0.0
4.90971133909 0.0
4.9101458203 0.0
4.91058033996 0.0
4.91101489808 0.0
4.91144949465 0.0
4.91188412968 0.0
4.91231880318 0.0
4.91275351514 0.0
4.91318826557 0.0
4.91362305447 0.0
4.91405788185 0.0
4.91449274771 0.0
4.91492765205 0.0
4.91536259488 0.0
4.9157975762 0.0
4.91623259601 0.0
4.91666765432 0.0
4.91710275112 0.0
4.91753788644 0.0
4.91797306026 0.0
4.91840827258 0.0
4.91884352343 0.0
4.91927881279 0.0
4.91971414067 0.0
4.92014950707 0.0
4.92058491201 0.0
4.92102035547 0.0
4.92145583747 0.0
4.921891358 0.0
4.92232691708 0.0
4.9227625147 0.0
4.92319815087 0.0
4.92363382559 0.0
4.92406953886 0.0
4.92450529069 0.0
4.92494108109 0.0
4.92537691005 0.0
4.92581277757 0.0
4.92624868367 0.0
4.92668462835 0.0
4.9271206116 0.0
4.92755663344 0.0
4.92799269386 0.0
4.92842879287 0.0
4.92886493047 0.0
4.92930110667 0.0
4.92973732146 0.0
4.93017357486 0.0
4.93060986686 0.0
4.93104619748 0.0
4.93148256671 0.0
4.93191897455 0.0
4.93235542101 0.0
4.9327919061 0.0
4.93322842981 0.0
4.93366499215 0.0
4.93410159313 0.0
4.93453823274 0.0
4.93497491099 0.0
4.93541162788 0.0
4.93584838343 0.0
4.93628517762 0.0
4.93672201047 0.0
4.93715888197 0.0
4.93759579213 0.0
4.93803274096 0.0
4.93846972846 0.0
4.93890675462 0.0
4.93934381947 0.0
4.93978092298 0.0
4.94021806518 0.0
4.94065524607 0.0
4.94109246564 0.0
4.9415297239 0.0
4.94196702086 0.0
4.94240435652 0.0
4.94284173088 0.0
4.94327914394 0.0
4.94371659571 0.0
4.9441540862 0.0
4.9445916154 0.0
4.94502918332 0.0
4.94546678996 0.0
4.94590443532 0.0
4.94634211942 0.0
4.94677984225 0.0
4.94721760381 0.0
4.94765540411 0.0
4.94809324316 0.0
4.94853112095 0.0
4.94896903749 0.0
4.94940699279 0.0
4.94984498684 0.0
4.95028301965 0.0
4.95072109123 0.0
4.95115920157 0.0
4.95159735068 0.0
4.95203553857 0.0
4.95247376523 0.0
4.95291203067 0.0
4.9533503349 0.0
4.95378867791 0.0
4.95422705972 0.0
4.95466548032 0.0
4.95510393972 0.0
4.95554243792 0.0
4.95598097492 0.0
4.95641955073 0.0
4.95685816535 0.0
4.95729681879 0.0
4.95773551105 0.0
4.95817424212 0.0
4.95861301203 0.0
4.95905182076 0.0
4.95949066832 0.0
4.95992955472 0.0
4.96036847996 0.0
4.96080744404 0.0
4.96124644696 0.0
4.96168548874 0.0
4.96212456937 0.0
4.96256368885 0.0
4.96300284719 0.0
4.9634420444 0.0
4.96388128047 0.0
4.96432055542 0.0
4.96475986923 0.0
4.96519922193 0.0
4.9656386135 0.0
4.96607804395 0.0
4.9665175133 0.0
4.96695702153 0.0
4.96739656866 0.0
4.96783615469 0.0
4.96827577961 0.0
4.96871544344 0.0
4.96915514618 0.0
4.96959488783 0.0
4.9700346684 0.0
4.97047448788 0.0
4.97091434628 0.0
4.97135424361 0.0
4.97179417987 0.0
4.97223415506 0.0
4.97267416918 0.0
4.97311422224 0.0
4.97355431425 0.0
4.9739944452 0.0
4.9744346151 0.0
4.97487482395 0.0
4.97531507176 0.0
4.97575535853 0.0
4.97619568426 0.0
4.97663604895 0.0
4.97707645262 0.0
4.97751689526 0.0
4.97795737688 0.0
4.97839789747 0.0
4.97883845705 0.0
4.97927905562 0.0
4.97971969318 0.0
4.98016036973 0.0
4.98060108528 0.0
4.98104183983 0.0
4.98148263338 0.0
4.98192346594 0.0
4.98236433751 0.0
4.9828052481 0.0
4.9832461977 0.0
4.98368718633 0.0
4.98412821398 0.0
4.98456928066 0.0
4.98501038637 0.0
4.98545153112 0.0
4.98589271491 0.0
4.98633393774 0.0
4.98677519961 0.0
4.98721650053 0.0
4.98765784051 0.0
4.98809921954 0.0
4.98854063763 0.0
4.98898209479 0.0
4.98942359101 0.0
4.9898651263 0.0
4.99030670066 0.0
4.9907483141 0.0
4.99118996662 0.0
4.99163165823 0.0
4.99207338892 0.0
4.9925151587 0.0
4.99295696758 0.0
4.99339881555 0.0
4.99384070262 0.0
4.9942826288 0.0
4.99472459409 0.0
4.99516659849 0.0
4.995608642 0.0
4.99605072463 0.0
4.99649284639 0.0
4.99693500727 0.0
4.99737720727 0.0
4.99781944641 0.0
4.99826172469 0.0
4.9987040421 0.0
4.99914639866 0.0
4.99958879436 0.0
5.00003122922 0.0
5.00047370322 0.0
5.00091621638 0.0
5.0013587687 0.0
5.00180136019 0.0
5.00224399084 0.0
5.00268666066 0.0
5.00312936966 0.0
5.00357211783 0.0
5.00401490519 0.0
5.00445773172 0.0
5.00490059745 0.0
5.00534350237 0.0
5.00578644648 0.0
5.00622942979 0.0
5.0066724523 0.0
5.00711551401 0.0
5.00755861493 0.0
5.00800175507 0.0
5.00844493442 0.0
5.00888815299 0.0
5.00933141078 0.0
5.0097747078 0.0
5.01021804405 0.0
5.01066141953 0.0
5.01110483424 0.0
5.0115482882 0.0
5.0119917814 0.0
5.01243531384 0.0
5.01287888554 0.0
5.01332249649 0.0
5.01376614669 0.0
5.01420983616 0.0
5.01465356489 0.0
5.01509733289 0.0
5.01554114016 0.0
5.0159849867 0.0
5.01642887252 0.0
5.01687279763 0.0
5.01731676201 0.0
5.01776076569 0.0
5.01820480866 0.0
5.01864889092 0.0
5.01909301248 0.0
5.01953717334 0.0
5.01998137351 0.0
5.02042561299 0.0
5.02086989178 0.0
5.02131420989 0.0
5.02175856732 0.0
5.02220296406 0.0
5.02264740014 0.0
5.02309187555 0.0
5.02353639029 0.0
5.02398094436 0.0
5.02442553778 0.0
5.02487017054 0.0
5.02531484265 0.0
5.02575955411 0.0
5.02620430493 0.0
5.0266490951 0.0
5.02709392463 0.0
5.02753879353 0.0
5.0279837018 0.0
5.02842864943 0.0
5.02887363645 0.0
5.02931866284 0.0
5.02976372862 0.0
5.03020883378 0.0
5.03065397833 0.0
5.03109916227 0.0
5.03154438561 0.0
5.03198964835 0.0
5.03243495049 0.0
5.03288029203 0.0
5.03332567299 0.0
5.03377109337 0.0
5.03421655315 0.0
5.03466205236 0.0
5.035107591 0.0
5.03555316906 0.0
5.03599878655 0.0
5.03644444348 0.0
5.03689013985 0.0
5.03733587565 0.0
5.0377816509 0.0
5.0382274656 0.0
5.03867331976 0.0
5.03911921337 0.0
5.03956514643 0.0
5.04001111896 0.0
5.04045713096 0.0
5.04090318242 0.0
5.04134927336 0.0
5.04179540378 0.0
5.04224157367 0.0
5.04268778305 0.0
5.04313403191 0.0
5.04358032027 0.0
5.04402664812 0.0
5.04447301547 0.0
5.04491942231 0.0
5.04536586867 0.0
5.04581235453 0.0
5.0462588799 0.0
5.04670544478 0.0
5.04715204919 0.0
5.04759869312 0.0
5.04804537657 0.0
5.04849209955 0.0
5.04893886206 0.0
5.04938566411 0.0
5.0498325057 0.0
5.05027938683 0.0
5.05072630751 0.0
5.05117326774 0.0
5.05162026752 0.0
5.05206730686 0.0
5.05251438576 0.0
5.05296150422 0.0
5.05340866225 0.0
5.05385585985 0.0
5.05430309703 0.0
5.05475037378 0.0
5.05519769012 0.0
5.05564504604 0.0
5.05609244154 0.0
5.05653987664 0.0
5.05698735134 0.0
5.05743486563 0.0
5.05788241953 0.0
5.05833001303 0.0
5.05877764615 0.0
5.05922531887 0.0
5.05967303121 0.0
5.06012078318 0.0
5.06056857476 0.0
5.06101640597 0.0
5.06146427682 0.0
5.06191218729 0.0
5.06236013741 0.0
5.06280812716 0.0
5.06325615656 0.0
5.06370422561 0.0
5.06415233431 0.0
5.06460048266 0.0
5.06504867068 0.0
5.06549689835 0.0
5.06594516569 0.0
5.0663934727 0.0
5.06684181938 0.0
5.06729020574 0.0
5.06773863178 0.0
5.0681870975 0.0
5.06863560291 0.0
5.06908414801 0.0
5.0695327328 0.0
5.06998135729 0.0
5.07043002148 0.0
5.07087872537 0.0
5.07132746897 0.0
5.07177625228 0.0
5.07222507531 0.0
5.07267393806 0.0
5.07312284052 0.0
5.07357178272 0.0
5.07402076464 0.0
5.07446978629 0.0
5.07491884768 0.0
5.07536794881 0.0
5.07581708968 0.0
5.0762662703 0.0
5.07671549067 0.0
5.07716475079 0.0
5.07761405067 0.0
5.0780633903 0.0
5.07851276971 0.0
5.07896218888 0.0
5.07941164782 0.0
5.07986114653 0.0
5.08031068503 0.0
5.0807602633 0.0
5.08120988136 0.0
5.08165953921 0.0
5.08210923686 0.0
5.08255897429 0.0
5.08300875153 0.0
5.08345856857 0.0
5.08390842541 0.0
5.08435832207 0.0
5.08480825853 0.0
5.08525823482 0.0
5.08570825092 0.0
5.08615830685 0.0
5.08660840261 0.0
5.0870585382 0.0
5.08750871362 0.0
5.08795892888 0.0
5.08840918398 0.0
5.08885947893 0.0
5.08930981372 0.0
5.08976018837 0.0
5.09021060287 0.0
5.09066105723 0.0
5.09111155145 0.0
5.09156208554 0.0
5.0920126595 0.0
5.09246327334 0.0
5.09291392705 0.0
5.09336462064 0.0
5.09381535411 0.0
5.09426612747 0.0
5.09471694072 0.0
5.09516779387 0.0
5.09561868691 0.0
5.09606961986 0.0
5.09652059271 0.0
5.09697160547 0.0
5.09742265814 0.0
5.09787375073 0.0
5.09832488323 0.0
5.09877605566 0.0
5.09922726801 0.0
5.0996785203 0.0
5.10012981252 0.0
5.10058114467 0.0
5.10103251676 0.0
5.1014839288 0.0
5.10193538079 0.0
5.10238687272 0.0
5.10283840462 0.0
5.10328997647 0.0
5.10374158828 0.0
5.10419324005 0.0
5.1046449318 0.0
5.10509666351 0.0
5.1055484352 0.0
5.10600024687 0.0
5.10645209853 0.0
5.10690399017 0.0
5.1073559218 0.0
5.10780789342 0.0
5.10825990504 0.0
5.10871195666 0.0
5.10916404829 0.0
5.10961617992 0.0
5.11006835156 0.0
5.11052056322 0.0
5.1109728149 0.0
5.11142510659 0.0
5.11187743832 0.0
5.11232981007 0.0
5.11278222185 0.0
5.11323467367 0.0
5.11368716553 5e-36
5.11413969743 1e-35
5.11459226938 1e-35
5.11504488138 1e-35
5.11549753343 1e-35
5.11595022554 1e-35
5.11640295771 1e-35
5.11685572994 1e-35
5.11730854225 1e-35
5.11776139462 1e-35
5.11821428707 1e-35
5.11866721959 1e-35
5.1191201922 1e-35
5.1195732049 1e-35
5.12002625768 1e-35
5.12047935055 1e-35
5.12093248352 1e-35
5.1213856566 1e-35
5.12183886977 1e-35
5.12229212305 1e-35
5.12274541644 1e-35
5.12319874995 1e-35
5.12365212357 1e-35
5.12410553731 1e-35
5.12455899118 1e-35
5.12501248518 1e-35
5.1254660193 1e-35
5.12591959357 1e-35
5.12637320797 1e-35
5.12682686251 1e-35
5.1272805572 1e-35
5.12773429204 1e-35
5.12818806703 1e-35
5.12864188218 1e-35
5.12909573749 1e-35
5.12954963296 1e-35
5.1300035686 1e-35
5.13045754441 1e-35
5.13091156039 1e-35
5.13136561656 1e-35
5.1318197129 1e-35
5.13227384943 1e-35
5.13272802614 1e-35
5.13318224305 1e-35
5.13363650016 1e-35
5.13409079746 1e-35
5.13454513497 1e-35
5.13499951268 1e-35
5.1354539306 1e-35
5.13590838874 1e-35
5.13636288709 1e-35
5.13681742566 1e-35
5.13727200446 1e-35
5.13772662348 1e-35
5.13818128274 1e-35
5.13863598223 1e-35
5.13909072196 1e-35
5.13954550193 1e-35
5.14000032215 1e-35
5.14045518261 1e-35
5.14091008333 1e-35
5.1413650243 1e-35
5.14182000553 1e-35
5.14227502703 1e-35
5.14273008879 1e-35
5.14318519083 1e-35
5.14364033314 1e-35
5.14409551572 1e-35
5.14455073859 1e-35
5.14500600174 1e-35
5.14546130518 1e-35
5.14591664891 1e-35
5.14637203293 1e-35
5.14682745726 1e-35
5.14728292188 1e-35
5.14773842682 1e-35
5.14819397206 1e-35
5.14864955762 1e-35
5.14910518349 1e-35
5.14956084968 1e-35
5.1500165562 1e-35
5.15047230304 1e-35
5.15092809022 1e-35
5.15138391773 1e-35
5.15183978558 1e-35
5.15229569376 1e-35
5.1527516423 1e-35
5.15320763118 1e-35
5.15366366042 1e-35
5.15411973001 1e-35
5.15457583996 1e-35
5.15503199028 1e-35
5.15548818096 1e-35
5.15594441201 1e-35
5.15640068343 1e-35
5.15685699524 1e-35
5.15731334742 1e-35
5.15776973999 1e-35
5.15822617294 1e-35
5.15868264629 1e-35
5.15913916004 1e-35
5.15959571418 1e-35
5.16005230872 1e-35
5.16050894367 1e-35
5.16096561903 1e-35
5.16142233481 1e-35
5.161879091 1e-35
5.16233588761 1e-35
5.16279272464 1e-35
5.1632496021 1e-35
5.16370651999 1e-35
5.16416347832 1e-35
5.16462047709 1e-35
5.16507751629 1e-35
5.16553459595 1e-35
5.16599171605 1e-35
5.1664488766 1e-35
5.16690607761 1e-35
5.16736331908 1e-35
5.16782060101 1e-35
5.16827792341 1e-35
5.16873528628 1e-35
5.16919268963 1e-35
5.16965013345 1e-35
5.17010761775 1e-35
5.17056514254 1e-35
5.17102270782 1e-35
5.17148031358 1e-35
5.17193795985 1e-35
5.17239564661 1e-35
5.17285337387 1e-35
5.17331114164 1e-35
5.17376894993 1e-35
5.17422679872 1e-35
5.17468468803 1e-35
5.17514261786 1e-35
5.17560058822 1e-35
5.1760585991 1e-35
5.17651665052 1e-35
5.17697474247 1e-35
5.17743287496 1e-35
5.17789104799 1e-35
5.17834926156 1e-35
5.17880751569 1e-35
5.17926581037 1e-35
5.1797241456 1e-35
5.1801825214 1e-35
5.18064093776 1e-35
5.18109939468 1e-35
5.18155789218 1e-35
5.18201643025 1e-35
5.1824750089 1e-35
5.18293362813 1e-35
5.18339228794 1e-35
5.18385098835 1e-35
5.18430972935 1e-35
5.18476851094 1e-35
5.18522733313 1e-35
5.18568619593 1e-35
5.18614509933 1e-35
5.18660404334 1e-35
5.18706302797 1e-35
5.18752205321 1e-35
5.18798111907 1e-35
5.18844022556 1e-35
5.18889937268 1e-35
5.18935856043 1e-35
5.18981778882 1e-35
5.19027705784 1e-35
5.19073636751 1e-35
5.19119571782 1e-35
5.19165510878 1e-35
5.1921145404 1e-35
5.19257401267 1e-35
5.19303352561 1e-35
5.19349307921 1e-35
5.19395267347 1e-35
5.19441230841 1e-35
5.19487198402 1e-35
5.19533170032 1e-35
5.19579145729 1e-35
5.19625125495 1e-35
5.1967110933 1e-35
5.19717097234 1e-35
5.19763089208 1e-35
5.19809085252 1e-35
5.19855085366 1e-35
5.19901089551 1e-35
5.19947097807 1e-35
5.19993110135 1e-35
5.20039126534 1e-35
5.20085147006 1e-35
5.2013117155 1e-35
5.20177200167 1e-35
5.20223232857 1e-35
5.20269269621 1e-35
5.20315310459 1e-35
5.20361355372 1e-35
5.20407404359 1e-35
5.20453457421 1e-35
5.20499514558 1e-35
5.20545575772 1e-35
5.20591641061 1e-35
5.20637710427 1e-35
5.2068378387 1e-35
5.2072986139 1e-35
5.20775942988 1e-35
5.20822028663 1e-35
5.20868118417 1e-35
5.2091421225 1e-35
5.20960310161 1e-35
5.21006412153 1e-35
5.21052518223 1e-35
5.21098628374 1e-35
5.21144742606 1e-35
5.21190860918 1e-35
5.21236983311 1e-35
5.21283109787 1e-35
5.21329240344 1e-35
5.21375374983 1e-35
5.21421513705 1e-35
5.2146765651 1e-35
5.21513803398 1e-35
5.2155995437 1e-35
5.21606109426 1e-35
5.21652268567 1e-35
5.21698431792 1e-35
5.21744599103 1e-35
5.21790770499 1e-35
5.21836945981 1e-35
5.21883125549 1e-35
5.21929309204 1e-35
5.21975496946 1e-35
5.22021688775 1e-35
5.22067884692 1e-35
5.22114084697 1e-35
5.22160288791 1e-35
5.22206496973 1e-35
5.22252709244 1e-35
5.22298925605 1e-35
5.22345146056 1e-35
5.22391370597 1e-35
5.22437599229 1e-35
5.22483831952 1e-35
5.22530068766 1e-35
5.22576309671 1e-35
5.22622554669 1e-35
5.22668803759 1e-35
5.22715056942 1e-35
5.22761314218 1e-35
5.22807575588 1e-35
5.22853841051 1e-35
5.22900110609 1e-35
5.22946384261 1e-35
5.22992662008 1e-35
5.23038943851 1e-35
5.23085229789 1e-35
5.23131519823 1e-35
5.23177813954 1e-35
5.23224112181 1e-35
5.23270414506 1e-35
5.23316720928 1e-35
5.23363031448 1e-35
5.23409346066 1e-35
5.23455664782 1e-35
5.23501987598 1e-35
5.23548314513 1e-35
5.23594645527 1e-35
5.23640980642 1e-35
5.23687319857 1e-35
5.23733663173 1e-35
5.2378001059 1e-35
5.23826362108 1e-35
5.23872717728 1e-35
5.2391907745 1e-35
5.23965441275 1e-35
5.24011809203 1e-35
5.24058181234 1e-35
5.24104557369 1e-35
5.24150937608 1e-35
5.24197321951 1e-35
5.24243710399 1e-35
5.24290102952 1e-35
5.24336499611 1e-35
5.24382900375 1e-35
5.24429305246 1e-35
5.24475714223 1e-35
5.24522127307 1e-35
5.24568544499 1e-35
5.24614965798 1e-35
5.24661391205 1e-35
5.2470782072 1e-35
5.24754254344 1e-35
5.24800692078 1e-35
5.24847133921 1e-35
5.24893579873 1e-35
5.24940029936 1e-35
5.24986484109 1e-35
5.25032942394 1e-35
5.25079404789 1e-35
5.25125871297 1e-35
5.25172341916 1e-35
5.25218816647 1e-35
5.25265295492 1e-35
5.25311778449 1e-35
5.2535826552 1e-35
5.25404756705 1e-35
5.25451252004 1e-35
5.25497751418 1e-35
5.25544254946 1e-35
5.2559076259 1e-35
5.2563727435 1e-35
5.25683790225 1e-35
5.25730310217 1e-35
5.25776834326 1e-35
5.25823362551 1e-35
5.25869894895 1e-35
5.25916431356 1e-35
5.25962971935 1e-35
5.26009516633 1e-35
5.2605606545 1e-35
5.26102618386 1e-35
5.26149175441 1e-35
5.26195736617 1e-35
5.26242301913 1e-35
5.2628887133 1e-35
5.26335444868 1e-35
5.26382022528 1e-35
5.26428604309 1e-35
5.26475190213 1e-35
5.26521780239 1e-35
5.26568374388 1e-35
5.26614972661 1e-35
5.26661575057 1e-35
5.26708181577 1e-35
5.26754792222 1e-35
5.26801406991 1e-35
5.26848025886 1e-35
5.26894648906 1e-35
5.26941276052 1e-35
5.26987907324 1e-35
5.27034542723 1e-35
5.27081182249 1e-35
5.27127825902 1e-35
5.27174473682 1e-35
5.27221125591 1e-35
5.27267781628 1e-35
5.27314441794 1e-35
5.27361106089 1e-35
5.27407774514 1e-35
5.27454447069 1e-35
5.27501123754 1e-35
5.27547804569 1e-35
5.27594489515 1e-35
5.27641178593 1e-35
5.27687871803 1e-35
5.27734569144 1e-35
5.27781270618 1e-35
5.27827976225 1e-35
5.27874685965 1e-35
5.27921399839 1e-35
5.27968117846 1e-35
5.28014839988 1e-35
5.28061566264 1e-35
5.28108296676 1e-35
5.28155031222 1e-35
5.28201769905 1e-35
5.28248512724 1e-35
5.28295259679 1e-35
5.28342010771 1e-35
5.28388766 1e-35
5.28435525366 1e-35
5.28482288871 1e-35
5.28529056514 1e-35
5.28575828295 1e-35
5.28622604216 1e-35
5.28669384276 1e-35
5.28716168476 1e-35
5.28762956816 1e-35
5.28809749296 1e-35
5.28856545917 1e-35
5.2890334668 1e-35
5.28950151584 1e-35
5.2899696063 1e-35
5.29043773819 1e-35
5.2909059115 1e-35
5.29137412624 1e-35
5.29184238241 1e-35
5.29231068003 1e-35
5.29277901908 1e-35
5.29324739959 1e-35
5.29371582154 1e-35
5.29418428494 1e-35
5.2946527898 1e-35
5.29512133612 1e-35
5.2955899239 1e-35
5.29605855315 1e-35
5.29652722387 1e-35
5.29699593606 1e-35
5.29746468974 1e-35
5.29793348489 1e-35
5.29840232154 1e-35
5.29887119967 1e-35
5.29934011929 1e-35
5.29980908041 1e-35
5.30027808303 1e-35
5.30074712716 1e-35
5.30121621279 1e-35
5.30168533993 1e-35
5.30215450859 1e-35
5.30262371877 1e-35
5.30309297047 1e-35
5.3035622637 1e-35
5.30403159845 1e-35
5.30450097474 1e-35
5.30497039257 1e-35
5.30543985194 1e-35
5.30590935285 1e-35
5.30637889531 1e-35
5.30684847932 1e-35
5.30731810489 1e-35
5.30778777201 1e-35
5.3082574807 1e-35
5.30872723096 1e-35
5.30919702278 1e-35
5.30966685618 1e-35
5.31013673116 1e-35
5.31060664772 1e-35
5.31107660586 1e-35
5.3115466056 1e-35
5.31201664692 1e-35
5.31248672984 1e-35
5.31295685436 1e-35
5.31342702048 1e-35
5.31389722821 1e-35
5.31436747756 1e-35
5.31483776851 1e-35
5.31530810108 1e-35
5.31577847528 1e-35
5.3162488911 1e-35
5.31671934855 1e-35
5.31718984763 1e-35
5.31766038835 1e-35
5.31813097071 1e-35
5.31860159471 1e-35
5.31907226036 1e-35
5.31954296766 1e-35
5.32001371662 1e-35
5.32048450724 1e-35
5.32095533951 1e-35
5.32142621346 1e-35
5.32189712907 1e-35
5.32236808636 1e-35
5.32283908532 1e-35
5.32331012596 1e-35
5.32378120829 1e-35
5.32425233231 1e-35
5.32472349802 1e-35
5.32519470542 1e-35
5.32566595452 1e-35
5.32613724533 1e-35
5.32660857784 1e-35
5.32707995206 1e-35
5.327551368 1e-35
5.32802282565 1e-35
5.32849432503 1e-35
5.32896586613 1e-35
5.32943744896 1e-35
5.32990907352 1e-35
5.33038073981 1e-35
5.33085244785 1e-35
5.33132419763 1e-35
5.33179598916 1e-35
5.33226782244 1e-35
5.33273969747 1e-35
5.33321161426 1e-35
5.33368357282 1e-35
5.33415557313 1e-35
5.33462761522 1e-35
5.33509969908 1e-35
5.33557182472 1e-35
5.33604399214 1e-35
5.33651620134 1e-35
5.33698845233 1e-35
5.33746074511 1e-35
5.33793307969 1e-35
5.33840545606 1e-35
5.33887787424 1e-35
5.33935033423 1e-35
5.33982283602 1e-35
5.34029537963 1e-35
5.34076796506 1e-35
5.3412405923 1e-35
5.34171326137 1e-35
5.34218597227 1e-35
5.34265872501 1e-35
5.34313151957 1e-35
5.34360435598 1e-35
5.34407723423 1e-35
5.34455015433 1e-35
5.34502311628 1e-35
5.34549612008 1e-35
5.34596916574 1e-35
5.34644225327 1e-35
5.34691538265 1e-35
5.34738855391 1e-35
5.34786176704 1e-35
5.34833502205 1e-35
5.34880831894 1e-35
5.34928165771 1e-35
5.34975503837 1e-35
5.35022846092 1e-35
5.35070192537 1e-35
5.35117543171 1e-35
5.35164897996 1e-35
5.35212257011 1e-35
5.35259620218 1e-35
5.35306987615 1e-35
5.35354359205 1e-35
5.35401734987 1e-35
5.35449114961 1e-35
5.35496499128 1e-35
5.35543887488 1e-35
5.35591280042 1e-35
5.35638676789 1e-35
5.35686077731 1e-35
5.35733482868 1e-35
5.357808922 1e-35
5.35828305727 1e-35
5.35875723451 1e-35
5.3592314537 1e-35
5.35970571486 1e-35
5.36018001799 1e-35
5.36065436309 1e-35
5.36112875017 1e-35
5.36160317923 1e-35
5.36207765027 1e-35
5.3625521633 1e-35
5.36302671832 1e-35
5.36350131534 1e-35
5.36397595436 1e-35
5.36445063538 1e-35
5.36492535841 1e-35
5.36540012344 1e-35
5.36587493049 1e-35
5.36634977956 1e-35
5.36682467065 1e-35
5.36729960377 1e-35
5.36777457891 1e-35
5.36824959609 1e-35
5.3687246553 1e-35
5.36919975655 1e-35
5.36967489985 1e-35
5.3701500852 1e-35
5.37062531259 1e-35
5.37110058204 1e-35
5.37157589355 1e-35
5.37205124712 1e-35
5.37252664276 1e-35
5.37300208047 1e-35
5.37347756025 1e-35
5.3739530821 1e-35
5.37442864604 1e-35
5.37490425207 1e-35
5.37537990018 1e-35
5.37585559038 1e-35
5.37633132268 1e-35
5.37680709708 1e-35
5.37728291358 1e-35
5.37775877219 1e-35
5.37823467291 1e-35
5.37871061575 1e-35
5.3791866007 1e-35
5.37966262777 1e-35
5.38013869698 1e-35
5.38061480831 1e-35
5.38109096177 1e-35
5.38156715737 1e-35
5.38204339511 1e-35
5.38251967499 1e-35
5.38299599703 1e-35
5.38347236121 1e-35
5.38394876755 1e-35
5.38442521605 1e-35
5.38490170671 1e-35
5.38537823954 1e-35
5.38585481454 1e-35
5.38633143171 1e-35
5.38680809107 1e-35
5.3872847926 1e-35
5.38776153632 1e-35
5.38823832222 1e-35
5.38871515033 1e-35
5.38919202062 1e-35
5.38966893312 1e-35
5.39014588782 1e-35
5.39062288473 1e-35
5.39109992385 1e-35
5.39157700518 1e-35
5.39205412874 1e-35
5.39253129452 1e-35
5.39300850252 1e-35
5.39348575275 1e-35
5.39396304522 1e-35
5.39444037993 1e-35
5.39491775687 1e-35
5.39539517606 1e-35
5.39587263751 1e-35
5.3963501412 1e-35
5.39682768715 1e-35
5.39730527536 1e-35
5.39778290583 1e-35
5.39826057857 1e-35
5.39873829358 1e-35
5.39921605087 1e-35
5.39969385044 1e-35
5.40017169229 1e-35
5.40064957642 1e-35
5.40112750285 1e-35
5.40160547156 1e-35
5.40208348258 1e-35
5.4025615359 1e-35
5.40303963152 1e-35
5.40351776945 1e-35
5.40399594969 1e-35
5.40447417225 1e-35
5.40495243713 1e-35
5.40543074434 1e-35
5.40590909387 1e-35
5.40638748573 1e-35
5.40686591993 1e-35
5.40734439646 1e-35
5.40782291534 1e-35
5.40830147656 1e-35
5.40878008014 1e-35
5.40925872607 1e-35
5.40973741435 1e-35
5.410216145 1e-35
5.41069491801 1e-35
5.41117373339 1e-35
5.41165259114 1e-35
5.41213149127 1e-35
5.41261043378 1e-35
5.41308941867 1e-35
5.41356844595 1e-35
5.41404751562 1e-35
5.41452662768 1e-35
5.41500578215 1e-35
5.41548497901 1e-35
5.41596421829 1e-35
5.41644349997 1e-35
5.41692282407 1e-35
5.41740219058 1e-35
5.41788159951 1e-35
5.41836105087 1e-35
5.41884054466 1e-35
5.41932008088 1e-35
5.41979965954 1e-35
5.42027928064 1e-35
5.42075894418 1e-35
5.42123865017 1e-35
5.42171839861 1e-35
5.4221981895 1e-35
5.42267802285 1e-35
5.42315789867 1e-35
5.42363781695 1e-35
5.4241177777 1e-35
5.42459778093 1e-35
5.42507782663 1e-35
5.42555791482 1e-35
5.42603804549 1e-35
5.42651821864 1e-35
5.4269984343 1e-35
5.42747869244 1e-35
5.42795899309 1e-35
5.42843933624 1e-35
5.4289197219 1e-35
5.42940015007 1e-35
5.42988062076 1e-35
5.43036113396 1e-35
5.43084168969 1e-35
5.43132228794 1e-35
5.43180292872 1e-35
5.43228361204 1e-35
5.43276433789 1e-35
5.43324510629 1e-35
5.43372591723 1e-35
5.43420677072 1e-35
5.43468766677 1e-35
5.43516860537 1e-35
5.43564958653 1e-35
5.43613061025 1e-35
5.43661167654 1e-35
5.43709278541 1e-35
5.43757393685 1e-35
5.43805513087 1e-35
5.43853636747 1e-35
5.43901764666 1e-35
5.43949896843 1e-35
5.43998033281 1e-35
5.44046173978 1e-35
5.44094318935 1e-35
5.44142468153 1e-35
5.44190621631 1e-35
5.44238779371 1e-35
5.44286941373 1e-35
5.44335107637 1e-35
5.44383278163 1e-35
5.44431452952 1e-35
5.44479632004 1e-35
5.4452781532 1e-35
5.445760029 1e-35
5.44624194744 1e-35
5.44672390853 1e-35
5.44720591226 1e-35
5.44768795866 1e-35
5.44817004771 1e-35
5.44865217942 1e-35
5.4491343538 1e-35
5.44961657085 1e-35
5.45009883057 1e-35
5.45058113297 1e-35
5.45106347805 1e-35
5.45154586582 1e-35
5.45202829627 1e-35
5.45251076942 1e-35
5.45299328526 1e-35
5.4534758438 1e-35
5.45395844505 1e-35
5.454441089 1e-35
5.45492377566 1e-35
5.45540650504 1e-35
5.45588927714 1e-35
5.45637209196 1e-35
5.45685494951 1e-35
5.45733784979 1e-35
5.4578207928 1e-35
5.45830377854 1e-35
5.45878680703 1e-35
5.45926987827 1e-35
5.45975299225 1e-35
5.46023614899 1e-35
5.46071934849 1e-35
5.46120259074 1e-35
5.46168587576 1e-35
5.46216920354 1e-35
5.4626525741 1e-35
5.46313598744 1e-35
5.46361944355 1e-35
5.46410294244 1e-35
5.46458648413 1e-35
5.4650700686 1e-35
5.46555369587 1e-35
5.46603736593 1e-35
5.4665210788 1e-35
5.46700483448 1e-35
5.46748863296 1e-35
5.46797247426 1e-35
5.46845635837 1e-35
5.46894028531 1e-35
5.46942425507 1e-35
5.46990826765 1e-35
5.47039232308 1e-35
5.47087642133 1e-35
5.47136056243 1e-35
5.47184474637 1e-35
5.47232897316 1e-35
5.4728132428 1e-35
5.47329755529 1e-35
5.47378191064 1e-35
5.47426630886 1e-35
5.47475074994 1e-35
5.47523523389 1e-35
5.47571976072 1e-35
5.47620433042 1e-35
5.47668894301 1e-35
5.47717359848 1e-35
5.47765829684 1e-35
5.4781430381 1e-35
5.47862782225 1e-35
5.4791126493 1e-35
5.47959751925 1e-35
5.48008243212 1e-35
5.48056738789 1e-35
5.48105238658 1e-35
5.4815374282 1e-35
5.48202251273 1e-35
5.48250764019 1e-35
5.48299281058 1e-35
5.48347802391 1e-35
5.48396328018 1e-35
5.48444857939 1e-35
5.48493392154 1e-35
5.48541930665 1e-35
5.4859047347 1e-35
5.48639020572 1e-35
5.4868757197 1e-35
5.48736127664 1e-35
5.48784687655 1e-35
5.48833251944 1e-35
5.4888182053 1e-35
5.48930393414 1e-35
5.48978970596 1e-35
5.49027552078 1e-35
5.49076137858 1e-35
5.49124727938 1e-35
5.49173322318 1e-35
5.49221920999 1e-35
5.4927052398 1e-35
5.49319131262 1e-35
5.49367742846 1e-35
5.49416358731 1e-35
5.49464978919 1e-35
5.49513603409 1e-35
5.49562232202 1e-35
5.49610865299 1e-35
5.49659502699 1e-35
5.49708144404 1e-35
5.49756790413 1e-35
5.49805440727 1e-35
5.49854095346 1e-35
5.49902754271 1e-35
5.49951417502 1e-35
5.50000085039 1e-35
5.50048756883 1e-35
5.50097433035 1e-35
5.50146113494 1e-35
5.5019479826 1e-35
5.50243487335 1e-35
5.50292180719 1e-35
5.50340878412 1e-35
5.50389580415 1e-35
5.50438286727 1e-35
5.50486997349 1e-35
5.50535712282 1e-35
5.50584431526 1e-35
5.50633155082 1e-35
5.50681882949 1e-35
5.50730615128 1e-35
5.5077935162 1e-35
5.50828092425 1e-35
5.50876837543 1e-35
5.50925586974 1e-35
5.5097434072 1e-35
5.5102309878 1e-35
5.51071861155 1e-35
5.51120627845 1e-35
5.51169398851 1e-35
5.51218174173 1e-35
5.51266953811 1e-35
5.51315737765 1e-35
5.51364526037 1e-35
5.51413318627 1e-35
5.51462115534 1e-35
5.51510916759 1e-35
5.51559722303 1e-35
5.51608532166 1e-35
5.51657346349 1e-35
5.51706164851 1e-35
5.51754987673 1e-35
5.51803814816 1e-35
5.5185264628 1e-35
5.51901482065 1e-35
5.51950322172 1e-35
5.51999166601 1e-35
5.52048015352 1e-35
5.52096868426 1e-35
5.52145725824 1e-35
5.52194587545 1e-35
5.5224345359 1e-35
5.52292323959 1e-35
5.52341198653 1e-35
5.52390077672 1e-35
5.52438961017 1e-35
5.52487848688 1e-35
5.52536740684 1e-35
5.52585637008 1e-35
5.52634537659 1e-35
5.52683442637 1e-35
5.52732351942 1e-35
5.52781265576 1e-35
5.52830183539 1e-35
5.52879105831 1e-35
5.52928032452 1e-35
5.52976963402 1e-35
5.53025898683 1e-35
5.53074838294 1e-35
5.53123782236 1e-35
5.5317273051 1e-35
5.53221683115 1e-35
5.53270640052 1e-35
5.53319601321 1e-35
5.53368566923 1e-35
5.53417536859 1e-35
5.53466511127 1e-35
5.5351548973 1e-35
5.53564472668 1e-35
5.5361345994 1e-35
5.53662451547 1e-35
5.53711447489 1e-35
5.53760447767 1e-35
5.53809452382 1e-35
5.53858461333 1e-35
5.53907474621 1e-35
5.53956492247 1e-35
5.5400551421 1e-35
5.54054540512 1e-35
5.54103571152 1e-35
5.54152606131 1e-35
5.54201645449 1e-35
5.54250689107 1e-35
5.54299737106 1e-35
5.54348789444 1e-35
5.54397846124 1e-35
5.54446907144 1e-35
5.54495972507 1e-35
5.54545042211 1e-35
5.54594116258 1e-35
5.54643194647 1e-35
5.5469227738 1e-35
5.54741364456 1e-35
5.54790455876 1e-35
5.5483955164 1e-35
5.54888651749 1e-35
5.54937756203 1e-35
5.54986865003 1e-35
5.55035978149 1e-35
5.5508509564 1e-35
5.55134217479 1e-35
5.55183343664 1e-35
5.55232474197 1e-35
5.55281609077 1e-35
5.55330748306 1e-35
5.55379891883 1e-35
5.55429039809 1e-35
5.55478192084 1e-35
5.55527348709 1e-35
5.55576509684 1e-35
5.5562567501 1e-35
5.55674844687 1e-35
5.55724018714 1e-35
5.55773197094 1e-35
5.55822379825 1e-35
5.55871566909 1e-35
5.55920758345 1e-35
5.55969954135 1e-35
5.56019154278 1e-35
5.56068358775 1e-35
5.56117567627 1e-35
5.56166780833 1e-35
5.56215998394 1e-35
5.56265220311 1e-35
5.56314446583 1e-35
5.56363677212 1e-35
5.56412912197 1e-35
5.5646215154 1e-35
5.5651139524 1e-35
5.56560643297 1e-35
5.56609895713 1e-35
5.56659152487 1e-35
5.56708413621 1e-35
5.56757679113 1e-35
5.56806948966 1e-35
5.56856223178 1e-35
5.56905501751 1e-35
5.56954784685 1e-35
5.5700407198 1e-35
5.57053363636 1e-35
5.57102659655 1e-35
5.57151960036 1e-35
5.5720126478 1e-35
5.57250573887 1e-35
5.57299887358 1e-35
5.57349205193 1e-35
5.57398527392 1e-35
5.57447853955 1e-35
5.57497184884 1e-35
5.57546520178 1e-35
5.57595859839 1e-35
5.57645203865 1e-35
5.57694552258 1e-35
5.57743905018 1e-35
5.57793262146 1e-35
5.57842623642 1e-35
5.57891989505 1e-35
5.57941359738 1e-35
5.57990734339 1e-35
5.58040113309 1e-35
5.5808949665 1e-35
5.5813888436 1e-35
5.58188276441 1e-35
5.58237672893 1e-35
5.58287073717 1e-35
5.58336478912 1e-35
5.58385888479 1e-35
5.58435302418 1e-35
5.5848472073 1e-35
5.58534143416 1e-35
5.58583570475 1e-35
5.58633001908 1e-35
5.58682437716 1e-35
5.58731877898 1e-35
5.58781322456 1e-35
5.58830771389 1e-35
5.58880224698 1e-35
5.58929682383 1e-35
5.58979144446 1e-35
5.59028610885 1e-35
5.59078081702 1e-35
5.59127556896 1e-35
5.59177036469 1e-35
5.59226520421 1e-35
5.59276008751 1e-35
5.59325501461 1e-35
5.59374998551 1e-35
5.59424500021 1e-35
5.59474005872 1e-35
5.59523516103 1e-35
5.59573030716 1e-35
5.59622549711 1e-35
5.59672073088 1e-35
5.59721600847 1e-35
5.5977113299 1e-35
5.59820669515 1e-35
5.59870210425 1e-35
5.59919755718 1e-35
5.59969305396 1e-35
5.60018859459 1e-35
5.60068417907 1e-35
5.60117980741 1e-35
5.6016754796 1e-35
5.60217119566 1e-35
5.60266695559 1e-35
5.60316275939 1e-35
5.60365860707 1e-35
5.60415449863 1e-35
5.60465043407 1e-35
5.60514641339 1e-35
5.60564243661 1e-35
5.60613850373 1e-35
5.60663461474 1e-35
5.60713076966 1e-35
5.60762696848 1e-35
5.60812321121 1e-35
5.60861949786 1e-35
5.60911582843 1e-35
5.60961220292 1e-35
5.61010862133 1e-35
5.61060508368 1e-35
5.61110158996 1e-35
5.61159814017 1e-35
5.61209473433 1e-35
5.61259137244 1e-35
5.61308805449 1e-35
5.6135847805 1e-35
5.61408155047 1e-35
5.61457836439 1e-35
5.61507522229 1e-35
5.61557212415 1e-35
5.61606906998 1e-35
5.61656605979 1e-35
5.61706309358 1e-35
5.61756017136 1e-35
5.61805729313 1e-35
5.61855445888 1e-35
5.61905166864 1e-35
5.61954892239 1e-35
5.62004622015 1e-35
5.62054356191 1e-35
5.62104094769 1e-35
5.62153837749 1e-35
5.6220358513 1e-35
5.62253336914 1e-35
5.623030931 1e-35
5.6235285369 1e-35
5.62402618683 1e-35
5.6245238808 1e-35
5.62502161881 1e-35
5.62551940087 1e-35
5.62601722698 1e-35
5.62651509715 1e-35
5.62701301137 1e-35
5.62751096966 1e-35
5.62800897201 1e-35
5.62850701843 1e-35
5.62900510893 1e-35
5.62950324351 1e-35
5.63000142217 1e-35
5.63049964491 1e-35
5.63099791174 1e-35
5.63149622267 1e-35
5.6319945777 1e-35
5.63249297682 1e-35
5.63299142006 1e-35
5.6334899074 1e-35
5.63398843885 1e-35
5.63448701443 1e-35
5.63498563412 1e-35
5.63548429794 1e-35
5.63598300588 1e-35
5.63648175796 1e-35
5.63698055418 1e-35
5.63747939454 1e-35
5.63797827904 1e-35
5.63847720769 1e-35
5.63897618049 1e-35
5.63947519745 1e-35
5.63997425857 1e-35
5.64047336385 1e-35
5.6409725133 1e-35
5.64147170692 1e-35
5.64197094472 1e-35
5.6424702267 1e-35
5.64296955286 1e-35
5.64346892321 1e-35
5.64396833775 1e-35
5.64446779649 1e-35
5.64496729942 1e-35
5.64546684656 1e-35
5.6459664379 1e-35
5.64646607346 1e-35
5.64696575323 1e-35
5.64746547722 1e-35
5.64796524543 1e-35
5.64846505787 1e-35
5.64896491454 1e-35
5.64946481545 1e-35
5.64996476059 1e-35
5.65046474997 1e-35
5.6509647836 1e-35
5.65146486149 1e-35
5.65196498362 1e-35
5.65246515001 1e-35
5.65296536067 1e-35
5.65346561559 1e-35
5.65396591478 1e-35
5.65446625824 1e-35
5.65496664598 1e-35
5.65546707801 1e-35
5.65596755432 1e-35
5.65646807491 1e-35
5.6569686398 1e-35
5.65746924899 1e-35
5.65796990248 1e-35
5.65847060027 1e-35
5.65897134238 1e-35
5.65947212879 1e-35
5.65997295952 1e-35
5.66047383458 1e-35
5.66097475395 1e-35
5.66147571766 1e-35
5.6619767257 1e-35
5.66247777807 1e-35
5.66297887479 1e-35
5.66348001585 1e-35
5.66398120125 1e-35
5.66448243101 1e-35
5.66498370513 1e-35
5.6654850236 1e-35
5.66598638644 1e-35
5.66648779365 1e-35
5.66698924522 1e-35
5.66749074118 1e-35
5.66799228151 1e-35
5.66849386623 1e-35
5.66899549533 1e-35
5.66949716883 1e-35
5.66999888672 1e-35
5.67050064901 1e-35
5.6710024557 1e-35
5.6715043068 1e-35
5.67200620231 1e-35
5.67250814224 1e-35
5.67301012658 1e-35
5.67351215535 1e-35
5.67401422854 1e-35
5.67451634616 1e-35
5.67501850822 1e-35
5.67552071472 1e-35
5.67602296566 1e-35
5.67652526105 1e-35
5.67702760088 1e-35
5.67752998517 1e-35
5.67803241392 1e-35
5.67853488713 1e-35
5.67903740481 1e-35
5.67953996695 1e-35
5.68004257357 1e-35
5.68054522467 1e-35
5.68104792025 1e-35
5.68155066032 1e-35
5.68205344487 1e-35
5.68255627392 1e-35
5.68305914747 1e-35
5.68356206552 1e-35
5.68406502807 1e-35
5.68456803513 1e-35
5.68507108671 1e-35
5.6855741828 1e-35
5.68607732341 1e-35
5.68658050855 1e-35
5.68708373822 1e-35
5.68758701242 1e-35
5.68809033116 1e-35
5.68859369444 1e-35
5.68909710226 1e-35
5.68960055463 1e-35
5.69010405156 1e-35
5.69060759304 1e-35
5.69111117908 1e-35
5.69161480968 1e-35
5.69211848486 1e-35
5.6926222046 1e-35
5.69312596893 1e-35
5.69362977783 1e-35
5.69413363132 1e-35
5.69463752939 1e-35
5.69514147206 1e-35
5.69564545933 1e-35
5.69614949119 1e-35
5.69665356766 1e-35
5.69715768873 1e-35
5.69766185442 1e-35
5.69816606472 1e-35
5.69867031965 1e-35
5.69917461919 1e-35
5.69967896337 1e-35
5.70018335217 1e-35
5.70068778561 1e-35
5.70119226369 1e-35
5.70169678642 1e-35
5.70220135379 1e-35
5.70270596581 1e-35
5.70321062249 1e-35
5.70371532383 1e-35
5.70422006983 1e-35
5.7047248605 1e-35
5.70522969583 1e-35
5.70573457585 1e-35
5.70623950054 1e-35
5.70674446992 1e-35
5.70724948398 1e-35
5.70775454273 1e-35
5.70825964618 1e-35
5.70876479433 1e-35
5.70926998718 1e-35
5.70977522473 1e-35
5.710280507 1e-35
5.71078583398 1e-35
5.71129120568 1e-35
5.7117966221 1e-35
5.71230208325 1e-35
5.71280758913 1e-35
5.71331313974 1e-35
5.7138187351 1e-35
5.71432437519 1e-35
5.71483006003 1e-35
5.71533578962 1e-35
5.71584156397 1e-35
5.71634738307 1e-35
5.71685324693 1e-35
5.71735915556 1e-35
5.71786510896 1e-35
5.71837110714 1e-35
5.71887715009 1e-35
5.71938323783 1e-35
5.71988937035 1e-35
5.72039554766 1e-35
5.72090176976 1e-35
5.72140803666 1e-35
5.72191434837 1e-35
5.72242070488 1e-35
5.7229271062 1e-35
5.72343355233 1e-35
5.72394004328 1e-35
5.72444657905 1e-35
5.72495315965 1e-35
5.72545978508 1e-35
5.72596645534 1e-35
5.72647317043 1e-35
5.72697993037 1e-35
5.72748673516 1e-35
5.72799358479 1e-35
5.72850047928 1e-35
5.72900741862 1e-35
5.72951440283 1e-35
5.7300214319 1e-35
5.73052850584 1e-35
5.73103562465 1e-35
5.73154278834 1e-35
5.73204999691 1e-35
5.73255725037 1e-35
5.73306454871 1e-35
5.73357189195 1e-35
5.73407928008 1e-35
5.73458671312 1e-35
5.73509419106 1e-35
5.73560171391 1e-35
5.73610928167 1e-35
5.73661689435 1e-35
5.73712455195 1e-35
5.73763225448 1e-35
5.73814000193 1e-35
5.73864779432 1e-35
5.73915563164 1e-35
5.7396635139 1e-35
5.74017144111 1e-35
5.74067941327 1e-35
5.74118743038 1e-35
5.74169549244 1e-35
5.74220359947 1e-35
5.74271175146 1e-35
5.74321994842 1e-35
5.74372819035 1e-35
5.74423647726 1e-35
5.74474480915 1e-35
5.74525318603 1e-35
5.74576160789 1e-35
5.74627007474 1e-35
5.74677858659 1e-35
5.74728714345 1e-35
5.7477957453 1e-35
5.74830439217 1e-35
5.74881308404 1e-35
5.74932182094 1e-35
5.74983060285 1e-35
5.75033942979 1e-35
5.75084830175 1e-35
5.75135721875 1e-35
5.75186618078 1e-35
5.75237518786 1e-35
5.75288423998 1e-35
5.75339333714 1e-35
5.75390247936 1e-35
5.75441166664 1e-35
5.75492089897 1e-35
5.75543017637 1e-35
5.75593949884 1e-35
5.75644886638 1e-35
5.75695827899 1e-35
5.75746773669 1e-35
5.75797723947 1e-35
5.75848678734 1e-35
5.7589963803 1e-35
5.75950601835 1e-35
5.76001570151 1e-35
5.76052542977 1e-35
5.76103520314 1e-35
5.76154502162 1e-35
5.76205488521 1e-35
5.76256479393 1e-35
5.76307474777 1e-35
5.76358474674 1e-35
5.76409479084 1e-35
5.76460488007 1e-35
5.76511501445 1e-35
5.76562519397 1e-35
5.76613541863 1e-35
5.76664568845 1e-35
5.76715600343 1e-35
5.76766636357 1e-35
5.76817676887 1e-35
5.76868721933 1e-35
5.76919771497 1e-35
5.76970825579 1e-35
5.77021884178 1e-35
5.77072947296 1e-35
5.77124014933 1e-35
5.77175087089 1e-35
5.77226163764 1e-35
5.7727724496 1e-35
5.77328330676 1e-35
5.77379420912 1e-35
5.7743051567 1e-35
5.7748161495 1e-35
5.77532718751 1e-35
5.77583827075 1e-35
5.77634939922 1e-35
5.77686057291 1e-35
5.77737179185 1e-35
5.77788305602 1e-35
5.77839436544 1e-35
5.77890572011 1e-35
5.77941712002 1e-35
5.7799285652 1e-35
5.78044005563 1e-35
5.78095159133 1e-35
5.7814631723 1e-35
5.78197479853 1e-35
5.78248647005 1e-35
5.78299818684 1e-35
5.78350994892 1e-35
5.78402175628 1e-35
5.78453360894 1e-35
5.7850455069 1e-35
5.78555745015 1e-35
5.78606943871 1e-35
5.78658147257 1e-35
5.78709355175 1e-35
5.78760567625 1e-35
5.78811784606 1e-35
5.7886300612 1e-35
5.78914232166 1e-35
5.78965462746 1e-35
5.7901669786 1e-35
5.79067937507 1e-35
5.79119181689 1e-35
5.79170430406 1e-35
5.79221683658 1e-35
5.79272941445 1e-35
5.79324203769 1e-35
5.79375470629 1e-35
5.79426742025 1e-35
5.79478017959 1e-35
5.79529298431 1e-35
5.79580583441 1e-35
5.79631872989 1e-35
5.79683167076 1e-35
5.79734465702 1e-35
5.79785768868 1e-35
5.79837076573 1e-35
5.7988838882 1e-35
5.79939705607 1e-35
5.79991026935 1e-35
5.80042352805 1e-35
5.80093683217 1e-35
5.80145018172 1e-35
5.80196357669 1e-35
5.80247701709 1e-35
5.80299050294 1e-35
5.80350403422 1e-35
5.80401761095 1e-35
5.80453123312 1e-35
5.80504490075 1e-35
5.80555861384 1e-35
5.80607237238 1e-35
5.80658617639 1e-35
5.80710002587 1e-35
5.80761392082 1e-35
5.80812786125 1e-35
5.80864184716 1e-35
5.80915587856 1e-35
5.80966995544 1e-35
5.81018407781 1e-35
5.81069824569 1e-35
5.81121245906 1e-35
5.81172671794 1e-35
5.81224102233 1e-35
5.81275537223 1e-35
5.81326976764 1e-35
5.81378420858 1e-35
5.81429869505 1e-35
5.81481322704 1e-35
5.81532780456 1e-35
5.81584242763 1e-35
5.81635709623 1e-35
5.81687181038 1e-35
5.81738657008 1e-35
5.81790137533 1e-35
5.81841622614 1e-35
5.81893112251 1e-35
5.81944606445 1e-35
5.81996105195 1e-35
5.82047608503 1e-35
5.82099116369 1e-35
5.82150628792 1e-35
5.82202145775 1e-35
5.82253667316 1e-35
5.82305193417 1e-35
5.82356724077 1e-35
5.82408259298 1e-35
5.82459799079 1e-35
5.82511343421 1e-35
5.82562892324 1e-35
5.8261444579 1e-35
5.82666003817 1e-35
5.82717566407 1e-35
5.8276913356 1e-35
5.82820705277 1e-35
5.82872281557 1e-35
5.82923862401 1e-35
5.8297544781 1e-35
5.83027037784 1e-35
5.83078632324 1e-35
5.83130231429 1e-35
5.83181835101 1e-35
5.83233443339 1e-35
5.83285056144 1e-35
5.83336673517 1e-35
5.83388295457 1e-35
5.83439921966 1e-35
5.83491553043 1e-35
5.8354318869 1e-35
5.83594828905 1e-35
5.83646473691 1e-35
5.83698123047 1e-35
5.83749776974 1e-35
5.83801435472 1e-35
5.83853098541 1e-35
5.83904766182 1e-35
5.83956438395 1e-35
5.84008115181 1e-35
5.8405979654 1e-35
5.84111482473 1e-35
5.8416317298 1e-35
5.84214868061 1e-35
5.84266567716 1e-35
5.84318271947 1e-35
5.84369980753 1e-35
5.84421694135 1e-35
5.84473412094 1e-35
5.84525134629 1e-35
5.84576861742 1e-35
5.84628593432 1e-35
5.846803297 1e-35
5.84732070546 1e-35
5.84783815971 1e-35
5.84835565975 1e-35
5.84887320559 1e-35
5.84939079723 1e-35
5.84990843467 1e-35
5.85042611792 1e-35
5.85094384698 1e-35
5.85146162186 1e-35
5.85197944256 1e-35
5.85249730908 1e-35
5.85301522143 1e-35
5.85353317961 1e-35
5.85405118363 1e-35
5.85456923349 1e-35
5.85508732919 1e-35
5.85560547075 1e-35
5.85612365815 1e-35
5.85664189141 1e-35
5.85716017054 1e-35
5.85767849552 1e-35
5.85819686638 1e-35
5.85871528311 1e-35
5.85923374571 1e-35
5.8597522542 1e-35
5.86027080857 1e-35
5.86078940883 1e-35
5.86130805498 1e-35
5.86182674703 1e-35
5.86234548498 1e-35
5.86286426884 1e-35
5.86338309861 1e-35
5.86390197429 1e-35
5.86442089589 1e-35
5.86493986341 1e-35
5.86545887685 1e-35
5.86597793622 1e-35
5.86649704153 1e-35
5.86701619278 1e-35
5.86753538997 1e-35
5.8680546331 1e-35
5.86857392218 1e-35
5.86909325722 1e-35
5.86961263822 1e-35
5.87013206518 1e-35
5.8706515381 1e-35
5.871171057 1e-35
5.87169062187 1e-35
5.87221023272 1e-35
5.87272988955 1e-35
5.87324959236 1e-35
5.87376934117 1e-35
5.87428913597 1e-35
5.87480897678 1e-35
5.87532886358 1e-35
5.87584879639 1e-35
5.87636877521 1e-35
5.87688880005 1e-35
5.87740887091 1e-35
5.87792898779 1e-35
5.8784491507 1e-35
5.87896935964 1e-35
5.87948961461 1e-35
5.88000991562 1e-35
5.88053026268 1e-35
5.88105065579 1e-35
5.88157109495 1e-35
5.88209158016 1e-35
5.88261211143 1e-35
5.88313268877 1e-35
5.88365331217 1e-35
5.88417398165 1e-35
5.8846946972 1e-35
5.88521545884 1e-35
5.88573626656 1e-35
5.88625712036 1e-35
5.88677802026 1e-35
5.88729896626 1e-35
5.88781995836 1e-35
5.88834099656 1e-35
5.88886208087 1e-35
5.88938321129 1e-35
5.88990438783 1e-35
5.89042561049 1e-35
5.89094687928 1e-35
5.8914681942 1e-35
5.89198955525 1e-35
5.89251096243 1e-35
5.89303241576 1e-35
5.89355391524 1e-35
5.89407546086 1e-35
5.89459705264 1e-35
5.89511869057 1e-35
5.89564037467 1e-35
5.89616210493 1e-35
5.89668388137 1e-35
5.89720570398 1e-35
5.89772757276 1e-35
5.89824948773 1e-35
5.89877144888 1e-35
5.89929345623 1e-35
5.89981550977 1e-35
5.90033760951 1e-35
5.90085975545 1e-35
5.9013819476 1e-35
5.90190418596 1e-35
5.90242647053 1e-35
5.90294880133 1e-35
5.90347117835 1e-35
5.90399360159 1e-35
5.90451607107 1e-35
5.90503858678 1e-35
5.90556114873 1e-35
5.90608375692 1e-35
5.90660641137 1e-35
5.90712911206 1e-35
5.90765185901 1e-35
5.90817465222 1e-35
5.9086974917 1e-35
5.90922037744 1e-35
5.90974330946 1e-35
5.91026628775 1e-35
5.91078931232 1e-35
5.91131238318 1e-35
5.91183550032 1e-35
5.91235866376 1e-35
5.9128818735 1e-35
5.91340512954 1e-35
5.91392843188 1e-35
5.91445178053 1e-35
5.91497517549 1e-35
5.91549861678 1e-35
5.91602210438 1e-35
5.91654563831 1e-35
5.91706921857 1e-35
5.91759284516 1e-35
5.91811651809 1e-35
5.91864023736 1e-35
5.91916400298 1e-35
5.91968781495 1e-35
5.92021167328 1e-35
5.92073557796 1e-35
5.921259529 1e-35
5.92178352641 1e-35
5.9223075702 1e-35
5.92283166035 1e-35
5.92335579689 1e-35
5.92387997981 1e-35
5.92440420911 1e-35
5.92492848481 1e-35
5.9254528069 1e-35
5.9259771754 1e-35
5.92650159029 1e-35
5.9270260516 1e-35
5.92755055931 1e-35
5.92807511344 1e-35
5.92859971399 1e-35
5.92912436097 1e-35
5.92964905437 1e-35
5.93017379421 1e-35
5.93069858048 1e-35
5.93122341319 1e-35
5.93174829235 1e-35
5.93227321796 1e-35
5.93279819002 1e-35
5.93332320853 1e-35
5.93384827351 1e-35
5.93437338495 1e-35
5.93489854287 1e-35
5.93542374725 1e-35
5.93594899812 1e-35
5.93647429546 1e-35
5.93699963929 1e-35
5.93752502961 1e-35
5.93805046643 1e-35
5.93857594974 1e-35
5.93910147955 1e-35
5.93962705587 1e-35
5.94015267871 1e-35
5.94067834805 1e-35
5.94120406392 1e-35
5.94172982631 1e-35
5.94225563522 1e-35
5.94278149067 1e-35
5.94330739265 1e-35
5.94383334117 1e-35
5.94435933623 1e-35
5.94488537784 1e-35
5.94541146601 1e-35
5.94593760073 1e-35
5.946463782 1e-35
5.94699000985 1e-35
5.94751628426 1e-35
5.94804260524 1e-35
5.9485689728 1e-35
5.94909538694 1e-35
5.94962184766 1e-35
5.95014835498 1e-35
5.95067490888 1e-35
5.95120150939 1e-35
5.95172815649 1e-35
5.9522548502 1e-35
5.95278159052 1e-35
5.95330837745 1e-35
5.953835211 1e-35
5.95436209117 1e-35
5.95488901797 1e-35
5.9554159914 1e-35
5.95594301146 1e-35
5.95647007816 1e-35
5.9569971915 1e-35
5.95752435149 1e-35
5.95805155813 1e-35
5.95857881143 1e-35
5.95910611138 1e-35
5.959633458 1e-35
5.96016085128 1e-35
5.96068829123 1e-35
5.96121577786 1e-35
5.96174331117 1e-35
5.96227089117 1e-35
5.96279851785 1e-35
5.96332619122 1e-35
5.96385391129 1e-35
5.96438167806 1e-35
5.96490949153 1e-35
5.96543735171 1e-35
5.96596525861 1e-35
5.96649321222 1e-35
5.96702121255 1e-35
5.96754925961 1e-35
5.96807735339 1e-35
5.96860549391 1e-35
5.96913368117 1e-35
5.96966191517 1e-35
5.97019019591 1e-35
5.97071852341 1e-35
5.97124689765 1e-35
5.97177531866 1e-35
5.97230378643 1e-35
5.97283230096 1e-35
5.97336086227 1e-35
5.97388947035 1e-35
5.97441812521 1e-35
5.97494682685 1e-35
5.97547557528 1e-35
5.9760043705 1e-35
5.97653321251 1e-35
5.97706210132 1e-35
5.97759103694 1e-35
5.97812001937 1e-35
5.97864904861 1e-35
5.97917812466 1e-35
5.97970724753 1e-35
5.98023641723 1e-35
5.98076563376 1e-35
5.98129489712 1e-35
5.98182420731 1e-35
5.98235356435 1e-35
5.98288296823 1e-35
5.98341241896 1e-35
5.98394191655 1e-35
5.98447146099 1e-35
5.98500105229 1e-35
5.98553069046 1e-35
5.9860603755 1e-35
5.98659010742 1e-35
5.98711988621 1e-35
5.98764971188 1e-35
5.98817958444 1e-35
5.98870950389 1e-35
5.98923947024 1e-35
5.98976948348 1e-35
5.99029954363 1e-35
5.99082965069 1e-35
5.99135980466 1e-35
5.99189000554 1e-35
5.99242025334 1e-35
5.99295054807 1e-35
5.99348088972 1e-35
5.99401127831 1e-35
5.99454171383 1e-35
5.99507219629 1e-35
5.9956027257 1e-35
5.99613330206 1e-35
5.99666392537 1e-35
5.99719459563 1e-35
5.99772531286 1e-35
5.99825607705 1e-35
5.99878688822 1e-35
5.99931774635 1e-35
5.99984865147 1e-35
6.00037960357 1e-35
6.00091060265 1e-35
6.00144164872 1e-35
6.00197274179 1e-35
6.00250388186 1e-35
6.00303506892 1e-35
6.003566303 1e-35
6.00409758409 1e-35
6.00462891219 1e-35
6.00516028731 1e-35
6.00569170946 1e-35
6.00622317863 1e-35
6.00675469484 1e-35
6.00728625808 1e-35
6.00781786836 1e-35
6.00834952569 1e-35
6.00888123006 1e-35
6.00941298149 1e-35
6.00994477998 1e-35
6.01047662552 1e-35
6.01100851813 1e-35
6.01154045781 1e-35
6.01207244457 1e-35
6.0126044784 1e-35
6.01313655931 1e-35
6.01366868731 1e-35
6.0142008624 1e-35
6.01473308459 1e-35
6.01526535387 1e-35
6.01579767026 1e-35
6.01633003375 1e-35
6.01686244435 1e-35
6.01739490207 1e-35
6.01792740691 1e-35
6.01845995888 1e-35
6.01899255797 1e-35
6.01952520419 1e-35
6.02005789755 1e-35
6.02059063805 1e-35
6.02112342569 1e-35
6.02165626048 1e-35
6.02218914242 1e-35
6.02272207153 1e-35
6.02325504779 1e-35
6.02378807122 1e-35
6.02432114181 1e-35
6.02485425959 1e-35
6.02538742453 1e-35
6.02592063667 1e-35
6.02645389598 1e-35
6.02698720249 1e-35
6.02752055619 1e-35
6.02805395709 1e-35
6.0285874052 1e-35
6.02912090051 1e-35
6.02965444303 1e-35
6.03018803277 1e-35
6.03072166973 1e-35
6.03125535391 1e-35
6.03178908532 1e-35
6.03232286396 1e-35
6.03285668984 1e-35
6.03339056295 1e-35
6.03392448332 1e-35
6.03445845093 1e-35
6.03499246579 1e-35
6.03552652791 1e-35
6.0360606373 1e-35
6.03659479395 1e-35
6.03712899787 1e-35
6.03766324906 1e-35
6.03819754753 1e-35
6.03873189328 1e-35
6.03926628632 1e-35
6.03980072665 1e-35
6.04033521428 1e-35
6.0408697492 1e-35
6.04140433143 1e-35
6.04193896097 1e-35
6.04247363781 1e-35
6.04300836198 1e-35
6.04354313346 1e-35
6.04407795227 1e-35
6.0446128184 1e-35
6.04514773187 1e-35
6.04568269267 1e-35
6.04621770082 1e-35
6.04675275631 1e-35
6.04728785915 1e-35
6.04782300934 1e-35
6.0483582069 1e-35
6.04889345181 1e-35
6.04942874409 1e-35
6.04996408374 1e-35
6.05049947076 1e-35
6.05103490516 1e-35
6.05157038695 1e-35
6.05210591612 1e-35
6.05264149269 1e-35
6.05317711665 1e-35
6.05371278801 1e-35
6.05424850677 1e-35
6.05478427294 1e-35
6.05532008652 1e-35
6.05585594752 1e-35
6.05639185594 1e-35
6.05692781179 1e-35
6.05746381506 1e-35
6.05799986577 1e-35
6.05853596391 1e-35
6.0590721095 1e-35
6.05960830253 1e-35
6.06014454301 1e-35
6.06068083095 1e-35
6.06121716634 1e-35
6.0617535492 1e-35
6.06228997952 1e-35
6.06282645732 1e-35
6.06336298259 1e-35
6.06389955534 1e-35
6.06443617557 1e-35
6.06497284329 1e-35
6.06550955851 1e-35
6.06604632122 1e-35
6.06658313143 1e-35
6.06711998914 1e-35
6.06765689436 1e-35
6.0681938471 1e-35
6.06873084735 1e-35
6.06926789513 1e-35
6.06980499043 1e-35
6.07034213326 1e-35
6.07087932362 1e-35
6.07141656152 1e-35
6.07195384697 1e-35
6.07249117996 1e-35
6.0730285605 1e-35
6.0735659886 1e-35
6.07410346426 1e-35
6.07464098748 1e-35
6.07517855827 1e-35
6.07571617663 1e-35
6.07625384256 1e-35
6.07679155608 1e-35
6.07732931718 1e-35
6.07786712587 1e-35
6.07840498215 1e-35
6.07894288603 1e-35
6.07948083751 1e-35
6.0800188366 1e-35
6.0805568833 1e-35
6.08109497761 1e-35
6.08163311954 1e-35
6.08217130909 1e-35
6.08270954627 1e-35
6.08324783108 1e-35
6.08378616352 1e-35
6.08432454361 1e-35
6.08486297133 1e-35
6.08540144671 1e-35
6.08593996973 1e-35
6.08647854042 1e-35
6.08701715876 1e-35
6.08755582477 1e-35
6.08809453845 1e-35
6.0886332998 1e-35
6.08917210882 1e-35
6.08971096553 1e-35
6.09024986993 1e-35
6.09078882201 1e-35
6.09132782179 1e-35
6.09186686927 1e-35
6.09240596445 1e-35
6.09294510733 1e-35
6.09348429793 1e-35
6.09402353624 1e-35
6.09456282228 1e-35
6.09510215603 1e-35
6.09564153752 1e-35
6.09618096673 1e-35
6.09672044368 1e-35
6.09725996838 1e-35
6.09779954082 1e-35
6.098339161 1e-35
6.09887882894 1e-35
6.09941854464 1e-35
6.0999583081 1e-35
6.10049811932 1e-35
6.10103797832 1e-35
6.10157788509 1e-35
6.10211783964 1e-35
6.10265784197 1e-35
6.10319789209 1e-35
6.10373799 1e-35
6.1042781357 1e-35
6.10481832921 1e-35
6.10535857052 1e-35
6.10589885964 1e-35
6.10643919657 1e-35
6.10697958131 1e-35
6.10752001388 1e-35
6.10806049427 1e-35
6.1086010225 1e-35
6.10914159855 1e-35
6.10968222245 1e-35
6.11022289418 1e-35
6.11076361376 1e-35
6.1113043812 1e-35
6.11184519648 1e-35
6.11238605963 1e-35
6.11292697064 1e-35
6.11346792952 1e-35
6.11400893627 1e-35
6.11454999089 1e-35
6.1150910934 1e-35
6.11563224379 1e-35
6.11617344207 1e-35
6.11671468824 1e-35
6.11725598231 1e-35
6.11779732428 1e-35
6.11833871415 1e-35
6.11888015194 1e-35
6.11942163764 1e-35
6.11996317126 1e-35
6.1205047528 1e-35
6.12104638226 1e-35
6.12158805966 1e-35
6.122129785 1e-35
6.12267155827 1e-35
6.12321337949 1e-35
6.12375524865 1e-35
6.12429716577 1e-35
6.12483913085 1e-35
6.12538114388 1e-35
6.12592320488 1e-35
6.12646531385 1e-35
6.12700747079 1e-35
6.12754967571 1e-35
6.12809192862 1e-35
6.12863422951 1e-35
6.12917657839 1e-35
6.12971897526 1e-35
6.13026142013 1e-35
6.13080391301 1e-35
6.13134645389 1e-35
6.13188904279 1e-35
6.1324316797 1e-35
6.13297436463 1e-35
6.13351709759 1e-35
6.13405987858 1e-35
6.13460270759 1e-35
6.13514558465 1e-35
6.13568850975 1e-35
6.13623148289 1e-35
6.13677450408 1e-35
6.13731757333 1e-35
6.13786069063 1e-35
6.138403856 1e-35
6.13894706944 1e-35
6.13949033094 1e-35
6.14003364053 1e-35
6.14057699819 1e-35
6.14112040393 1e-35
6.14166385777 1e-35
6.14220735969 1e-35
6.14275090972 1e-35
6.14329450784 1e-35
6.14383815407 1e-35
6.14438184841 1e-35
6.14492559087 1e-35
6.14546938144 1e-35
6.14601322013 1e-35
6.14655710695 1e-35
6.1471010419 1e-35
6.14764502499 1e-35
6.14818905621 1e-35
6.14873313558 1e-35
6.1492772631 1e-35
6.14982143877 1e-35
6.15036566259 1e-35
6.15090993458 1e-35
6.15145425473 1e-35
6.15199862305 1e-35
6.15254303955 1e-35
6.15308750422 1e-35
6.15363201707 1e-35
6.15417657811 1e-35
6.15472118734 1e-35
6.15526584477 1e-35
6.15581055039 1e-35
6.15635530422 1e-35
6.15690010625 1e-35
6.1574449565 1e-35
6.15798985496 1e-35
6.15853480165 1e-35
6.15907979656 1e-35
6.15962483969 1e-35
6.16016993106 1e-35
6.16071507067 1e-35
6.16126025852 1e-35
6.16180549462 1e-35
6.16235077896 1e-35
6.16289611156 1e-35
6.16344149242 1e-35
6.16398692154 1e-35
6.16453239893 1e-35
6.16507792459 1e-35
6.16562349853 1e-35
6.16616912075 1e-35
6.16671479125 1e-35
6.16726051004 1e-35
6.16780627712 1e-35
6.1683520925 1e-35
6.16889795619 1e-35
6.16944386817 1e-35
6.16998982847 1e-35
6.17053583708 1e-35
6.17108189401 1e-35
6.17162799927 1e-35
6.17217415285 1e-35
6.17272035476 1e-35
6.17326660501 1e-35
6.1738129036 1e-35
6.17435925053 1e-35
6.17490564581 1e-35
6.17545208944 1e-35
6.17599858143 1e-35
6.17654512179 1e-35
6.1770917105 1e-35
6.17763834759 1e-35
6.17818503305 1e-35
6.1787317669 1e-35
6.17927854912 1e-35
6.17982537973 1e-35
6.18037225873 1e-35
6.18091918613 1e-35
6.18146616193 1e-35
6.18201318613 1e-35
6.18256025874 1e-35
6.18310737976 1e-35
6.1836545492 1e-35
6.18420176706 1e-35
6.18474903335 1e-35
6.18529634807 1e-35
6.18584371122 1e-35
6.18639112281 1e-35
6.18693858284 1e-35
6.18748609132 1e-35
6.18803364825 1e-35
6.18858125364 1e-35
6.18912890748 1e-35
6.18967660979 1e-35
6.19022436057 1e-35
6.19077215982 1e-35
6.19132000755 1e-35
6.19186790376 1e-35
6.19241584846 1e-35
6.19296384165 1e-35
6.19351188333 1e-35
6.1940599735 1e-35
6.19460811219 1e-35
6.19515629937 1e-35
6.19570453507 1e-35
6.19625281929 1e-35
6.19680115203 1e-35
6.19734953329 1e-35
6.19789796307 1e-35
6.1984464414 1e-35
6.19899496825 1e-35
6.19954354366 1e-35
6.2000921676 1e-35
6.2006408401 1e-35
6.20118956115 1e-35
6.20173833076 1e-35
6.20228714893 1e-35
6.20283601567 1e-35
6.20338493098 1e-35
6.20393389487 1e-35
6.20448290733 1e-35
6.20503196838 1e-35
6.20558107802 1e-35
6.20613023626 1e-35
6.20667944309 1e-35
6.20722869852 1e-35
6.20777800256 1e-35
6.20832735521 1e-35
6.20887675647 1e-35
6.20942620635 1e-35
6.20997570485 1e-35
6.21052525199 1e-35
6.21107484775 1e-35
6.21162449215 1e-35
6.21217418519 1e-35
6.21272392688 1e-35
6.21327371721 1e-35
6.2138235562 1e-35
6.21437344384 1e-35
6.21492338015 1e-35
6.21547336512 1e-35
6.21602339877 1e-35
6.21657348108 1e-35
6.21712361208 1e-35
6.21767379176 1e-35
6.21822402013 1e-35
6.21877429719 1e-35
6.21932462295 1e-35
6.21987499741 1e-35
6.22042542057 1e-35
6.22097589244 1e-35
6.22152641303 1e-35
6.22207698233 1e-35
6.22262760036 1e-35
6.22317826711 1e-35
6.22372898259 1e-35
6.22427974681 1e-35
6.22483055977 1e-35
6.22538142147 1e-35
6.22593233192 1e-35
6.22648329112 1e-35
6.22703429908 1e-35
6.2275853558 1e-35
6.22813646128 1e-35
6.22868761554 1e-35
6.22923881857 1e-35
6.22979007037 1e-35
6.23034137096 1e-35
6.23089272034 1e-35
6.23144411851 1e-35
6.23199556547 1e-35
6.23254706123 1e-35
6.2330986058 1e-35
6.23365019918 1e-35
6.23420184137 1e-35
6.23475353237 1e-35
6.2353052722 1e-35
6.23585706085 1e-35
6.23640889834 1e-35
6.23696078466 1e-35
6.23751271981 1e-35
6.23806470381 1e-35
6.23861673666 1e-35
6.23916881836 1e-35
6.23972094891 1e-35
6.24027312833 1e-35
6.24082535661 1e-35
6.24137763376 1e-35
6.24192995978 1e-35
6.24248233468 1e-35
6.24303475846 1e-35
6.24358723113 1e-35
6.24413975269 1e-35
6.24469232314 1e-35
6.2452449425 1e-35
6.24579761075 1e-35
6.24635032792 1e-35
6.24690309399 1e-35
6.24745590899 1e-35
6.2480087729 1e-35
6.24856168574 1e-35
6.24911464751 1e-35
6.24966765822 1e-35
6.25022071786 1e-35
6.25077382644 1e-35
6.25132698397 1e-35
6.25188019046 1e-35
6.25243344589 1e-35
6.25298675029 1e-35
6.25354010365 1e-35
6.25409350599 1e-35
6.25464695729 1e-35
6.25520045757 1e-35
6.25575400683 1e-35
6.25630760508 1e-35
6.25686125232 1e-35
6.25741494855 1e-35
6.25796869379 1e-35
6.25852248802 1e-35
6.25907633127 1e-35
6.25963022352 1e-35
6.26018416479 1e-35
6.26073815509 1e-35
6.2612921944 1e-35
6.26184628275 1e-35
6.26240042013 1e-35
6.26295460655 1e-35
6.26350884201 1e-35
6.26406312651 1e-35
6.26461746007 1e-35
6.26517184269 1e-35
6.26572627436 1e-35
6.2662807551 1e-35
6.2668352849 1e-35
6.26738986378 1e-35
6.26794449173 1e-35
6.26849916877 1e-35
6.26905389489 1e-35
6.2696086701 1e-35
6.27016349441 1e-35
6.27071836782 1e-35
6.27127329033 1e-35
6.27182826194 1e-35
6.27238328267 1e-35
6.27293835251 1e-35
6.27349347148 1e-35
6.27404863957 1e-35
6.27460385679 1e-35
6.27515912314 1e-35
6.27571443863 1e-35
6.27626980326 1e-35
6.27682521704 1e-35
6.27738067997 1e-35
6.27793619205 1e-35
6.2784917533 1e-35
6.2790473637 1e-35
6.27960302328 1e-35
6.28015873203 1e-35
6.28071448996 1e-35
6.28127029707 1e-35
6.28182615336 1e-35
6.28238205884 1e-35
6.28293801352 1e-35
6.2834940174 1e-35
6.28405007048 1e-35
6.28460617277 1e-35
6.28516232426 1e-35
6.28571852498 1e-35
6.28627477492 1e-35
6.28683107408 1e-35
6.28738742247 1e-35
6.28794382009 1e-35
6.28850026695 1e-35
6.28905676306 1e-35
6.28961330841 1e-35
6.29016990301 1e-35
6.29072654687 1e-35
6.29128323999 1e-35
6.29183998237 1e-35
6.29239677402 1e-35
6.29295361494 1e-35
6.29351050514 1e-35
6.29406744462 1e-35
6.29462443339 1e-35
6.29518147145 1e-35
6.2957385588 1e-35
6.29629569545 1e-35
6.29685288141 1e-35
6.29741011667 1e-35
6.29796740124 1e-35
6.29852473514 1e-35
6.29908211835 1e-35
6.29963955088 1e-35
6.30019703275 1e-35
6.30075456395 1e-35
6.30131214449 1e-35
6.30186977437 1e-35
6.3024274536 1e-35
6.30298518218 1e-35
6.30354296012 1e-35
6.30410078741 1e-35
6.30465866408 1e-35
6.3052165901 1e-35
6.30577456551 1e-35
6.30633259029 1e-35
6.30689066445 1e-35
6.307448788 1e-35
6.30800696094 1e-35
6.30856518327 1e-35
6.30912345501 1e-35
6.30968177615 1e-35
6.31024014669 1e-35
6.31079856665 1e-35
6.31135703603 1e-35
6.31191555482 1e-35
6.31247412305 1e-35
6.3130327407 1e-35
6.31359140778 1e-35
6.31415012431 1e-35
6.31470889028 1e-35
6.3152677057 1e-35
6.31582657057 1e-35
6.31638548489 1e-35
6.31694444868 1e-35
6.31750346193 1e-35
6.31806252465 1e-35
6.31862163684 1e-35
6.31918079851 1e-35
6.31974000967 1e-35
6.32029927031 1e-35
6.32085858044 1e-35
6.32141794007 1e-35
6.3219773492 1e-35
6.32253680784 1e-35
6.32309631598 1e-35
6.32365587363 1e-35
6.32421548081 1e-35
6.3247751375 1e-35
6.32533484372 1e-35
6.32589459948 1e-35
6.32645440476 1e-35
6.32701425959 1e-35
6.32757416396 1e-35
6.32813411788 1e-35
6.32869412135 1e-35
6.32925417438 1e-35
6.32981427697 1e-35
6.33037442913 1e-35
6.33093463086 1e-35
6.33149488216 1e-35
6.33205518304 1e-35
6.3326155335 1e-35
6.33317593356 1e-35
6.3337363832 1e-35
6.33429688244 1e-35
6.33485743128 1e-35
6.33541802973 1e-35
6.33597867778 1e-35
6.33653937546 1e-35
6.33710012274 1e-35
6.33766091966 1e-35
6.3382217662 1e-35
6.33878266237 1e-35
6.33934360817 1e-35
6.33990460362 1e-35
6.34046564871 1e-35
6.34102674346 1e-35
6.34158788785 1e-35
6.3421490819 1e-35
6.34271032562 1e-35
6.343271619 1e-35
6.34383296206 1e-35
6.34439435479 1e-35
6.3449557972 1e-35
6.34551728929 1e-35
6.34607883107 1e-35
6.34664042255 1e-35
6.34720206372 1e-35
6.3477637546 1e-35
6.34832549518 1e-35
6.34888728547 1e-35
6.34944912548 1e-35
6.35001101521 1e-35
6.35057295466 1e-35
6.35113494384 1e-35
6.35169698275 1e-35
6.3522590714 1e-35
6.3528212098 1e-35
6.35338339793 1e-35
6.35394563582 1e-35
6.35450792347 1e-35
6.35507026087 1e-35
6.35563264803 1e-35
6.35619508497 1e-35
6.35675757167 1e-35
6.35732010816 1e-35
6.35788269442 1e-35
