#xsec (eV,cm2) for H2O -> O + H + H
4.76883399785 0.0
4.76925601223 0.0
4.76967806396 0.0
4.77010015304 0.0
4.77052227946 0.0
4.77094444325 0.0
4.77136664439 0.0
4.77178888289 0.0
4.77221115876 0.0
4.772633472 0.0
4.77305582261 0.0
4.7734782106 0.0
4.77390063597 0.0
4.77432309872 0.0
4.77474559885 0.0
4.77516813637 0.0
4.77559071129 0.0
4.7760133236 0.0
4.77643597331 0.0
4.77685866042 0.0
4.77728138494 0.0
4.77770414686 0.0
4.7781269462 0.0
4.77854978295 0.0
4.77897265712 0.0
4.77939556872 0.0
4.77981851773 0.0
4.78024150418 0.0
4.78066452806 0.0
4.78108758937 0.0
4.78151068813 0.0
4.78193382432 0.0
4.78235699796 0.0
4.78278020905 0.0
4.78320345759 0.0
4.78362674358 0.0
4.78405006704 0.0
4.78447342795 0.0
4.78489682633 0.0
4.78532026218 0.0
4.7857437355 0.0
4.78616724629 0.0
4.78659079456 0.0
4.78701438032 0.0
4.78743800356 0.0
4.78786166429 0.0
4.78828536251 0.0
4.78870909822 0.0
4.78913287143 0.0
4.78955668215 0.0
4.78998053036 0.0
4.79040441609 0.0
4.79082833933 0.0
4.79125230008 0.0
4.79167629835 0.0
4.79210033414 0.0
4.79252440746 0.0
4.79294851831 0.0
4.79337266668 0.0
4.79379685259 0.0
4.79422107604 0.0
4.79464533703 0.0
4.79506963557 0.0
4.79549397165 0.0
4.79591834529 0.0
4.79634275648 0.0
4.79676720522 0.0
4.79719169153 0.0
4.7976162154 0.0
4.79804077685 0.0
4.79846537586 0.0
4.79889001244 0.0
4.79931468661 0.0
4.79973939835 0.0
4.80016414768 0.0
4.8005889346 0.0
4.80101375911 0.0
4.80143862122 0.0
4.80186352092 0.0
4.80228845822 0.0
4.80271343313 0.0
4.80313844564 0.0
4.80356349577 0.0
4.80398858351 0.0
4.80441370887 0.0
4.80483887185 0.0
4.80526407245 0.0
4.80568931069 0.0
4.80611458655 0.0
4.80653990005 0.0
4.80696525118 0.0
4.80739063996 0.0
4.80781606638 0.0
4.80824153045 0.0
4.80866703217 0.0
4.80909257154 0.0
4.80951814858 0.0
4.80994376327 0.0
4.81036941563 0.0
4.81079510565 0.0
4.81122083335 0.0
4.81164659872 0.0
4.81207240177 0.0
4.8124982425 0.0
4.81292412092 0.0
4.81335003702 0.0
4.81377599081 0.0
4.8142019823 0.0
4.81462801149 0.0
4.81505407837 0.0
4.81548018296 0.0
4.81590632526 0.0
4.81633250527 0.0
4.816758723 0.0
4.81718497844 0.0
4.8176112716 0.0
4.81803760249 0.0
4.81846397111 0.0
4.81889037746 0.0
4.81931682154 0.0
4.81974330336 0.0
4.82016982292 0.0
4.82059638022 0.0
4.82102297528 0.0
4.82144960808 0.0
4.82187627864 0.0
4.82230298696 0.0
4.82272973304 0.0
4.82315651688 0.0
4.82358333849 0.0
4.82401019787 0.0
4.82443709503 0.0
4.82486402996 0.0
4.82529100268 0.0
4.82571801318 0.0
4.82614506147 0.0
4.82657214755 0.0
4.82699927142 0.0
4.82742643309 0.0
4.82785363257 0.0
4.82828086984 0.0
4.82870814493 0.0
4.82913545783 0.0
4.82956280854 0.0
4.82999019707 0.0
4.83041762342 0.0
4.8308450876 0.0
4.83127258961 0.0
4.83170012944 0.0
4.83212770711 0.0
4.83255532262 0.0
4.83298297597 0.0
4.83341066717 0.0
4.83383839621 0.0
4.83426616311 0.0
4.83469396786 0.0
4.83512181047 0.0
4.83554969094 0.0
4.83597760927 0.0
4.83640556548 0.0
4.83683355955 0.0
4.8372615915 0.0
4.83768966133 0.0
4.83811776904 0.0
4.83854591464 0.0
4.83897409812 0.0
4.8394023195 0.0
4.83983057877 0.0
4.84025887594 0.0
4.84068721101 0.0
4.84111558398 0.0
4.84154399487 0.0
4.84197244366 0.0
4.84240093038 0.0
4.84282945501 0.0
4.84325801756 0.0
4.84368661804 0.0
4.84411525644 0.0
4.84454393278 0.0
4.84497264706 0.0
4.84540139927 0.0
4.84583018942 0.0
4.84625901752 0.0
4.84668788357 0.0
4.84711678757 0.0
4.84754572953 0.0
4.84797470945 0.0
4.84840372732 0.0
4.84883278317 0.0
4.84926187698 0.0
4.84969100876 0.0
4.85012017852 0.0
4.85054938626 0.0
4.85097863199 0.0
4.85140791569 0.0
4.85183723739 0.0
4.85226659708 0.0
4.85269599477 0.0
4.85312543045 0.0
4.85355490414 0.0
4.85398441583 0.0
4.85441396553 0.0
4.85484355325 0.0
4.85527317898 0.0
4.85570284273 0.0
4.8561325445 0.0
4.8565622843 0.0
4.85699206213 0.0
4.85742187799 0.0
4.85785173189 0.0
4.85828162383 0.0
4.85871155381 0.0
4.85914152184 0.0
4.85957152791 0.0
4.86000157204 0.0
4.86043165423 0.0
4.86086177447 0.0
4.86129193278 0.0
4.86172212916 0.0
4.8621523636 0.0
4.86258263612 0.0
4.86301294672 0.0
4.86344329539 0.0
4.86387368215 0.0
4.864304107 0.0
4.86473456993 0.0
4.86516507096 0.0
4.86559561009 0.0
4.86602618731 0.0
4.86645680264 0.0
4.86688745608 0.0
4.86731814763 0.0
4.86774887729 0.0
4.86817964507 0.0
4.86861045097 0.0
4.86904129499 0.0
4.86947217714 0.0
4.86990309742 0.0
4.87033405583 0.0
4.87076505238 0.0
4.87119608708 0.0
4.87162715991 0.0
4.8720582709 0.0
4.87248942003 0.0
4.87292060732 0.0
4.87335183277 0.0
4.87378309637 0.0
4.87421439814 0.0
4.87464573808 0.0
4.87507711619 0.0
4.87550853248 0.0
4.87593998694 0.0
4.87637147959 0.0
4.87680301042 0.0
4.87723457943 0.0
4.87766618664 0.0
4.87809783204 0.0
4.87852951564 0.0
4.87896123745 0.0
4.87939299745 0.0
4.87982479567 0.0
4.8802566321 0.0
4.88068850674 0.0
4.8811204196 0.0
4.88155237068 0.0
4.88198435999 0.0
4.88241638753 0.0
4.8828484533 0.0
4.8832805573 0.0
4.88371269954 0.0
4.88414488003 0.0
4.88457709876 0.0
4.88500935573 0.0
4.88544165097 0.0
4.88587398445 0.0
4.8863063562 0.0
4.88673876621 0.0
4.88717121448 0.0
4.88760370102 0.0
4.88803622584 0.0
4.88846878893 0.0
4.8889013903 0.0
4.88933402996 0.0
4.8897667079 0.0
4.89019942413 0.0
4.89063217865 0.0
4.89106497147 0.0
4.89149780258 0.0
4.89193067201 0.0
4.89236357973 0.0
4.89279652577 0.0
4.89322951012 0.0
4.89366253279 0.0
4.89409559378 0.0
4.89452869309 0.0
4.89496183073 0.0
4.89539500669 0.0
4.89582822099 0.0
4.89626147363 0.0
4.89669476461 0.0
4.89712809393 0.0
4.8975614616 0.0
4.89799486762 0.0
4.898428312 0.0
4.89886179473 0.0
4.89929531582 0.0
4.89972887528 0.0
4.9001624731 0.0
4.9005961093 0.0
4.90102978387 0.0
4.90146349681 0.0
4.90189724814 0.0
4.90233103785 0.0
4.90276486595 0.0
4.90319873245 0.0
4.90363263733 0.0
4.90406658062 0.0
4.9045005623 0.0
4.90493458239 0.0
4.90536864089 0.0
4.9058027378 0.0
4.90623687313 0.0
4.90667104687 0.0
4.90710525904 0.0
4.90753950963 0.0
4.90797379865 0.0
4.9084081261 0.0
4.90884249199 0.0
4.90927689632 0.0
4.90971133909 0.0
4.9101458203 0.0
4.91058033996 0.0
4.91101489808 0.0
4.91144949465 0.0
4.91188412968 0.0
4.91231880318 0.0
4.91275351514 0.0
4.91318826557 0.0
4.91362305447 0.0
4.91405788185 0.0
4.91449274771 0.0
4.91492765205 0.0
4.91536259488 0.0
4.9157975762 0.0
4.91623259601 0.0
4.91666765432 0.0
4.91710275112 0.0
4.91753788644 0.0
4.91797306026 0.0
4.91840827258 0.0
4.91884352343 0.0
4.91927881279 0.0
4.91971414067 0.0
4.92014950707 0.0
4.92058491201 0.0
4.92102035547 0.0
4.92145583747 0.0
4.921891358 0.0
4.92232691708 0.0
4.9227625147 0.0
4.92319815087 0.0
4.92363382559 0.0
4.92406953886 0.0
4.92450529069 0.0
4.92494108109 0.0
4.92537691005 0.0
4.92581277757 0.0
4.92624868367 0.0
4.92668462835 0.0
4.9271206116 0.0
4.92755663344 0.0
4.92799269386 0.0
4.92842879287 0.0
4.92886493047 0.0
4.92930110667 0.0
4.92973732146 0.0
4.93017357486 0.0
4.93060986686 0.0
4.93104619748 0.0
4.93148256671 0.0
4.93191897455 0.0
4.93235542101 0.0
4.9327919061 0.0
4.93322842981 0.0
4.93366499215 0.0
4.93410159313 0.0
4.93453823274 0.0
4.93497491099 0.0
4.93541162788 0.0
4.93584838343 0.0
4.93628517762 0.0
4.93672201047 0.0
4.93715888197 0.0
4.93759579213 0.0
4.93803274096 0.0
4.93846972846 0.0
4.93890675462 0.0
4.93934381947 0.0
4.93978092298 0.0
4.94021806518 0.0
4.94065524607 0.0
4.94109246564 0.0
4.9415297239 0.0
4.94196702086 0.0
4.94240435652 0.0
4.94284173088 0.0
4.94327914394 0.0
4.94371659571 0.0
4.9441540862 0.0
4.9445916154 0.0
4.94502918332 0.0
4.94546678996 0.0
4.94590443532 0.0
4.94634211942 0.0
4.94677984225 0.0
4.94721760381 0.0
4.94765540411 0.0
4.94809324316 0.0
4.94853112095 0.0
4.94896903749 0.0
4.94940699279 0.0
4.94984498684 0.0
4.95028301965 0.0
4.95072109123 0.0
4.95115920157 0.0
4.95159735068 0.0
4.95203553857 0.0
4.95247376523 0.0
4.95291203067 0.0
4.9533503349 0.0
4.95378867791 0.0
4.95422705972 0.0
4.95466548032 0.0
4.95510393972 0.0
4.95554243792 0.0
4.95598097492 0.0
4.95641955073 0.0
4.95685816535 0.0
4.95729681879 0.0
4.95773551105 0.0
4.95817424212 0.0
4.95861301203 0.0
4.95905182076 0.0
4.95949066832 0.0
4.95992955472 0.0
4.96036847996 0.0
4.96080744404 0.0
4.96124644696 0.0
4.96168548874 0.0
4.96212456937 0.0
4.96256368885 0.0
4.96300284719 0.0
4.9634420444 0.0
4.96388128047 0.0
4.96432055542 0.0
4.96475986923 0.0
4.96519922193 0.0
4.9656386135 0.0
4.96607804395 0.0
4.9665175133 0.0
4.96695702153 0.0
4.96739656866 0.0
4.96783615469 0.0
4.96827577961 0.0
4.96871544344 0.0
4.96915514618 0.0
4.96959488783 0.0
4.9700346684 0.0
4.97047448788 0.0
4.97091434628 0.0
4.97135424361 0.0
4.97179417987 0.0
4.97223415506 0.0
4.97267416918 0.0
4.97311422224 0.0
4.97355431425 0.0
4.9739944452 0.0
4.9744346151 0.0
4.97487482395 0.0
4.97531507176 0.0
4.97575535853 0.0
4.97619568426 0.0
4.97663604895 0.0
4.97707645262 0.0
4.97751689526 0.0
4.97795737688 0.0
4.97839789747 0.0
4.97883845705 0.0
4.97927905562 0.0
4.97971969318 0.0
4.98016036973 0.0
4.98060108528 0.0
4.98104183983 0.0
4.98148263338 0.0
4.98192346594 0.0
4.98236433751 0.0
4.9828052481 0.0
4.9832461977 0.0
4.98368718633 0.0
4.98412821398 0.0
4.98456928066 0.0
4.98501038637 0.0
4.98545153112 0.0
4.98589271491 0.0
4.98633393774 0.0
4.98677519961 0.0
4.98721650053 0.0
4.98765784051 0.0
4.98809921954 0.0
4.98854063763 0.0
4.98898209479 0.0
4.98942359101 0.0
4.9898651263 0.0
4.99030670066 0.0
4.9907483141 0.0
4.99118996662 0.0
4.99163165823 0.0
4.99207338892 0.0
4.9925151587 0.0
4.99295696758 0.0
4.99339881555 0.0
4.99384070262 0.0
4.9942826288 0.0
4.99472459409 0.0
4.99516659849 0.0
4.995608642 0.0
4.99605072463 0.0
4.99649284639 0.0
4.99693500727 0.0
4.99737720727 0.0
4.99781944641 0.0
4.99826172469 0.0
4.9987040421 0.0
4.99914639866 0.0
4.99958879436 0.0
5.00003122922 0.0
5.00047370322 0.0
5.00091621638 0.0
5.0013587687 0.0
5.00180136019 0.0
5.00224399084 0.0
5.00268666066 0.0
5.00312936966 0.0
5.00357211783 0.0
5.00401490519 0.0
5.00445773172 0.0
5.00490059745 0.0
5.00534350237 0.0
5.00578644648 0.0
5.00622942979 0.0
5.0066724523 0.0
5.00711551401 0.0
5.00755861493 0.0
5.00800175507 0.0
5.00844493442 0.0
5.00888815299 0.0
5.00933141078 0.0
5.0097747078 0.0
5.01021804405 0.0
5.01066141953 0.0
5.01110483424 0.0
5.0115482882 0.0
5.0119917814 0.0
5.01243531384 0.0
5.01287888554 0.0
5.01332249649 0.0
5.01376614669 0.0
5.01420983616 0.0
5.01465356489 0.0
5.01509733289 0.0
5.01554114016 0.0
5.0159849867 0.0
5.01642887252 0.0
5.01687279763 0.0
5.01731676201 0.0
5.01776076569 0.0
5.01820480866 0.0
5.01864889092 0.0
5.01909301248 0.0
5.01953717334 0.0
5.01998137351 0.0
5.02042561299 0.0
5.02086989178 0.0
5.02131420989 0.0
5.02175856732 0.0
5.02220296406 0.0
5.02264740014 0.0
5.02309187555 0.0
5.02353639029 0.0
5.02398094436 0.0
5.02442553778 0.0
5.02487017054 0.0
5.02531484265 0.0
5.02575955411 0.0
5.02620430493 0.0
5.0266490951 0.0
5.02709392463 0.0
5.02753879353 0.0
5.0279837018 0.0
5.02842864943 0.0
5.02887363645 0.0
5.02931866284 0.0
5.02976372862 0.0
5.03020883378 0.0
5.03065397833 0.0
5.03109916227 0.0
5.03154438561 0.0
5.03198964835 0.0
5.03243495049 0.0
5.03288029203 0.0
5.03332567299 0.0
5.03377109337 0.0
5.03421655315 0.0
5.03466205236 0.0
5.035107591 0.0
5.03555316906 0.0
5.03599878655 0.0
5.03644444348 0.0
5.03689013985 0.0
5.03733587565 0.0
5.0377816509 0.0
5.0382274656 0.0
5.03867331976 0.0
5.03911921337 0.0
5.03956514643 0.0
5.04001111896 0.0
5.04045713096 0.0
5.04090318242 0.0
5.04134927336 0.0
5.04179540378 0.0
5.04224157367 0.0
5.04268778305 0.0
5.04313403191 0.0
5.04358032027 0.0
5.04402664812 0.0
5.04447301547 0.0
5.04491942231 0.0
5.04536586867 0.0
5.04581235453 0.0
5.0462588799 0.0
5.04670544478 0.0
5.04715204919 0.0
5.04759869312 0.0
5.04804537657 0.0
5.04849209955 0.0
5.04893886206 0.0
5.04938566411 0.0
5.0498325057 0.0
5.05027938683 0.0
5.05072630751 0.0
5.05117326774 0.0
5.05162026752 0.0
5.05206730686 0.0
5.05251438576 0.0
5.05296150422 0.0
5.05340866225 0.0
5.05385585985 0.0
5.05430309703 0.0
5.05475037378 0.0
5.05519769012 0.0
5.05564504604 0.0
5.05609244154 0.0
5.05653987664 0.0
5.05698735134 0.0
5.05743486563 0.0
5.05788241953 0.0
5.05833001303 0.0
5.05877764615 0.0
5.05922531887 0.0
5.05967303121 0.0
5.06012078318 0.0
5.06056857476 0.0
5.06101640597 0.0
5.06146427682 0.0
5.06191218729 0.0
5.06236013741 0.0
5.06280812716 0.0
5.06325615656 0.0
5.06370422561 0.0
5.06415233431 0.0
5.06460048266 0.0
5.06504867068 0.0
5.06549689835 0.0
5.06594516569 0.0
5.0663934727 0.0
5.06684181938 0.0
5.06729020574 0.0
5.06773863178 0.0
5.0681870975 0.0
5.06863560291 0.0
5.06908414801 0.0
5.0695327328 0.0
5.06998135729 0.0
5.07043002148 0.0
5.07087872537 0.0
5.07132746897 0.0
5.07177625228 0.0
5.07222507531 0.0
5.07267393806 0.0
5.07312284052 0.0
5.07357178272 0.0
5.07402076464 0.0
5.07446978629 0.0
5.07491884768 0.0
5.07536794881 0.0
5.07581708968 0.0
5.0762662703 0.0
5.07671549067 0.0
5.07716475079 0.0
5.07761405067 0.0
5.0780633903 0.0
5.07851276971 0.0
5.07896218888 0.0
5.07941164782 0.0
5.07986114653 0.0
5.08031068503 0.0
5.0807602633 0.0
5.08120988136 0.0
5.08165953921 0.0
5.08210923686 0.0
5.08255897429 0.0
5.08300875153 0.0
5.08345856857 0.0
5.08390842541 0.0
5.08435832207 0.0
5.08480825853 0.0
5.08525823482 0.0
5.08570825092 0.0
5.08615830685 0.0
5.08660840261 0.0
5.0870585382 0.0
5.08750871362 0.0
5.08795892888 0.0
5.08840918398 0.0
5.08885947893 0.0
5.08930981372 0.0
5.08976018837 0.0
5.09021060287 0.0
5.09066105723 0.0
5.09111155145 0.0
5.09156208554 0.0
5.0920126595 0.0
5.09246327334 0.0
5.09291392705 0.0
5.09336462064 0.0
5.09381535411 0.0
5.09426612747 0.0
5.09471694072 0.0
5.09516779387 0.0
5.09561868691 0.0
5.09606961986 0.0
5.09652059271 0.0
5.09697160547 0.0
5.09742265814 0.0
5.09787375073 0.0
5.09832488323 0.0
5.09877605566 0.0
5.09922726801 0.0
5.0996785203 0.0
5.10012981252 0.0
5.10058114467 0.0
5.10103251676 0.0
5.1014839288 0.0
5.10193538079 0.0
5.10238687272 0.0
5.10283840462 0.0
5.10328997647 0.0
5.10374158828 0.0
5.10419324005 0.0
5.1046449318 0.0
5.10509666351 0.0
5.1055484352 0.0
5.10600024687 0.0
5.10645209853 0.0
5.10690399017 0.0
5.1073559218 0.0
5.10780789342 0.0
5.10825990504 0.0
5.10871195666 0.0
5.10916404829 0.0
5.10961617992 0.0
5.11006835156 0.0
5.11052056322 0.0
5.1109728149 0.0
5.11142510659 0.0
5.11187743832 0.0
5.11232981007 0.0
5.11278222185 0.0
5.11323467367 0.0
5.11368716553 0.0
5.11413969743 0.0
5.11459226938 0.0
5.11504488138 0.0
5.11549753343 0.0
5.11595022554 0.0
5.11640295771 0.0
5.11685572994 0.0
5.11730854225 0.0
5.11776139462 0.0
5.11821428707 0.0
5.11866721959 0.0
5.1191201922 0.0
5.1195732049 0.0
5.12002625768 0.0
5.12047935055 0.0
5.12093248352 0.0
5.1213856566 0.0
5.12183886977 0.0
5.12229212305 0.0
5.12274541644 0.0
5.12319874995 0.0
5.12365212357 0.0
5.12410553731 0.0
5.12455899118 0.0
5.12501248518 0.0
5.1254660193 0.0
5.12591959357 0.0
5.12637320797 0.0
5.12682686251 0.0
5.1272805572 0.0
5.12773429204 0.0
5.12818806703 0.0
5.12864188218 0.0
5.12909573749 0.0
5.12954963296 0.0
5.1300035686 0.0
5.13045754441 0.0
5.13091156039 0.0
5.13136561656 0.0
5.1318197129 0.0
5.13227384943 0.0
5.13272802614 0.0
5.13318224305 0.0
5.13363650016 0.0
5.13409079746 0.0
5.13454513497 0.0
5.13499951268 0.0
5.1354539306 0.0
5.13590838874 0.0
5.13636288709 0.0
5.13681742566 0.0
5.13727200446 0.0
5.13772662348 0.0
5.13818128274 0.0
5.13863598223 0.0
5.13909072196 0.0
5.13954550193 0.0
5.14000032215 0.0
5.14045518261 0.0
5.14091008333 0.0
5.1413650243 0.0
5.14182000553 0.0
5.14227502703 0.0
5.14273008879 0.0
5.14318519083 0.0
5.14364033314 0.0
5.14409551572 0.0
5.14455073859 0.0
5.14500600174 0.0
5.14546130518 0.0
5.14591664891 0.0
5.14637203293 0.0
5.14682745726 0.0
5.14728292188 0.0
5.14773842682 0.0
5.14819397206 0.0
5.14864955762 0.0
5.14910518349 0.0
5.14956084968 0.0
5.1500165562 0.0
5.15047230304 0.0
5.15092809022 0.0
5.15138391773 0.0
5.15183978558 0.0
5.15229569376 0.0
5.1527516423 0.0
5.15320763118 0.0
5.15366366042 0.0
5.15411973001 0.0
5.15457583996 0.0
5.15503199028 0.0
5.15548818096 0.0
5.15594441201 0.0
5.15640068343 0.0
5.15685699524 0.0
5.15731334742 0.0
5.15776973999 0.0
5.15822617294 0.0
5.15868264629 0.0
5.15913916004 0.0
5.15959571418 0.0
5.16005230872 0.0
5.16050894367 0.0
5.16096561903 0.0
5.16142233481 0.0
5.161879091 0.0
5.16233588761 0.0
5.16279272464 0.0
5.1632496021 0.0
5.16370651999 0.0
5.16416347832 0.0
5.16462047709 0.0
5.16507751629 0.0
5.16553459595 0.0
5.16599171605 0.0
5.1664488766 0.0
5.16690607761 0.0
5.16736331908 0.0
5.16782060101 0.0
5.16827792341 0.0
5.16873528628 0.0
5.16919268963 0.0
5.16965013345 0.0
5.17010761775 0.0
5.17056514254 0.0
5.17102270782 0.0
5.17148031358 0.0
5.17193795985 0.0
5.17239564661 0.0
5.17285337387 0.0
5.17331114164 0.0
5.17376894993 0.0
5.17422679872 0.0
5.17468468803 0.0
5.17514261786 0.0
5.17560058822 0.0
5.1760585991 0.0
5.17651665052 0.0
5.17697474247 0.0
5.17743287496 0.0
5.17789104799 0.0
5.17834926156 0.0
5.17880751569 0.0
5.17926581037 0.0
5.1797241456 0.0
5.1801825214 0.0
5.18064093776 0.0
5.18109939468 0.0
5.18155789218 0.0
5.18201643025 0.0
5.1824750089 0.0
5.18293362813 0.0
5.18339228794 0.0
5.18385098835 0.0
5.18430972935 0.0
5.18476851094 0.0
5.18522733313 0.0
5.18568619593 0.0
5.18614509933 0.0
5.18660404334 0.0
5.18706302797 0.0
5.18752205321 0.0
5.18798111907 0.0
5.18844022556 0.0
5.18889937268 0.0
5.18935856043 0.0
5.18981778882 0.0
5.19027705784 0.0
5.19073636751 0.0
5.19119571782 0.0
5.19165510878 0.0
5.1921145404 0.0
5.19257401267 0.0
5.19303352561 0.0
5.19349307921 0.0
5.19395267347 0.0
5.19441230841 0.0
5.19487198402 0.0
5.19533170032 0.0
5.19579145729 0.0
5.19625125495 0.0
5.1967110933 0.0
5.19717097234 0.0
5.19763089208 0.0
5.19809085252 0.0
5.19855085366 0.0
5.19901089551 0.0
5.19947097807 0.0
5.19993110135 0.0
5.20039126534 0.0
5.20085147006 0.0
5.2013117155 0.0
5.20177200167 0.0
5.20223232857 0.0
5.20269269621 0.0
5.20315310459 0.0
5.20361355372 0.0
5.20407404359 0.0
5.20453457421 0.0
5.20499514558 0.0
5.20545575772 0.0
5.20591641061 0.0
5.20637710427 0.0
5.2068378387 0.0
5.2072986139 0.0
5.20775942988 0.0
5.20822028663 0.0
5.20868118417 0.0
5.2091421225 0.0
5.20960310161 0.0
5.21006412153 0.0
5.21052518223 0.0
5.21098628374 0.0
5.21144742606 0.0
5.21190860918 0.0
5.21236983311 0.0
5.21283109787 0.0
5.21329240344 0.0
5.21375374983 0.0
5.21421513705 0.0
5.2146765651 0.0
5.21513803398 0.0
5.2155995437 0.0
5.21606109426 0.0
5.21652268567 0.0
5.21698431792 0.0
5.21744599103 0.0
5.21790770499 0.0
5.21836945981 0.0
5.21883125549 0.0
5.21929309204 0.0
5.21975496946 0.0
5.22021688775 0.0
5.22067884692 0.0
5.22114084697 0.0
5.22160288791 0.0
5.22206496973 0.0
5.22252709244 0.0
5.22298925605 0.0
5.22345146056 0.0
5.22391370597 0.0
5.22437599229 0.0
5.22483831952 0.0
5.22530068766 0.0
5.22576309671 0.0
5.22622554669 0.0
5.22668803759 0.0
5.22715056942 0.0
5.22761314218 0.0
5.22807575588 0.0
5.22853841051 0.0
5.22900110609 0.0
5.22946384261 0.0
5.22992662008 0.0
5.23038943851 0.0
5.23085229789 0.0
5.23131519823 0.0
5.23177813954 0.0
5.23224112181 0.0
5.23270414506 0.0
5.23316720928 0.0
5.23363031448 0.0
5.23409346066 0.0
5.23455664782 0.0
5.23501987598 0.0
5.23548314513 0.0
5.23594645527 0.0
5.23640980642 0.0
5.23687319857 0.0
5.23733663173 0.0
5.2378001059 0.0
5.23826362108 0.0
5.23872717728 0.0
5.2391907745 0.0
5.23965441275 0.0
5.24011809203 0.0
5.24058181234 0.0
5.24104557369 0.0
5.24150937608 0.0
5.24197321951 0.0
5.24243710399 0.0
5.24290102952 0.0
5.24336499611 0.0
5.24382900375 0.0
5.24429305246 0.0
5.24475714223 0.0
5.24522127307 0.0
5.24568544499 0.0
5.24614965798 0.0
5.24661391205 0.0
5.2470782072 0.0
5.24754254344 0.0
5.24800692078 0.0
5.24847133921 0.0
5.24893579873 0.0
5.24940029936 0.0
5.24986484109 0.0
5.25032942394 0.0
5.25079404789 0.0
5.25125871297 0.0
5.25172341916 0.0
5.25218816647 0.0
5.25265295492 0.0
5.25311778449 0.0
5.2535826552 0.0
5.25404756705 0.0
5.25451252004 0.0
5.25497751418 0.0
5.25544254946 0.0
5.2559076259 0.0
5.2563727435 0.0
5.25683790225 0.0
5.25730310217 0.0
5.25776834326 0.0
5.25823362551 0.0
5.25869894895 0.0
5.25916431356 0.0
5.25962971935 0.0
5.26009516633 0.0
5.2605606545 0.0
5.26102618386 0.0
5.26149175441 0.0
5.26195736617 0.0
5.26242301913 0.0
5.2628887133 0.0
5.26335444868 0.0
5.26382022528 0.0
5.26428604309 0.0
5.26475190213 0.0
5.26521780239 0.0
5.26568374388 0.0
5.26614972661 0.0
5.26661575057 0.0
5.26708181577 0.0
5.26754792222 0.0
5.26801406991 0.0
5.26848025886 0.0
5.26894648906 0.0
5.26941276052 0.0
5.26987907324 0.0
5.27034542723 0.0
5.27081182249 0.0
5.27127825902 0.0
5.27174473682 0.0
5.27221125591 0.0
5.27267781628 0.0
5.27314441794 0.0
5.27361106089 0.0
5.27407774514 0.0
5.27454447069 0.0
5.27501123754 0.0
5.27547804569 0.0
5.27594489515 0.0
5.27641178593 0.0
5.27687871803 0.0
5.27734569144 0.0
5.27781270618 0.0
5.27827976225 0.0
5.27874685965 0.0
5.27921399839 0.0
5.27968117846 0.0
5.28014839988 0.0
5.28061566264 0.0
5.28108296676 0.0
5.28155031222 0.0
5.28201769905 0.0
5.28248512724 0.0
5.28295259679 0.0
5.28342010771 0.0
5.28388766 0.0
5.28435525366 0.0
5.28482288871 0.0
5.28529056514 0.0
5.28575828295 0.0
5.28622604216 0.0
5.28669384276 0.0
5.28716168476 0.0
5.28762956816 0.0
5.28809749296 0.0
5.28856545917 0.0
5.2890334668 0.0
5.28950151584 0.0
5.2899696063 0.0
5.29043773819 0.0
5.2909059115 0.0
5.29137412624 0.0
5.29184238241 0.0
5.29231068003 0.0
5.29277901908 0.0
5.29324739959 0.0
5.29371582154 0.0
5.29418428494 0.0
5.2946527898 0.0
5.29512133612 0.0
5.2955899239 0.0
5.29605855315 0.0
5.29652722387 0.0
5.29699593606 0.0
5.29746468974 0.0
5.29793348489 0.0
5.29840232154 0.0
5.29887119967 0.0
5.29934011929 0.0
5.29980908041 0.0
5.30027808303 0.0
5.30074712716 0.0
5.30121621279 0.0
5.30168533993 0.0
5.30215450859 0.0
5.30262371877 0.0
5.30309297047 0.0
5.3035622637 0.0
5.30403159845 0.0
5.30450097474 0.0
5.30497039257 0.0
5.30543985194 0.0
5.30590935285 0.0
5.30637889531 0.0
5.30684847932 0.0
5.30731810489 0.0
5.30778777201 0.0
5.3082574807 0.0
5.30872723096 0.0
5.30919702278 0.0
5.30966685618 0.0
5.31013673116 0.0
5.31060664772 0.0
5.31107660586 0.0
5.3115466056 0.0
5.31201664692 0.0
5.31248672984 0.0
5.31295685436 0.0
5.31342702048 0.0
5.31389722821 0.0
5.31436747756 0.0
5.31483776851 0.0
5.31530810108 0.0
5.31577847528 0.0
5.3162488911 0.0
5.31671934855 0.0
5.31718984763 0.0
5.31766038835 0.0
5.31813097071 0.0
5.31860159471 0.0
5.31907226036 0.0
5.31954296766 0.0
5.32001371662 0.0
5.32048450724 0.0
5.32095533951 0.0
5.32142621346 0.0
5.32189712907 0.0
5.32236808636 0.0
5.32283908532 0.0
5.32331012596 0.0
5.32378120829 0.0
5.32425233231 0.0
5.32472349802 0.0
5.32519470542 0.0
5.32566595452 0.0
5.32613724533 0.0
5.32660857784 0.0
5.32707995206 0.0
5.327551368 0.0
5.32802282565 0.0
5.32849432503 0.0
5.32896586613 0.0
5.32943744896 0.0
5.32990907352 0.0
5.33038073981 0.0
5.33085244785 0.0
5.33132419763 0.0
5.33179598916 0.0
5.33226782244 0.0
5.33273969747 0.0
5.33321161426 0.0
5.33368357282 0.0
5.33415557313 0.0
5.33462761522 0.0
5.33509969908 0.0
5.33557182472 0.0
5.33604399214 0.0
5.33651620134 0.0
5.33698845233 0.0
5.33746074511 0.0
5.33793307969 0.0
5.33840545606 0.0
5.33887787424 0.0
5.33935033423 0.0
5.33982283602 0.0
5.34029537963 0.0
5.34076796506 0.0
5.3412405923 0.0
5.34171326137 0.0
5.34218597227 0.0
5.34265872501 0.0
5.34313151957 0.0
5.34360435598 0.0
5.34407723423 0.0
5.34455015433 0.0
5.34502311628 0.0
5.34549612008 0.0
5.34596916574 0.0
5.34644225327 0.0
5.34691538265 0.0
5.34738855391 0.0
5.34786176704 0.0
5.34833502205 0.0
5.34880831894 0.0
5.34928165771 0.0
5.34975503837 0.0
5.35022846092 0.0
5.35070192537 0.0
5.35117543171 0.0
5.35164897996 0.0
5.35212257011 0.0
5.35259620218 0.0
5.35306987615 0.0
5.35354359205 0.0
5.35401734987 0.0
5.35449114961 0.0
5.35496499128 0.0
5.35543887488 0.0
5.35591280042 0.0
5.35638676789 0.0
5.35686077731 0.0
5.35733482868 0.0
5.357808922 0.0
5.35828305727 0.0
5.35875723451 0.0
5.3592314537 0.0
5.35970571486 0.0
5.36018001799 0.0
5.36065436309 0.0
5.36112875017 0.0
5.36160317923 0.0
5.36207765027 0.0
5.3625521633 0.0
5.36302671832 0.0
5.36350131534 0.0
5.36397595436 0.0
5.36445063538 0.0
5.36492535841 0.0
5.36540012344 0.0
5.36587493049 0.0
5.36634977956 0.0
5.36682467065 0.0
5.36729960377 0.0
5.36777457891 0.0
5.36824959609 0.0
5.3687246553 0.0
5.36919975655 0.0
5.36967489985 0.0
5.3701500852 0.0
5.37062531259 0.0
5.37110058204 0.0
5.37157589355 0.0
5.37205124712 0.0
5.37252664276 0.0
5.37300208047 0.0
5.37347756025 0.0
5.3739530821 0.0
5.37442864604 0.0
5.37490425207 0.0
5.37537990018 0.0
5.37585559038 0.0
5.37633132268 0.0
5.37680709708 0.0
5.37728291358 0.0
5.37775877219 0.0
5.37823467291 0.0
5.37871061575 0.0
5.3791866007 0.0
5.37966262777 0.0
5.38013869698 0.0
5.38061480831 0.0
5.38109096177 0.0
5.38156715737 0.0
5.38204339511 0.0
5.38251967499 0.0
5.38299599703 0.0
5.38347236121 0.0
5.38394876755 0.0
5.38442521605 0.0
5.38490170671 0.0
5.38537823954 0.0
5.38585481454 0.0
5.38633143171 0.0
5.38680809107 0.0
5.3872847926 0.0
5.38776153632 0.0
5.38823832222 0.0
5.38871515033 0.0
5.38919202062 0.0
5.38966893312 0.0
5.39014588782 0.0
5.39062288473 0.0
5.39109992385 0.0
5.39157700518 0.0
5.39205412874 0.0
5.39253129452 0.0
5.39300850252 0.0
5.39348575275 0.0
5.39396304522 0.0
5.39444037993 0.0
5.39491775687 0.0
5.39539517606 0.0
5.39587263751 0.0
5.3963501412 0.0
5.39682768715 0.0
5.39730527536 0.0
5.39778290583 0.0
5.39826057857 0.0
5.39873829358 0.0
5.39921605087 0.0
5.39969385044 0.0
5.40017169229 0.0
5.40064957642 0.0
5.40112750285 0.0
5.40160547156 0.0
5.40208348258 0.0
5.4025615359 0.0
5.40303963152 0.0
5.40351776945 0.0
5.40399594969 0.0
5.40447417225 0.0
5.40495243713 0.0
5.40543074434 0.0
5.40590909387 0.0
5.40638748573 0.0
5.40686591993 0.0
5.40734439646 0.0
5.40782291534 0.0
5.40830147656 0.0
5.40878008014 0.0
5.40925872607 0.0
5.40973741435 0.0
5.410216145 0.0
5.41069491801 0.0
5.41117373339 0.0
5.41165259114 0.0
5.41213149127 0.0
5.41261043378 0.0
5.41308941867 0.0
5.41356844595 0.0
5.41404751562 0.0
5.41452662768 0.0
5.41500578215 0.0
5.41548497901 0.0
5.41596421829 0.0
5.41644349997 0.0
5.41692282407 0.0
5.41740219058 0.0
5.41788159951 0.0
5.41836105087 0.0
5.41884054466 0.0
5.41932008088 0.0
5.41979965954 0.0
5.42027928064 0.0
5.42075894418 0.0
5.42123865017 0.0
5.42171839861 0.0
5.4221981895 0.0
5.42267802285 0.0
5.42315789867 0.0
5.42363781695 0.0
5.4241177777 0.0
5.42459778093 0.0
5.42507782663 0.0
5.42555791482 0.0
5.42603804549 0.0
5.42651821864 0.0
5.4269984343 0.0
5.42747869244 0.0
5.42795899309 0.0
5.42843933624 0.0
5.4289197219 0.0
5.42940015007 0.0
5.42988062076 0.0
5.43036113396 0.0
5.43084168969 0.0
5.43132228794 0.0
5.43180292872 0.0
5.43228361204 0.0
5.43276433789 0.0
5.43324510629 0.0
5.43372591723 0.0
5.43420677072 0.0
5.43468766677 0.0
5.43516860537 0.0
5.43564958653 0.0
5.43613061025 0.0
5.43661167654 0.0
5.43709278541 0.0
5.43757393685 0.0
5.43805513087 0.0
5.43853636747 0.0
5.43901764666 0.0
5.43949896843 0.0
5.43998033281 0.0
5.44046173978 0.0
5.44094318935 0.0
5.44142468153 0.0
5.44190621631 0.0
5.44238779371 0.0
5.44286941373 0.0
5.44335107637 0.0
5.44383278163 0.0
5.44431452952 0.0
5.44479632004 0.0
5.4452781532 0.0
5.445760029 0.0
5.44624194744 0.0
5.44672390853 0.0
5.44720591226 0.0
5.44768795866 0.0
5.44817004771 0.0
5.44865217942 0.0
5.4491343538 0.0
5.44961657085 0.0
5.45009883057 0.0
5.45058113297 0.0
5.45106347805 0.0
5.45154586582 0.0
5.45202829627 0.0
5.45251076942 0.0
5.45299328526 0.0
5.4534758438 0.0
5.45395844505 0.0
5.454441089 0.0
5.45492377566 0.0
5.45540650504 0.0
5.45588927714 0.0
5.45637209196 0.0
5.45685494951 0.0
5.45733784979 0.0
5.4578207928 0.0
5.45830377854 0.0
5.45878680703 0.0
5.45926987827 0.0
5.45975299225 0.0
5.46023614899 0.0
5.46071934849 0.0
5.46120259074 0.0
5.46168587576 0.0
5.46216920354 0.0
5.4626525741 0.0
5.46313598744 0.0
5.46361944355 0.0
5.46410294244 0.0
5.46458648413 0.0
5.4650700686 0.0
5.46555369587 0.0
5.46603736593 0.0
5.4665210788 0.0
5.46700483448 0.0
5.46748863296 0.0
5.46797247426 0.0
5.46845635837 0.0
5.46894028531 0.0
5.46942425507 0.0
5.46990826765 0.0
5.47039232308 0.0
5.47087642133 0.0
5.47136056243 0.0
5.47184474637 0.0
5.47232897316 0.0
5.4728132428 0.0
5.47329755529 0.0
5.47378191064 0.0
5.47426630886 0.0
5.47475074994 0.0
5.47523523389 0.0
5.47571976072 0.0
5.47620433042 0.0
5.47668894301 0.0
5.47717359848 0.0
5.47765829684 0.0
5.4781430381 0.0
5.47862782225 0.0
5.4791126493 0.0
5.47959751925 0.0
5.48008243212 0.0
5.48056738789 0.0
5.48105238658 0.0
5.4815374282 0.0
5.48202251273 0.0
5.48250764019 0.0
5.48299281058 0.0
5.48347802391 0.0
5.48396328018 0.0
5.48444857939 0.0
5.48493392154 0.0
5.48541930665 0.0
5.4859047347 0.0
5.48639020572 0.0
5.4868757197 0.0
5.48736127664 0.0
5.48784687655 0.0
5.48833251944 0.0
5.4888182053 0.0
5.48930393414 0.0
5.48978970596 0.0
5.49027552078 0.0
5.49076137858 0.0
5.49124727938 0.0
5.49173322318 0.0
5.49221920999 0.0
5.4927052398 0.0
5.49319131262 0.0
5.49367742846 0.0
5.49416358731 0.0
5.49464978919 0.0
5.49513603409 0.0
5.49562232202 0.0
5.49610865299 0.0
5.49659502699 0.0
5.49708144404 0.0
5.49756790413 0.0
5.49805440727 0.0
5.49854095346 0.0
5.49902754271 0.0
5.49951417502 0.0
5.50000085039 0.0
5.50048756883 0.0
5.50097433035 0.0
5.50146113494 0.0
5.5019479826 0.0
5.50243487335 0.0
5.50292180719 0.0
5.50340878412 0.0
5.50389580415 0.0
5.50438286727 0.0
5.50486997349 0.0
5.50535712282 0.0
5.50584431526 0.0
5.50633155082 0.0
5.50681882949 0.0
5.50730615128 0.0
5.5077935162 0.0
5.50828092425 0.0
5.50876837543 0.0
5.50925586974 0.0
5.5097434072 0.0
5.5102309878 0.0
5.51071861155 0.0
5.51120627845 0.0
5.51169398851 0.0
5.51218174173 0.0
5.51266953811 0.0
5.51315737765 0.0
5.51364526037 0.0
5.51413318627 0.0
5.51462115534 0.0
5.51510916759 0.0
5.51559722303 0.0
5.51608532166 0.0
5.51657346349 0.0
5.51706164851 0.0
5.51754987673 0.0
5.51803814816 0.0
5.5185264628 0.0
5.51901482065 0.0
5.51950322172 0.0
5.51999166601 0.0
5.52048015352 0.0
5.52096868426 0.0
5.52145725824 0.0
5.52194587545 0.0
5.5224345359 0.0
5.52292323959 0.0
5.52341198653 0.0
5.52390077672 0.0
5.52438961017 0.0
5.52487848688 0.0
5.52536740684 0.0
5.52585637008 0.0
5.52634537659 0.0
5.52683442637 0.0
5.52732351942 0.0
5.52781265576 0.0
5.52830183539 0.0
5.52879105831 0.0
5.52928032452 0.0
5.52976963402 0.0
5.53025898683 0.0
5.53074838294 0.0
5.53123782236 0.0
5.5317273051 0.0
5.53221683115 0.0
5.53270640052 0.0
5.53319601321 0.0
5.53368566923 0.0
5.53417536859 0.0
5.53466511127 0.0
5.5351548973 0.0
5.53564472668 0.0
5.5361345994 0.0
5.53662451547 0.0
5.53711447489 0.0
5.53760447767 0.0
5.53809452382 0.0
5.53858461333 0.0
5.53907474621 0.0
5.53956492247 0.0
5.5400551421 0.0
5.54054540512 0.0
5.54103571152 0.0
5.54152606131 0.0
5.54201645449 0.0
5.54250689107 0.0
5.54299737106 0.0
5.54348789444 0.0
5.54397846124 0.0
5.54446907144 0.0
5.54495972507 0.0
5.54545042211 0.0
5.54594116258 0.0
5.54643194647 0.0
5.5469227738 0.0
5.54741364456 0.0
5.54790455876 0.0
5.5483955164 0.0
5.54888651749 0.0
5.54937756203 0.0
5.54986865003 0.0
5.55035978149 0.0
5.5508509564 0.0
5.55134217479 0.0
5.55183343664 0.0
5.55232474197 0.0
5.55281609077 0.0
5.55330748306 0.0
5.55379891883 0.0
5.55429039809 0.0
5.55478192084 0.0
5.55527348709 0.0
5.55576509684 0.0
5.5562567501 0.0
5.55674844687 0.0
5.55724018714 0.0
5.55773197094 0.0
5.55822379825 0.0
5.55871566909 0.0
5.55920758345 0.0
5.55969954135 0.0
5.56019154278 0.0
5.56068358775 0.0
5.56117567627 0.0
5.56166780833 0.0
5.56215998394 0.0
5.56265220311 0.0
5.56314446583 0.0
5.56363677212 0.0
5.56412912197 0.0
5.5646215154 0.0
5.5651139524 0.0
5.56560643297 0.0
5.56609895713 0.0
5.56659152487 0.0
5.56708413621 0.0
5.56757679113 0.0
5.56806948966 0.0
5.56856223178 0.0
5.56905501751 0.0
5.56954784685 0.0
5.5700407198 0.0
5.57053363636 0.0
5.57102659655 0.0
5.57151960036 0.0
5.5720126478 0.0
5.57250573887 0.0
5.57299887358 0.0
5.57349205193 0.0
5.57398527392 0.0
5.57447853955 0.0
5.57497184884 0.0
5.57546520178 0.0
5.57595859839 0.0
5.57645203865 0.0
5.57694552258 0.0
5.57743905018 0.0
5.57793262146 0.0
5.57842623642 0.0
5.57891989505 0.0
5.57941359738 0.0
5.57990734339 0.0
5.58040113309 0.0
5.5808949665 0.0
5.5813888436 0.0
5.58188276441 0.0
5.58237672893 0.0
5.58287073717 0.0
5.58336478912 0.0
5.58385888479 0.0
5.58435302418 0.0
5.5848472073 0.0
5.58534143416 0.0
5.58583570475 0.0
5.58633001908 0.0
5.58682437716 0.0
5.58731877898 0.0
5.58781322456 0.0
5.58830771389 0.0
5.58880224698 0.0
5.58929682383 0.0
5.58979144446 0.0
5.59028610885 0.0
5.59078081702 0.0
5.59127556896 0.0
5.59177036469 0.0
5.59226520421 0.0
5.59276008751 0.0
5.59325501461 0.0
5.59374998551 0.0
5.59424500021 0.0
5.59474005872 0.0
5.59523516103 0.0
5.59573030716 0.0
5.59622549711 0.0
5.59672073088 0.0
5.59721600847 0.0
5.5977113299 0.0
5.59820669515 0.0
5.59870210425 0.0
5.59919755718 0.0
5.59969305396 0.0
5.60018859459 0.0
5.60068417907 0.0
5.60117980741 0.0
5.6016754796 0.0
5.60217119566 0.0
5.60266695559 0.0
5.60316275939 0.0
5.60365860707 0.0
5.60415449863 0.0
5.60465043407 0.0
5.60514641339 0.0
5.60564243661 0.0
5.60613850373 0.0
5.60663461474 0.0
5.60713076966 0.0
5.60762696848 0.0
5.60812321121 0.0
5.60861949786 0.0
5.60911582843 0.0
5.60961220292 0.0
5.61010862133 0.0
5.61060508368 0.0
5.61110158996 0.0
5.61159814017 0.0
5.61209473433 0.0
5.61259137244 0.0
5.61308805449 0.0
5.6135847805 0.0
5.61408155047 0.0
5.61457836439 0.0
5.61507522229 0.0
5.61557212415 0.0
5.61606906998 0.0
5.61656605979 0.0
5.61706309358 0.0
5.61756017136 0.0
5.61805729313 0.0
5.61855445888 0.0
5.61905166864 0.0
5.61954892239 0.0
5.62004622015 0.0
5.62054356191 0.0
5.62104094769 0.0
5.62153837749 0.0
5.6220358513 0.0
5.62253336914 0.0
5.623030931 0.0
5.6235285369 0.0
5.62402618683 0.0
5.6245238808 0.0
5.62502161881 0.0
5.62551940087 0.0
5.62601722698 0.0
5.62651509715 0.0
5.62701301137 0.0
5.62751096966 0.0
5.62800897201 0.0
5.62850701843 0.0
5.62900510893 0.0
5.62950324351 0.0
5.63000142217 0.0
5.63049964491 0.0
5.63099791174 0.0
5.63149622267 0.0
5.6319945777 0.0
5.63249297682 0.0
5.63299142006 0.0
5.6334899074 0.0
5.63398843885 0.0
5.63448701443 0.0
5.63498563412 0.0
5.63548429794 0.0
5.63598300588 0.0
5.63648175796 0.0
5.63698055418 0.0
5.63747939454 0.0
5.63797827904 0.0
5.63847720769 0.0
5.63897618049 0.0
5.63947519745 0.0
5.63997425857 0.0
5.64047336385 0.0
5.6409725133 0.0
5.64147170692 0.0
5.64197094472 0.0
5.6424702267 0.0
5.64296955286 0.0
5.64346892321 0.0
5.64396833775 0.0
5.64446779649 0.0
5.64496729942 0.0
5.64546684656 0.0
5.6459664379 0.0
5.64646607346 0.0
5.64696575323 0.0
5.64746547722 0.0
5.64796524543 0.0
5.64846505787 0.0
5.64896491454 0.0
5.64946481545 0.0
5.64996476059 0.0
5.65046474997 0.0
5.6509647836 0.0
5.65146486149 0.0
5.65196498362 0.0
5.65246515001 0.0
5.65296536067 0.0
5.65346561559 0.0
5.65396591478 0.0
5.65446625824 0.0
5.65496664598 0.0
5.65546707801 0.0
5.65596755432 0.0
5.65646807491 0.0
5.6569686398 0.0
5.65746924899 0.0
5.65796990248 0.0
5.65847060027 0.0
5.65897134238 0.0
5.65947212879 0.0
5.65997295952 0.0
5.66047383458 0.0
5.66097475395 0.0
5.66147571766 0.0
5.6619767257 0.0
5.66247777807 0.0
5.66297887479 0.0
5.66348001585 0.0
5.66398120125 0.0
5.66448243101 0.0
5.66498370513 0.0
5.6654850236 0.0
5.66598638644 0.0
5.66648779365 0.0
5.66698924522 0.0
5.66749074118 0.0
5.66799228151 0.0
5.66849386623 0.0
5.66899549533 0.0
5.66949716883 0.0
5.66999888672 0.0
5.67050064901 0.0
5.6710024557 0.0
5.6715043068 0.0
5.67200620231 0.0
5.67250814224 0.0
5.67301012658 0.0
5.67351215535 0.0
5.67401422854 0.0
5.67451634616 0.0
5.67501850822 0.0
5.67552071472 0.0
5.67602296566 0.0
5.67652526105 0.0
5.67702760088 0.0
5.67752998517 0.0
5.67803241392 0.0
5.67853488713 0.0
5.67903740481 0.0
5.67953996695 0.0
5.68004257357 0.0
5.68054522467 0.0
5.68104792025 0.0
5.68155066032 0.0
5.68205344487 0.0
5.68255627392 0.0
5.68305914747 0.0
5.68356206552 0.0
5.68406502807 0.0
5.68456803513 0.0
5.68507108671 0.0
5.6855741828 0.0
5.68607732341 0.0
5.68658050855 0.0
5.68708373822 0.0
5.68758701242 0.0
5.68809033116 0.0
5.68859369444 0.0
5.68909710226 0.0
5.68960055463 0.0
5.69010405156 0.0
5.69060759304 0.0
5.69111117908 0.0
5.69161480968 0.0
5.69211848486 0.0
5.6926222046 0.0
5.69312596893 0.0
5.69362977783 0.0
5.69413363132 0.0
5.69463752939 0.0
5.69514147206 0.0
5.69564545933 0.0
5.69614949119 0.0
5.69665356766 0.0
5.69715768873 0.0
5.69766185442 0.0
5.69816606472 0.0
5.69867031965 0.0
5.69917461919 0.0
5.69967896337 0.0
5.70018335217 0.0
5.70068778561 0.0
5.70119226369 0.0
5.70169678642 0.0
5.70220135379 0.0
5.70270596581 0.0
5.70321062249 0.0
5.70371532383 0.0
5.70422006983 0.0
5.7047248605 0.0
5.70522969583 0.0
5.70573457585 0.0
5.70623950054 0.0
5.70674446992 0.0
5.70724948398 0.0
5.70775454273 0.0
5.70825964618 0.0
5.70876479433 0.0
5.70926998718 0.0
5.70977522473 0.0
5.710280507 0.0
5.71078583398 0.0
5.71129120568 0.0
5.7117966221 0.0
5.71230208325 0.0
5.71280758913 0.0
5.71331313974 0.0
5.7138187351 0.0
5.71432437519 0.0
5.71483006003 0.0
5.71533578962 0.0
5.71584156397 0.0
5.71634738307 0.0
5.71685324693 0.0
5.71735915556 0.0
5.71786510896 0.0
5.71837110714 0.0
5.71887715009 0.0
5.71938323783 0.0
5.71988937035 0.0
5.72039554766 0.0
5.72090176976 0.0
5.72140803666 0.0
5.72191434837 0.0
5.72242070488 0.0
5.7229271062 0.0
5.72343355233 0.0
5.72394004328 0.0
5.72444657905 0.0
5.72495315965 0.0
5.72545978508 0.0
5.72596645534 0.0
5.72647317043 0.0
5.72697993037 0.0
5.72748673516 0.0
5.72799358479 0.0
5.72850047928 0.0
5.72900741862 0.0
5.72951440283 0.0
5.7300214319 0.0
5.73052850584 0.0
5.73103562465 0.0
5.73154278834 0.0
5.73204999691 0.0
5.73255725037 0.0
5.73306454871 0.0
5.73357189195 0.0
5.73407928008 0.0
5.73458671312 0.0
5.73509419106 0.0
5.73560171391 0.0
5.73610928167 0.0
5.73661689435 0.0
5.73712455195 0.0
5.73763225448 0.0
5.73814000193 0.0
5.73864779432 0.0
5.73915563164 0.0
5.7396635139 0.0
5.74017144111 0.0
5.74067941327 0.0
5.74118743038 0.0
5.74169549244 0.0
5.74220359947 0.0
5.74271175146 0.0
5.74321994842 0.0
5.74372819035 0.0
5.74423647726 0.0
5.74474480915 0.0
5.74525318603 0.0
5.74576160789 0.0
5.74627007474 0.0
5.74677858659 0.0
5.74728714345 0.0
5.7477957453 0.0
5.74830439217 0.0
5.74881308404 0.0
5.74932182094 0.0
5.74983060285 0.0
5.75033942979 0.0
5.75084830175 0.0
5.75135721875 0.0
5.75186618078 0.0
5.75237518786 0.0
5.75288423998 0.0
5.75339333714 0.0
5.75390247936 0.0
5.75441166664 0.0
5.75492089897 0.0
5.75543017637 0.0
5.75593949884 0.0
5.75644886638 0.0
5.75695827899 0.0
5.75746773669 0.0
5.75797723947 0.0
5.75848678734 0.0
5.7589963803 0.0
5.75950601835 0.0
5.76001570151 0.0
5.76052542977 0.0
5.76103520314 0.0
5.76154502162 0.0
5.76205488521 0.0
5.76256479393 0.0
5.76307474777 0.0
5.76358474674 0.0
5.76409479084 0.0
5.76460488007 0.0
5.76511501445 0.0
5.76562519397 0.0
5.76613541863 0.0
5.76664568845 0.0
5.76715600343 0.0
5.76766636357 0.0
5.76817676887 0.0
5.76868721933 0.0
5.76919771497 0.0
5.76970825579 0.0
5.77021884178 0.0
5.77072947296 0.0
5.77124014933 0.0
5.77175087089 0.0
5.77226163764 0.0
5.7727724496 0.0
5.77328330676 0.0
5.77379420912 0.0
5.7743051567 0.0
5.7748161495 0.0
5.77532718751 0.0
5.77583827075 0.0
5.77634939922 0.0
5.77686057291 0.0
5.77737179185 0.0
5.77788305602 0.0
5.77839436544 0.0
5.77890572011 0.0
5.77941712002 0.0
5.7799285652 0.0
5.78044005563 0.0
5.78095159133 0.0
5.7814631723 0.0
5.78197479853 0.0
5.78248647005 0.0
5.78299818684 0.0
5.78350994892 0.0
5.78402175628 0.0
5.78453360894 0.0
5.7850455069 0.0
5.78555745015 0.0
5.78606943871 0.0
5.78658147257 0.0
5.78709355175 0.0
5.78760567625 0.0
5.78811784606 0.0
5.7886300612 0.0
5.78914232166 0.0
5.78965462746 0.0
5.7901669786 0.0
5.79067937507 0.0
5.79119181689 0.0
5.79170430406 0.0
5.79221683658 0.0
5.79272941445 0.0
5.79324203769 0.0
5.79375470629 0.0
5.79426742025 0.0
5.79478017959 0.0
5.79529298431 0.0
5.79580583441 0.0
5.79631872989 0.0
5.79683167076 0.0
5.79734465702 0.0
5.79785768868 0.0
5.79837076573 0.0
5.7988838882 0.0
5.79939705607 0.0
5.79991026935 0.0
5.80042352805 0.0
5.80093683217 0.0
5.80145018172 0.0
5.80196357669 0.0
5.80247701709 0.0
5.80299050294 0.0
5.80350403422 0.0
5.80401761095 0.0
5.80453123312 0.0
5.80504490075 0.0
5.80555861384 0.0
5.80607237238 0.0
5.80658617639 0.0
5.80710002587 0.0
5.80761392082 0.0
5.80812786125 0.0
5.80864184716 0.0
5.80915587856 0.0
5.80966995544 0.0
5.81018407781 0.0
5.81069824569 0.0
5.81121245906 0.0
5.81172671794 0.0
5.81224102233 0.0
5.81275537223 0.0
5.81326976764 0.0
5.81378420858 0.0
5.81429869505 0.0
5.81481322704 0.0
5.81532780456 0.0
5.81584242763 0.0
5.81635709623 0.0
5.81687181038 0.0
5.81738657008 0.0
5.81790137533 0.0
5.81841622614 0.0
5.81893112251 0.0
5.81944606445 0.0
5.81996105195 0.0
5.82047608503 0.0
5.82099116369 0.0
5.82150628792 0.0
5.82202145775 0.0
5.82253667316 0.0
5.82305193417 0.0
5.82356724077 0.0
5.82408259298 0.0
5.82459799079 0.0
5.82511343421 0.0
5.82562892324 0.0
5.8261444579 0.0
5.82666003817 0.0
5.82717566407 0.0
5.8276913356 0.0
5.82820705277 0.0
5.82872281557 0.0
5.82923862401 0.0
5.8297544781 0.0
5.83027037784 0.0
5.83078632324 0.0
5.83130231429 0.0
5.83181835101 0.0
5.83233443339 0.0
5.83285056144 0.0
5.83336673517 0.0
5.83388295457 0.0
5.83439921966 0.0
5.83491553043 0.0
5.8354318869 0.0
5.83594828905 0.0
5.83646473691 0.0
5.83698123047 0.0
5.83749776974 0.0
5.83801435472 0.0
5.83853098541 0.0
5.83904766182 0.0
5.83956438395 0.0
5.84008115181 0.0
5.8405979654 0.0
5.84111482473 0.0
5.8416317298 0.0
5.84214868061 0.0
5.84266567716 0.0
5.84318271947 0.0
5.84369980753 0.0
5.84421694135 0.0
5.84473412094 0.0
5.84525134629 0.0
5.84576861742 0.0
5.84628593432 0.0
5.846803297 0.0
5.84732070546 0.0
5.84783815971 0.0
5.84835565975 0.0
5.84887320559 0.0
5.84939079723 0.0
5.84990843467 0.0
5.85042611792 0.0
5.85094384698 0.0
5.85146162186 0.0
5.85197944256 0.0
5.85249730908 0.0
5.85301522143 0.0
5.85353317961 0.0
5.85405118363 0.0
5.85456923349 0.0
5.85508732919 0.0
5.85560547075 0.0
5.85612365815 0.0
5.85664189141 0.0
5.85716017054 0.0
5.85767849552 0.0
5.85819686638 0.0
5.85871528311 0.0
5.85923374571 0.0
5.8597522542 0.0
5.86027080857 0.0
5.86078940883 0.0
5.86130805498 0.0
5.86182674703 0.0
5.86234548498 0.0
5.86286426884 0.0
5.86338309861 0.0
5.86390197429 0.0
5.86442089589 0.0
5.86493986341 0.0
5.86545887685 0.0
5.86597793622 0.0
5.86649704153 0.0
5.86701619278 0.0
5.86753538997 0.0
5.8680546331 0.0
5.86857392218 0.0
5.86909325722 0.0
5.86961263822 0.0
5.87013206518 0.0
5.8706515381 0.0
5.871171057 0.0
5.87169062187 0.0
5.87221023272 0.0
5.87272988955 0.0
5.87324959236 0.0
5.87376934117 0.0
5.87428913597 0.0
5.87480897678 0.0
5.87532886358 0.0
5.87584879639 0.0
5.87636877521 0.0
5.87688880005 0.0
5.87740887091 0.0
5.87792898779 0.0
5.8784491507 0.0
5.87896935964 0.0
5.87948961461 0.0
5.88000991562 0.0
5.88053026268 0.0
5.88105065579 0.0
5.88157109495 0.0
5.88209158016 0.0
5.88261211143 0.0
5.88313268877 0.0
5.88365331217 0.0
5.88417398165 0.0
5.8846946972 0.0
5.88521545884 0.0
5.88573626656 0.0
5.88625712036 0.0
5.88677802026 0.0
5.88729896626 0.0
5.88781995836 0.0
5.88834099656 0.0
5.88886208087 0.0
5.88938321129 0.0
5.88990438783 0.0
5.89042561049 0.0
5.89094687928 0.0
5.8914681942 0.0
5.89198955525 0.0
5.89251096243 0.0
5.89303241576 0.0
5.89355391524 0.0
5.89407546086 0.0
5.89459705264 0.0
5.89511869057 0.0
5.89564037467 0.0
5.89616210493 0.0
5.89668388137 0.0
5.89720570398 0.0
5.89772757276 0.0
5.89824948773 0.0
5.89877144888 0.0
5.89929345623 0.0
5.89981550977 0.0
5.90033760951 0.0
5.90085975545 0.0
5.9013819476 0.0
5.90190418596 0.0
5.90242647053 0.0
5.90294880133 0.0
5.90347117835 0.0
5.90399360159 0.0
5.90451607107 0.0
5.90503858678 0.0
5.90556114873 0.0
5.90608375692 0.0
5.90660641137 0.0
5.90712911206 0.0
5.90765185901 0.0
5.90817465222 0.0
5.9086974917 0.0
5.90922037744 0.0
5.90974330946 0.0
5.91026628775 0.0
5.91078931232 0.0
5.91131238318 0.0
5.91183550032 0.0
5.91235866376 0.0
5.9128818735 0.0
5.91340512954 0.0
5.91392843188 0.0
5.91445178053 0.0
5.91497517549 0.0
5.91549861678 0.0
5.91602210438 0.0
5.91654563831 0.0
5.91706921857 0.0
5.91759284516 0.0
5.91811651809 0.0
5.91864023736 0.0
5.91916400298 0.0
5.91968781495 0.0
5.92021167328 0.0
5.92073557796 0.0
5.921259529 0.0
5.92178352641 0.0
5.9223075702 0.0
5.92283166035 0.0
5.92335579689 0.0
5.92387997981 0.0
5.92440420911 0.0
5.92492848481 0.0
5.9254528069 0.0
5.9259771754 0.0
5.92650159029 0.0
5.9270260516 0.0
5.92755055931 0.0
5.92807511344 0.0
5.92859971399 0.0
5.92912436097 0.0
5.92964905437 0.0
5.93017379421 0.0
5.93069858048 0.0
5.93122341319 0.0
5.93174829235 0.0
5.93227321796 0.0
5.93279819002 0.0
5.93332320853 0.0
5.93384827351 0.0
5.93437338495 0.0
5.93489854287 0.0
5.93542374725 0.0
5.93594899812 0.0
5.93647429546 0.0
5.93699963929 0.0
5.93752502961 0.0
5.93805046643 0.0
5.93857594974 0.0
5.93910147955 0.0
5.93962705587 0.0
5.94015267871 0.0
5.94067834805 0.0
5.94120406392 0.0
5.94172982631 0.0
5.94225563522 0.0
5.94278149067 0.0
5.94330739265 0.0
5.94383334117 0.0
5.94435933623 0.0
5.94488537784 0.0
5.94541146601 0.0
5.94593760073 0.0
5.946463782 0.0
5.94699000985 0.0
5.94751628426 0.0
5.94804260524 0.0
5.9485689728 0.0
5.94909538694 0.0
5.94962184766 0.0
5.95014835498 0.0
5.95067490888 0.0
5.95120150939 0.0
5.95172815649 0.0
5.9522548502 0.0
5.95278159052 0.0
5.95330837745 0.0
5.953835211 0.0
5.95436209117 0.0
5.95488901797 0.0
5.9554159914 0.0
5.95594301146 0.0
5.95647007816 0.0
5.9569971915 0.0
5.95752435149 0.0
5.95805155813 0.0
5.95857881143 0.0
5.95910611138 0.0
5.959633458 0.0
5.96016085128 0.0
5.96068829123 0.0
5.96121577786 0.0
5.96174331117 0.0
5.96227089117 0.0
5.96279851785 0.0
5.96332619122 0.0
5.96385391129 0.0
5.96438167806 0.0
5.96490949153 0.0
5.96543735171 0.0
5.96596525861 0.0
5.96649321222 0.0
5.96702121255 0.0
5.96754925961 0.0
5.96807735339 0.0
5.96860549391 0.0
5.96913368117 0.0
5.96966191517 0.0
5.97019019591 0.0
5.97071852341 0.0
5.97124689765 0.0
5.97177531866 0.0
5.97230378643 0.0
5.97283230096 0.0
5.97336086227 0.0
5.97388947035 0.0
5.97441812521 0.0
5.97494682685 0.0
5.97547557528 0.0
5.9760043705 0.0
5.97653321251 0.0
5.97706210132 0.0
5.97759103694 0.0
5.97812001937 0.0
5.97864904861 0.0
5.97917812466 0.0
5.97970724753 0.0
5.98023641723 0.0
5.98076563376 0.0
5.98129489712 0.0
5.98182420731 0.0
5.98235356435 0.0
5.98288296823 0.0
5.98341241896 0.0
5.98394191655 0.0
5.98447146099 0.0
5.98500105229 0.0
5.98553069046 0.0
5.9860603755 0.0
5.98659010742 0.0
5.98711988621 0.0
5.98764971188 0.0
5.98817958444 0.0
5.98870950389 0.0
5.98923947024 0.0
5.98976948348 0.0
5.99029954363 0.0
5.99082965069 0.0
5.99135980466 0.0
5.99189000554 0.0
5.99242025334 0.0
5.99295054807 0.0
5.99348088972 0.0
5.99401127831 0.0
5.99454171383 0.0
5.99507219629 0.0
5.9956027257 0.0
5.99613330206 0.0
5.99666392537 0.0
5.99719459563 0.0
5.99772531286 0.0
5.99825607705 0.0
5.99878688822 0.0
5.99931774635 0.0
5.99984865147 0.0
6.00037960357 0.0
6.00091060265 0.0
6.00144164872 0.0
6.00197274179 0.0
6.00250388186 0.0
6.00303506892 0.0
6.003566303 0.0
6.00409758409 0.0
6.00462891219 0.0
6.00516028731 0.0
6.00569170946 0.0
6.00622317863 0.0
6.00675469484 0.0
6.00728625808 0.0
6.00781786836 0.0
6.00834952569 0.0
6.00888123006 0.0
6.00941298149 0.0
6.00994477998 0.0
6.01047662552 0.0
6.01100851813 0.0
6.01154045781 0.0
6.01207244457 0.0
6.0126044784 0.0
6.01313655931 0.0
6.01366868731 0.0
6.0142008624 0.0
6.01473308459 0.0
6.01526535387 0.0
6.01579767026 0.0
6.01633003375 0.0
6.01686244435 0.0
6.01739490207 0.0
6.01792740691 0.0
6.01845995888 0.0
6.01899255797 0.0
6.01952520419 0.0
6.02005789755 0.0
6.02059063805 0.0
6.02112342569 0.0
6.02165626048 0.0
6.02218914242 0.0
6.02272207153 0.0
6.02325504779 0.0
6.02378807122 0.0
6.02432114181 0.0
6.02485425959 0.0
6.02538742453 0.0
6.02592063667 0.0
6.02645389598 0.0
6.02698720249 0.0
6.02752055619 0.0
6.02805395709 0.0
6.0285874052 0.0
6.02912090051 0.0
6.02965444303 0.0
6.03018803277 0.0
6.03072166973 0.0
6.03125535391 0.0
6.03178908532 0.0
6.03232286396 0.0
6.03285668984 0.0
6.03339056295 0.0
6.03392448332 0.0
6.03445845093 0.0
6.03499246579 0.0
6.03552652791 0.0
6.0360606373 0.0
6.03659479395 0.0
6.03712899787 0.0
6.03766324906 0.0
6.03819754753 0.0
6.03873189328 0.0
6.03926628632 0.0
6.03980072665 0.0
6.04033521428 0.0
6.0408697492 0.0
6.04140433143 0.0
6.04193896097 0.0
6.04247363781 0.0
6.04300836198 0.0
6.04354313346 0.0
6.04407795227 0.0
6.0446128184 0.0
6.04514773187 0.0
6.04568269267 0.0
6.04621770082 0.0
6.04675275631 0.0
6.04728785915 0.0
6.04782300934 0.0
6.0483582069 0.0
6.04889345181 0.0
6.04942874409 0.0
6.04996408374 0.0
6.05049947076 0.0
6.05103490516 0.0
6.05157038695 0.0
6.05210591612 0.0
6.05264149269 0.0
6.05317711665 0.0
6.05371278801 0.0
6.05424850677 0.0
6.05478427294 0.0
6.05532008652 0.0
6.05585594752 0.0
6.05639185594 0.0
6.05692781179 0.0
6.05746381506 0.0
6.05799986577 0.0
6.05853596391 0.0
6.0590721095 0.0
6.05960830253 0.0
6.06014454301 0.0
6.06068083095 0.0
6.06121716634 0.0
6.0617535492 0.0
6.06228997952 0.0
6.06282645732 0.0
6.06336298259 0.0
6.06389955534 0.0
6.06443617557 0.0
6.06497284329 0.0
6.06550955851 0.0
6.06604632122 0.0
6.06658313143 0.0
6.06711998914 0.0
6.06765689436 0.0
6.0681938471 0.0
6.06873084735 0.0
6.06926789513 0.0
6.06980499043 0.0
6.07034213326 0.0
6.07087932362 0.0
6.07141656152 0.0
6.07195384697 0.0
6.07249117996 0.0
6.0730285605 0.0
6.0735659886 0.0
6.07410346426 0.0
6.07464098748 0.0
6.07517855827 0.0
6.07571617663 0.0
6.07625384256 0.0
6.07679155608 0.0
6.07732931718 0.0
6.07786712587 0.0
6.07840498215 0.0
6.07894288603 0.0
6.07948083751 0.0
6.0800188366 0.0
6.0805568833 0.0
6.08109497761 0.0
6.08163311954 0.0
6.08217130909 0.0
6.08270954627 0.0
6.08324783108 0.0
6.08378616352 0.0
6.08432454361 0.0
6.08486297133 0.0
6.08540144671 0.0
6.08593996973 0.0
6.08647854042 0.0
6.08701715876 0.0
6.08755582477 0.0
6.08809453845 0.0
6.0886332998 0.0
6.08917210882 0.0
6.08971096553 0.0
6.09024986993 0.0
6.09078882201 0.0
6.09132782179 0.0
6.09186686927 0.0
6.09240596445 0.0
6.09294510733 0.0
6.09348429793 0.0
6.09402353624 0.0
6.09456282228 0.0
6.09510215603 0.0
6.09564153752 0.0
6.09618096673 0.0
6.09672044368 0.0
6.09725996838 0.0
6.09779954082 0.0
6.098339161 0.0
6.09887882894 0.0
6.09941854464 0.0
6.0999583081 0.0
6.10049811932 0.0
6.10103797832 0.0
6.10157788509 0.0
6.10211783964 0.0
6.10265784197 0.0
6.10319789209 0.0
6.10373799 0.0
6.1042781357 0.0
6.10481832921 0.0
6.10535857052 0.0
6.10589885964 0.0
6.10643919657 0.0
6.10697958131 0.0
6.10752001388 0.0
6.10806049427 0.0
6.1086010225 0.0
6.10914159855 0.0
6.10968222245 0.0
6.11022289418 0.0
6.11076361376 0.0
6.1113043812 0.0
6.11184519648 0.0
6.11238605963 0.0
6.11292697064 0.0
6.11346792952 0.0
6.11400893627 0.0
6.11454999089 0.0
6.1150910934 0.0
6.11563224379 0.0
6.11617344207 0.0
6.11671468824 0.0
6.11725598231 0.0
6.11779732428 0.0
6.11833871415 0.0
6.11888015194 0.0
6.11942163764 0.0
6.11996317126 0.0
6.1205047528 0.0
6.12104638226 0.0
6.12158805966 0.0
6.122129785 0.0
6.12267155827 0.0
6.12321337949 0.0
6.12375524865 0.0
6.12429716577 0.0
6.12483913085 0.0
6.12538114388 0.0
6.12592320488 0.0
6.12646531385 0.0
6.12700747079 0.0
6.12754967571 0.0
6.12809192862 0.0
6.12863422951 0.0
6.12917657839 0.0
6.12971897526 0.0
6.13026142013 0.0
6.13080391301 0.0
6.13134645389 0.0
6.13188904279 0.0
6.1324316797 0.0
6.13297436463 0.0
6.13351709759 0.0
6.13405987858 0.0
6.13460270759 0.0
6.13514558465 0.0
6.13568850975 0.0
6.13623148289 0.0
6.13677450408 0.0
6.13731757333 0.0
6.13786069063 0.0
6.138403856 0.0
6.13894706944 0.0
6.13949033094 0.0
6.14003364053 0.0
6.14057699819 0.0
6.14112040393 0.0
6.14166385777 0.0
6.14220735969 0.0
6.14275090972 0.0
6.14329450784 0.0
6.14383815407 0.0
6.14438184841 0.0
6.14492559087 0.0
6.14546938144 0.0
6.14601322013 0.0
6.14655710695 0.0
6.1471010419 0.0
6.14764502499 0.0
6.14818905621 0.0
6.14873313558 0.0
6.1492772631 0.0
6.14982143877 0.0
6.15036566259 0.0
6.15090993458 0.0
6.15145425473 0.0
6.15199862305 0.0
6.15254303955 0.0
6.15308750422 0.0
6.15363201707 0.0
6.15417657811 0.0
6.15472118734 0.0
6.15526584477 0.0
6.15581055039 0.0
6.15635530422 0.0
6.15690010625 0.0
6.1574449565 0.0
6.15798985496 0.0
6.15853480165 0.0
6.15907979656 0.0
6.15962483969 0.0
6.16016993106 0.0
6.16071507067 0.0
6.16126025852 0.0
6.16180549462 0.0
6.16235077896 0.0
6.16289611156 0.0
6.16344149242 0.0
6.16398692154 0.0
6.16453239893 0.0
6.16507792459 0.0
6.16562349853 0.0
6.16616912075 0.0
6.16671479125 0.0
6.16726051004 0.0
6.16780627712 0.0
6.1683520925 0.0
6.16889795619 0.0
6.16944386817 0.0
6.16998982847 0.0
6.17053583708 0.0
6.17108189401 0.0
6.17162799927 0.0
6.17217415285 0.0
6.17272035476 0.0
6.17326660501 0.0
6.1738129036 0.0
6.17435925053 0.0
6.17490564581 0.0
6.17545208944 0.0
6.17599858143 0.0
6.17654512179 0.0
6.1770917105 0.0
6.17763834759 0.0
6.17818503305 0.0
6.1787317669 0.0
6.17927854912 0.0
6.17982537973 0.0
6.18037225873 0.0
6.18091918613 0.0
6.18146616193 0.0
6.18201318613 0.0
6.18256025874 0.0
6.18310737976 0.0
6.1836545492 0.0
6.18420176706 0.0
6.18474903335 0.0
6.18529634807 0.0
6.18584371122 0.0
6.18639112281 0.0
6.18693858284 0.0
6.18748609132 0.0
6.18803364825 0.0
6.18858125364 0.0
6.18912890748 0.0
6.18967660979 0.0
6.19022436057 0.0
6.19077215982 0.0
6.19132000755 0.0
6.19186790376 0.0
6.19241584846 0.0
6.19296384165 0.0
6.19351188333 0.0
6.1940599735 0.0
6.19460811219 0.0
6.19515629937 0.0
6.19570453507 0.0
6.19625281929 0.0
6.19680115203 0.0
6.19734953329 0.0
6.19789796307 0.0
6.1984464414 0.0
6.19899496825 0.0
6.19954354366 0.0
6.2000921676 0.0
6.2006408401 0.0
6.20118956115 0.0
6.20173833076 0.0
6.20228714893 0.0
6.20283601567 0.0
6.20338493098 0.0
6.20393389487 0.0
6.20448290733 0.0
6.20503196838 0.0
6.20558107802 0.0
6.20613023626 0.0
6.20667944309 0.0
6.20722869852 0.0
6.20777800256 0.0
6.20832735521 0.0
6.20887675647 0.0
6.20942620635 0.0
6.20997570485 0.0
6.21052525199 0.0
6.21107484775 0.0
6.21162449215 0.0
6.21217418519 0.0
6.21272392688 0.0
6.21327371721 0.0
6.2138235562 0.0
6.21437344384 0.0
6.21492338015 0.0
6.21547336512 0.0
6.21602339877 0.0
6.21657348108 0.0
6.21712361208 0.0
6.21767379176 0.0
6.21822402013 0.0
6.21877429719 0.0
6.21932462295 0.0
6.21987499741 0.0
6.22042542057 0.0
6.22097589244 0.0
6.22152641303 0.0
6.22207698233 0.0
6.22262760036 0.0
6.22317826711 0.0
6.22372898259 0.0
6.22427974681 0.0
6.22483055977 0.0
6.22538142147 0.0
6.22593233192 0.0
6.22648329112 0.0
6.22703429908 0.0
6.2275853558 0.0
6.22813646128 0.0
6.22868761554 0.0
6.22923881857 0.0
6.22979007037 0.0
6.23034137096 0.0
6.23089272034 0.0
6.23144411851 0.0
6.23199556547 0.0
6.23254706123 0.0
6.2330986058 0.0
6.23365019918 0.0
6.23420184137 0.0
6.23475353237 0.0
6.2353052722 0.0
6.23585706085 0.0
6.23640889834 0.0
6.23696078466 0.0
6.23751271981 0.0
6.23806470381 0.0
6.23861673666 0.0
6.23916881836 0.0
6.23972094891 0.0
6.24027312833 0.0
6.24082535661 0.0
6.24137763376 0.0
6.24192995978 0.0
6.24248233468 0.0
6.24303475846 0.0
6.24358723113 0.0
6.24413975269 0.0
6.24469232314 0.0
6.2452449425 0.0
6.24579761075 0.0
6.24635032792 0.0
6.24690309399 0.0
6.24745590899 0.0
6.2480087729 0.0
6.24856168574 0.0
6.24911464751 0.0
6.24966765822 0.0
6.25022071786 0.0
6.25077382644 0.0
6.25132698397 0.0
6.25188019046 0.0
6.25243344589 0.0
6.25298675029 0.0
6.25354010365 0.0
6.25409350599 0.0
6.25464695729 0.0
6.25520045757 0.0
6.25575400683 0.0
6.25630760508 0.0
6.25686125232 0.0
6.25741494855 0.0
6.25796869379 0.0
6.25852248802 0.0
6.25907633127 0.0
6.25963022352 0.0
6.26018416479 0.0
6.26073815509 0.0
6.2612921944 0.0
6.26184628275 0.0
6.26240042013 0.0
6.26295460655 0.0
6.26350884201 0.0
6.26406312651 0.0
6.26461746007 0.0
6.26517184269 0.0
6.26572627436 0.0
6.2662807551 0.0
6.2668352849 0.0
6.26738986378 0.0
6.26794449173 0.0
6.26849916877 0.0
6.26905389489 0.0
6.2696086701 0.0
6.27016349441 0.0
6.27071836782 0.0
6.27127329033 0.0
6.27182826194 0.0
6.27238328267 0.0
6.27293835251 0.0
6.27349347148 0.0
6.27404863957 0.0
6.27460385679 0.0
6.27515912314 0.0
6.27571443863 0.0
6.27626980326 0.0
6.27682521704 0.0
6.27738067997 0.0
6.27793619205 0.0
6.2784917533 0.0
6.2790473637 0.0
6.27960302328 0.0
6.28015873203 0.0
6.28071448996 0.0
6.28127029707 0.0
6.28182615336 0.0
6.28238205884 0.0
6.28293801352 0.0
6.2834940174 0.0
6.28405007048 0.0
6.28460617277 0.0
6.28516232426 0.0
6.28571852498 0.0
6.28627477492 0.0
6.28683107408 0.0
6.28738742247 0.0
6.28794382009 0.0
6.28850026695 0.0
6.28905676306 0.0
6.28961330841 0.0
6.29016990301 0.0
6.29072654687 0.0
6.29128323999 0.0
6.29183998237 0.0
6.29239677402 0.0
6.29295361494 0.0
6.29351050514 0.0
6.29406744462 0.0
6.29462443339 0.0
6.29518147145 0.0
6.2957385588 0.0
6.29629569545 0.0
6.29685288141 0.0
6.29741011667 0.0
6.29796740124 0.0
6.29852473514 0.0
6.29908211835 0.0
6.29963955088 0.0
6.30019703275 0.0
6.30075456395 0.0
6.30131214449 0.0
6.30186977437 0.0
6.3024274536 0.0
6.30298518218 0.0
6.30354296012 0.0
6.30410078741 0.0
6.30465866408 0.0
6.3052165901 0.0
6.30577456551 0.0
6.30633259029 0.0
6.30689066445 0.0
6.307448788 0.0
6.30800696094 0.0
6.30856518327 0.0
6.30912345501 0.0
6.30968177615 0.0
6.31024014669 0.0
6.31079856665 0.0
6.31135703603 0.0
6.31191555482 0.0
6.31247412305 0.0
6.3130327407 0.0
6.31359140778 0.0
6.31415012431 0.0
6.31470889028 0.0
6.3152677057 0.0
6.31582657057 0.0
6.31638548489 0.0
6.31694444868 0.0
6.31750346193 0.0
6.31806252465 0.0
6.31862163684 0.0
6.31918079851 0.0
6.31974000967 0.0
6.32029927031 0.0
6.32085858044 0.0
6.32141794007 0.0
6.3219773492 0.0
6.32253680784 0.0
6.32309631598 0.0
6.32365587363 0.0
6.32421548081 0.0
6.3247751375 0.0
6.32533484372 0.0
6.32589459948 0.0
6.32645440476 0.0
6.32701425959 0.0
6.32757416396 0.0
6.32813411788 0.0
6.32869412135 0.0
6.32925417438 0.0
6.32981427697 0.0
6.33037442913 0.0
6.33093463086 0.0
6.33149488216 0.0
6.33205518304 0.0
6.3326155335 0.0
6.33317593356 0.0
6.3337363832 0.0
6.33429688244 0.0
6.33485743128 0.0
6.33541802973 0.0
6.33597867778 0.0
6.33653937546 0.0
6.33710012274 0.0
6.33766091966 0.0
6.3382217662 0.0
6.33878266237 0.0
6.33934360817 0.0
6.33990460362 0.0
6.34046564871 0.0
6.34102674346 0.0
6.34158788785 0.0
6.3421490819 0.0
6.34271032562 0.0
6.343271619 0.0
6.34383296206 0.0
6.34439435479 0.0
6.3449557972 0.0
6.34551728929 0.0
6.34607883107 0.0
6.34664042255 0.0
6.34720206372 0.0
6.3477637546 0.0
6.34832549518 0.0
6.34888728547 0.0
6.34944912548 0.0
6.35001101521 0.0
6.35057295466 0.0
6.35113494384 0.0
6.35169698275 0.0
6.3522590714 0.0
6.3528212098 0.0
6.35338339793 0.0
6.35394563582 0.0
6.35450792347 0.0
6.35507026087 0.0
6.35563264803 0.0
6.35619508497 0.0
6.35675757167 0.0
6.35732010816 0.0
6.35788269442 0.0
