#xsec (eV,cm2) for HNO3 -> OH + NO2
1.01283033864 0.0
1.03882025108 0.0
1.06547708229 0.0
1.09281794584 0.0
1.12086039446 0.0
1.14962243131 0.0
1.1791225215 0.0
1.20937960399 0.0
1.2404131037 0.0
1.27224294404 0.0
1.30488955964 0.0
1.3383739095 0.0
1.37271749046 0.0
1.40794235097 0.0
1.44407110525 0.0
1.48112694784 0.0
1.51913366844 0.0
1.55811566724 0.0
1.59809797053 0.0
1.6391062468 0.0
1.68116682321 0.0
1.7243067025 0.0
1.7685535803 0.0
1.81393586296 0.0
1.86048268573 0.0
1.9082239315 0.0
1.95719024997 0.0
2.00741307733 0.0
2.05892465645 6.94411388858e-26
2.11175805759 4.56635210519e-25
2.16594719958 1.10029483147e-24
2.22152687165 1.76047119423e-24
2.27853275575 2.43758812958e-24
2.33700144945 3.13208034407e-24
2.39697048942 3.84439369916e-24
2.45847837558 4.57498549736e-24
2.52156459575 5.32432477591e-24
2.58626965106 6.09289260785e-24
2.65263508191 6.88118241089e-24
2.72070349466 7.68970026416e-24
2.79051858899 8.51896523314e-24
2.86212518592 9.36950970285e-24
2.93556925662 1.02418797197e-23
3.01089795192 1.1136635342e-23
3.08815963256 1.20543509996e-23
3.16740390025 1.29956158625e-23
3.24868162952 1.39610342193e-23
3.33204500037 1.49512258649e-23
3.41754753178 1.59668264988e-23
3.50524411605 1.70084881328e-23
3.59519105407 1.80768795098e-23
3.68744609143 1.91726865332e-23
3.78206845554 4.37186568841e-23
3.87911889359 1.81257439136e-22
3.97865971161 6.71529621899e-22
4.08075481444 1.72662027811e-21
4.18546974675 3.73436173038e-21
4.29287173515 6.72255214318e-21
4.40302973131 1.01688805598e-20
4.51601445626 1.36582059534e-20
4.63189844577 1.63426710723e-20
4.75075609694 1.81079173431e-20
4.87266371593 1.89824120196e-20
4.997699567 2.00467407954e-20
5.12594392268 2.46606198615e-20
5.25747911539 3.68027801739e-20
5.39238959022 5.95894946017e-20
5.53076195922 1.03429259186e-19
5.67268505691 2.27159682339e-19
5.81824999742 6.55202144405e-19
5.96755023288 1.92778536002e-18
6.1206816135 4.72617158727e-18
6.27774244906 9.02913359099e-18
6.43883357203 1.34739170061e-17
6.60405840233 1.4157890871e-17
6.77352301366 1.30162623362e-17
6.9473362017 1.26471624316e-17
7.12560955386 1.1335008481e-17
7.30845752098 9.9167188252e-18
7.49599749077 8.81838363786e-18
7.68834986321 8.12089124639e-18
7.88563812779 7.79068543598e-18
8.08798894286 7.20271901708e-18
8.29553221689 6.48873582356e-18
8.5084011919 7.98043921553e-18
8.72673252897 1.40584490606e-17
8.95066639602 2.17749140459e-17
9.18034655777 2.21152117139e-17
9.41592046802 1.85540397453e-17
9.65753936436 1.80899007153e-17
9.90535836521 1.5482265604e-17
10.1595365695 1.39036624009e-17
10.4202371586 1.31416541266e-17
10.6876275014 1.11513796893e-17
10.9618792615 1.1398032233e-17
11.2431685075 1.18760976806e-17
11.5316758261 1.22496962053e-17
11.8275864379 1.42249678449e-17
12.1310903163 1.77396549984e-17
12.4423823099 2.13445314046e-17
