#xsec (eV,cm2) for HO2 -> OH + O
1.01283033864 0.0
1.03882025108 0.0
1.06547708229 0.0
1.09281794584 0.0
1.12086039446 0.0
1.14962243131 0.0
1.1791225215 0.0
1.20937960399 0.0
1.2404131037 0.0
1.27224294404 0.0
1.30488955964 0.0
1.3383739095 0.0
1.37271749046 0.0
1.40794235097 0.0
1.44407110525 0.0
1.48112694784 0.0
1.51913366844 0.0
1.55811566724 0.0
1.59809797053 0.0
1.6391062468 0.0
1.68116682321 0.0
1.7243067025 0.0
1.7685535803 0.0
1.81393586296 0.0
1.86048268573 0.0
1.9082239315 0.0
1.95719024997 0.0
2.00741307733 0.0
2.05892465645 0.0
2.11175805759 0.0
2.16594719958 0.0
2.22152687165 0.0
2.27853275575 0.0
2.33700144945 0.0
2.39697048942 0.0
2.45847837558 0.0
2.52156459575 0.0
2.58626965106 0.0
2.65263508191 0.0
2.72070349466 0.0
2.79051858899 5.65854514284e-22
2.86212518592 9.60951329884e-21
2.93556925662 2.67826680387e-20
3.01089795192 4.43964975601e-20
3.08815963256 6.24623098763e-20
3.16740390025 8.0991703172e-20
3.24868162952 9.99965732491e-20
3.33204500037 1.19489121164e-19
3.41754753178 1.3948186106e-19
3.50524411605 1.59987628202e-19
3.59519105407 1.81019587217e-19
3.68744609143 2.02591240545e-19
3.78206845554 2.24716437106e-19
3.87911889359 2.47409381197e-19
3.97865971161 2.70684641602e-19
4.08075481444 2.94557160952e-19
4.18546974675 3.19042265318e-19
4.29287173515 3.44155674044e-19
4.40302973131 3.69913509847e-19
4.51601445626 3.96332309162e-19
4.63189844577 4.23429032759e-19
4.75075609694 4.51221076636e-19
4.87266371593 4.79726283182e-19
4.997699567 6.6923656106e-19
5.12594392268 1.09966535925e-18
5.25747911539 1.77014285712e-18
5.39238959022 2.59284586909e-18
5.53076195922 3.40073504936e-18
5.67268505691 4.08313026861e-18
5.81824999742 4.61239270751e-18
5.96755023288 4.85621949973e-18
6.1206816135 4.82660167032e-18
6.27774244906 4.6790600231e-18
6.43883357203 4.43278785138e-18
6.60405840233 2.80449944578e-18
6.77352301366 1.28057423012e-18
6.9473362017 1.56071104678e-18
7.12560955386 2.42118293133e-18
7.30845752098 3.39208362004e-18
7.49599749077 3.88616498925e-18
7.68834986321 3.83056403762e-18
7.88563812779 3.61615116418e-18
8.08798894286 3.60332941774e-18
8.29553221689 3.8258451953e-18
8.5084011919 4.27214917799e-18
8.72673252897 5.02964911571e-18
8.95066639602 6.24732672129e-18
9.18034655777 7.69872769482e-18
9.41592046802 9.0311399061e-18
9.65753936436 9.76955456463e-18
9.90535836521 9.93994247113e-18
10.1595365695 1e-17
10.4202371586 1e-17
10.6876275014 1e-17
10.9618792615 1e-17
11.2431685075 1e-17
11.5316758261 1e-17
11.8275864379 1e-17
12.1310903163 1e-17
12.4423823099 1.10242883153e-17
