#xsec (eV,cm2) for N2 -> N + N
9.75946138116 1e-35
11.9445276865 1e-35
11.9491323618 7e-22
12.0151368724 7e-22
12.0877641987 1e-21
12.300019582 6e-20
12.3984197386 3.72e-19
12.4357269194 1.86e-19
12.4996670417 1.79e-17
12.5047097717 7.44e-20
12.5261868444 1.67e-19
12.5553617606 2.98e-18
12.5782892753 1.6e-17
12.6630780703 8.37e-17
12.6773207961 5.47e-17
12.6902965595 6.89e-20
12.7032989125 9.49e-20
12.7490177261 2.51e-16
12.7818760192 5.21e-19
12.8374609015 1e-16
12.8414497552 4.84e-17
12.8481033561 1.34e-18
12.8681055928 1.6e-19
12.910985878 7.07e-17
12.9150205611 2.94e-17
12.9244446353 9.49e-20
12.9311845417 3.01e-17
12.9392817143 4.17e-17
12.9419830257 1.86e-17
12.9555065189 1.08e-18
12.9758448337 1.86e-18
12.9812791735 1.6e-17
12.9894392233 4.17e-20
12.9962471055 7.44e-20
13.0098843008 2.08e-19
13.0235501456 1.04e-19
13.0345035099 4.76e-20
13.048221152 3.72e-19
13.0509681459 5.77e-20
13.0619676977 6.1e-18
13.078501834 7.63e-20
13.0854034181 5.58e-19
13.0964611161 5.58e-18
13.1033816726 4.84e-18
13.1130827484 8.2e-19
13.1548220038 1.9e-17
13.182796107 3.8e-19
13.191211553 3.01e-17
13.2066678085 9.16e-17
13.2108894391 6.7e-17
13.2193408025 1.08e-17
13.2320381415 5.21e-20
13.256088676 3.35e-18
13.2603419664 3.65e-18
13.2674368525 5.21e-19
13.2702769331 5.58e-20
13.2958924811 3.72e-18
13.304452987 4.47e-18
13.3101661177 5.95e-19
13.3459846487 7.37e-17
13.3502958314 3.35e-17
13.3574873288 7.82e-19
13.3646865782 2.61e-19
13.3747785746 4.47e-18
13.3877764157 8.56e-18
13.4036970147 6.48e-19
13.4327407786 1.11e-17
13.4356520791 2.23e-17
13.4473099117 1.3e-18
13.4575271232 9.3e-18
13.4765431942 2.81e-17
13.4868048935 4.21e-19
13.4882721264 1.08e-18
13.5103189916 1.11e-17
13.5294846558 1.97e-17
13.5353927278 1.9e-19
13.5843319148 6.92e-17
13.5858204456 3.57e-17
13.5947584853 7.63e-19
13.597740446 2.23e-18
13.6126698931 5.58e-18
13.6156597174 1.34e-17
13.6246370754 6.14e-19
13.6291301953 1.15e-18
13.6546472892 7.44e-18
13.6606652034 8.93e-18
13.6697020271 6.18e-19
13.6999113134 1e-17
13.7044542264 1.67e-17
13.7150660825 5.81e-19
13.7211373823 1.67e-17
13.7302544171 1.11e-17
13.7378612062 1.34e-17
13.7409062824 5.66e-19
13.7561519346 1.19e-17
13.7576783607 9.68e-18
13.7637874541 1.9e-18
13.7683728358 5.43e-19
13.7790839505 8.93e-18
13.7867449557 1.3e-17
13.7913456492 9.3e-18
13.8020925511 5.17e-18
13.8190144211 3.3e-17
13.8344339864 1.38e-17
13.8452481727 4.39e-19
13.8684784548 9.6e-18
13.8808998417 4.32e-19
13.8840086659 1.9e-18
13.8964579003 1.23e-17
13.9136120959 8.56e-18
13.9229867924 4.17e-19
13.9433420362 9.27e-18
13.9480478554 1.08e-17
13.9574690292 4.84e-19
13.9779252972 1.67e-17
13.9795013402 2.53e-17
13.9873868892 7.52e-18
13.9889650667 1.94e-17
13.9937017366 2.2e-17
13.996861299 9.23e-18
14.009513829 3.57e-19
14.0269484541 7.44e-18
14.0460176035 2.16e-17
14.0476090399 1.49e-17
14.0571652365 8.19e-18
14.0715239344 4.17e-17
14.0731211562 4.47e-17
14.0859119957 5.62e-19
14.0955203941 6.7e-18
14.1019332787 5.58e-18
14.1051419097 1.82e-18
14.1163836259 5.62e-18
14.1308636182 1.34e-17
14.145373347 2.64e-17
14.1502165472 4.17e-17
14.1615302554 1.12e-17
14.1696225584 2.75e-19
14.1825894974 4.54e-19
14.1988315834 2.62e-18
14.2232645849 4.09e-17
14.2265286731 3.13e-17
14.236329933 2.27e-17
14.2510571708 5.29e-19
14.2822482878 1.97e-17
14.3003687873 3.8e-17
14.3036683648 2.2e-17
14.308620587 2.34e-18
14.3152288865 6.07e-19
14.3268081103 2.87e-17
14.3334332238 1.67e-17
14.3467018498 5.99e-19
14.3583320656 9.3e-18
14.3616584485 7.44e-18
14.3749794071 6.9e-19
14.3833175622 5.81e-18
14.3950072433 4.54e-19
14.4033686555 8.84e-18
14.4167671379 3.8e-19
14.4201206544 5.54e-19
14.4217979977 1.6e-18
14.433550336 3.31e-18
14.4638587711 2.46e-17
14.4655463057 2.2e-17
14.4723003836 1.51e-18
14.4790607715 2.46e-17
14.4807518554 1.86e-17
14.5010757177 1.86e-18
14.5231577119 4.76e-17
14.5265609123 3.35e-17
14.5384846841 2.68e-18
14.5436008664 1.15e-18
14.5846603207 3.72e-17
14.5863761631 2.85e-17
14.5915261135 1.97e-17
14.61733051 4.09e-19
14.6380398331 2.98e-18
14.6397682591 5.51e-18
14.6518786795 7.44e-19
14.6865905456 2.12e-17
14.6883304568 2.94e-17
14.6987785876 1.12e-18
14.7092415929 1.19e-17
14.7214672745 2.94e-17
14.7249640601 2.23e-17
14.733713296 1.3e-17
14.7442261132 3.01e-17
14.7459797082 2.16e-17
14.7600234984 1.97e-18
14.80408327 1.64e-17
14.8058511328 1.64e-17
14.8217809189 1.09e-18
14.8466288332 2.64e-17
14.8484068726 1.84e-17
14.8573034615 1.94e-18
14.8644284122 5.58e-18
14.8751286606 7.26e-18
14.8840573093 5.5e-19
14.9019468012 3.61e-18
14.9109076832 3.01e-19
14.9504639318 3.35e-18
14.9630940606 4.84e-18
14.964900107 7.37e-18
14.9739368824 7.56e-19
15.0029280477 8.19e-18
15.0101933882 1.67e-17
15.015647013 2.46e-17
15.0247451995 1.49e-18
15.0302094055 1.38e-17
15.0375011991 1.19e-17
15.0594190922 1.49e-18
15.0722340611 1.12e-18
15.0740665515 3.8e-19
15.0979295405 2.08e-17
15.101607477 1.22e-17
15.1144943784 4.35e-18
15.118180391 8.56e-18
15.1384856393 4.24e-17
15.1458828959 6.81e-17
15.1662626772 7.8e-19
15.1941418365 6.25e-18
15.2127849554 4.84e-18
15.2370895153 8.26e-17
15.240835573 4.84e-17
15.2595935245 1.82e-17
15.2783977062 1.86e-18
15.2972482895 5.21e-18
15.3066910353 1.56e-18
15.3256115434 7.44e-18
15.3294012594 1.49e-17
15.3445788844 4.43e-18
15.3712121729 9.53e-17
15.3731180888 5.21e-17
15.376931339 1.51e-17
15.3826547626 1.66e-17
15.3864727459 3.54e-17
15.4017636505 4.84e-18
15.4113359088 3.35e-18
15.4209200729 8.19e-18
15.4266762954 1.3e-17
15.453595586 2.75e-17
15.4555219878 4.17e-18
15.4690202603 7.33e-17
15.4786763279 5.51e-17
15.5368668404 4.7e-18
15.5954965266 3.68e-17
15.6249776164 1.63e-17
15.654570377 1.45e-17
15.6842754442 8.69e-18
15.6902299907 1.24e-17
15.7041415309 1.49e-17
15.7340352013 2.22e-18
15.7400275976 9.25e-19
15.7700581768 1.32e-17
15.7901423059 6.34e-18
15.8244029848 4.69e-17
15.8446258641 5.02e-18
15.8750572838 8.58e-18
15.8954099213 7.35e-18
15.8974480557 4.48e-18
15.9260369154 1.38e-17
16.0082888814 2.04e-17
16.0186301533 2.86e-18
16.0705375744 3.54e-17
16.0913948587 2.3e-18
16.1332722689 1.16e-17
16.1648236488 1.38e-18
16.2049663294 1.96e-17
16.2070846256 1.19e-17
16.2176844194 8.57e-18
16.2198060422 4.19e-18
16.2367990291 5.95e-18
16.2431805825 5.46e-18
16.25595875 5.2e-18
16.2708920454 1.5e-17
16.2815754939 2.05e-17
16.2901323592 1.8e-17
16.3072731009 8.51e-18
16.3244499521 4.84e-18
16.3265996031 1.62e-18
16.341663027 5.98e-18
16.3459719692 1e-17
16.3632304852 9.67e-18
16.3718734169 1.93e-17
16.3891867001 5.19e-18
16.4369875893 1.68e-17
16.4675517846 7.84e-18
16.4763053005 7.8e-18
16.4872602907 4.14e-18
16.5136117989 2.24e-17
16.5400476769 1.04e-17
16.5466698767 1.45e-17
16.5665683306 3.35e-18
16.5842960656 5.21e-18
16.5976167853 7.44e-18
16.6087337423 1.34e-17
16.6310123925 5.15e-18
16.6488783921 1.04e-17
16.6712649437 2.97e-18
16.6959597881 2.98e-18
16.7229831921 7.44e-19
16.7433082223 2.61e-18
16.7614164372 6.17e-18
16.7909259732 3.71e-19
16.804580833 1.86e-18
16.813696418 1.12e-18
16.8273883532 1.86e-18
16.8479681188 3.37e-18
16.873189628 5.96e-18
16.9146244729 7.44e-18
16.9957775718 8.55e-18
17.0777131386 6.32e-18
17.1390928098 8.2e-18
17.1889917352 7.64e-18
17.3331745262 5.77e-18
17.4625630121 6.18e-18
17.712028198 5.57e-18
17.8420200585 5.59e-18
17.9453173232 3.35e-18
18.0655977541 1.08e-18
18.0814054814 1e-18
18.0998828301 1.09e-18
18.1821670899 5.19e-18
18.2410177117 4.06e-18
18.365308456 5.4e-18
18.3925526459 3.35e-18
18.4665173349 4.47e-18
18.5051040875 4.04e-18
18.7854844525 4.04e-18
19.0744919056 3.14e-18
19.3725308416 2.03e-18
19.6800313311 9.09e-19
19.6894072394 7.26e-19
19.8121120783 4.8e-19
19.8342980941 7.17e-19
19.8501756942 7.2e-19
19.9974511913 6.94e-19
20.094683531 4.74e-19
20.2986570704 2.33e-19
20.3319444713 1.3e-19
20.3787306683 1.17e-19
20.6640328977 1.21e-18
20.6778181098 1.08e-18
20.7400798572 7.02e-19
21.2192704751 1.16e-19
22.3274261455 1.12e-18
22.3596388433 1.84e-18
22.3757800733 1.39e-18
22.4081325477 9.96e-19
23.0883049136 8.82e-19
23.5801060073 5.24e-19
23.7426651448 8.26e-19
23.8614698588 5.16e-19
24.291574723 0.0
24.3967330551 0.0
24.4303837214 0.0
24.896425178 0.0
28.5021143417 0.0
28.8335342759 0.0
31.3884044016 0.0
35.6276429271 0.0
40.8111248803 0.0
50.1554196546 0.0
59.2375525018 0.0
82.6561315908 0.0
123.984197386 0.0
182.329702039 0.0
277.99147396 0.0
413.280657954 0.0
427.531715125 0.0
925.255204375 0.0
1252.36563016 0.0
12398.4197386 0.0
