#xsec (eV,cm2) for N2O -> N2 + O(1D)
1.01283033864 0.0
1.03882025108 0.0
1.06547708229 0.0
1.09281794584 0.0
1.12086039446 0.0
1.14962243131 0.0
1.1791225215 0.0
1.20937960399 0.0
1.2404131037 0.0
1.27224294404 0.0
1.30488955964 0.0
1.3383739095 0.0
1.37271749046 0.0
1.40794235097 0.0
1.44407110525 0.0
1.48112694784 0.0
1.51913366844 0.0
1.55811566724 0.0
1.59809797053 0.0
1.6391062468 0.0
1.68116682321 0.0
1.7243067025 0.0
1.7685535803 0.0
1.81393586296 0.0
1.86048268573 0.0
1.9082239315 0.0
1.95719024997 0.0
2.00741307733 0.0
2.05892465645 0.0
2.11175805759 0.0
2.16594719958 0.0
2.22152687165 0.0
2.27853275575 0.0
2.33700144945 0.0
2.39697048942 0.0
2.45847837558 0.0
2.52156459575 0.0
2.58626965106 0.0
2.65263508191 0.0
2.72070349466 0.0
2.79051858899 0.0
2.86212518592 0.0
2.93556925662 0.0
3.01089795192 0.0
3.08815963256 0.0
3.16740390025 0.0
3.24868162952 0.0
3.33204500037 0.0
3.41754753178 0.0
3.50524411605 0.0
3.59519105407 5.39912591999e-27
3.68744609143 3.19782286723e-25
3.78206845554 9.45679096089e-25
3.87911889359 1.58763684149e-24
3.97865971161 2.24606765741e-24
4.08075481444 2.921394254e-24
4.18546974675 3.61405018845e-24
4.29287173515 4.32448014328e-24
4.40302973131 5.05314021191e-24
4.51601445626 5.8004981914e-24
4.63189844577 6.56703388281e-24
4.75075609694 7.35323939921e-24
4.87266371593 8.15961948164e-24
4.997699567 8.98669182312e-24
5.12594392268 1.10692724105e-23
5.25747911539 3.10610153921e-23
5.39238959022 1.18750569708e-22
5.53076195922 4.35711152124e-22
5.67268505691 1.50168305084e-21
5.81824999742 4.58791681252e-21
5.96755023288 1.20708151797e-20
6.1206816135 2.5731774765e-20
6.27774244906 4.6122537362e-20
6.43883357203 6.75806853701e-20
6.60405840233 8.30567589154e-20
6.77352301366 8.61134621753e-20
6.9473362017 7.59208324887e-20
7.12560955386 5.78906175612e-20
7.30845752098 3.76745720971e-20
7.49599749077 2.33082599043e-20
7.68834986321 1.40025400209e-20
7.88563812779 2.05134176526e-20
8.08798894286 9.11007255835e-20
8.29553221689 4.18817980152e-19
8.5084011919 4.96920774896e-19
8.72673252897 1.60318636689e-19
8.95066639602 6.83316654721e-21
9.18034655777 0.0
9.41592046802 0.0
9.65753936436 0.0
9.90535836521 0.0
10.1595365695 0.0
10.4202371586 0.0
10.6876275014 0.0
10.9618792615 0.0
11.2431685075 0.0
11.5316758261 0.0
11.8275864379 0.0
12.1310903163 0.0
12.4423823099 0.0
