#xsec (eV,cm2) for NO2 -> NO + O(1D)
1.01283033864 0.0
1.03882025108 0.0
1.06547708229 0.0
1.09281794584 0.0
1.12086039446 0.0
1.14962243131 0.0
1.1791225215 0.0
1.20937960399 0.0
1.2404131037 0.0
1.27224294404 0.0
1.30488955964 0.0
1.3383739095 0.0
1.37271749046 0.0
1.40794235097 0.0
1.44407110525 0.0
1.48112694784 0.0
1.51913366844 0.0
1.55811566724 0.0
1.59809797053 0.0
1.6391062468 0.0
1.68116682321 0.0
1.7243067025 0.0
1.7685535803 0.0
1.81393586296 0.0
1.86048268573 0.0
1.9082239315 0.0
1.95719024997 0.0
2.00741307733 0.0
2.05892465645 0.0
2.11175805759 0.0
2.16594719958 0.0
2.22152687165 0.0
2.27853275575 0.0
2.33700144945 0.0
2.39697048942 0.0
2.45847837558 0.0
2.52156459575 0.0
2.58626965106 0.0
2.65263508191 0.0
2.72070349466 0.0
2.79051858899 0.0
2.86212518592 0.0
2.93556925662 0.0
3.01089795192 0.0
3.08815963256 0.0
3.16740390025 0.0
3.24868162952 0.0
3.33204500037 0.0
3.41754753178 0.0
3.50524411605 0.0
3.59519105407 0.0
3.68744609143 0.0
3.78206845554 0.0
3.87911889359 0.0
3.97865971161 0.0
4.08075481444 0.0
4.18546974675 0.0
4.29287173515 0.0
4.40302973131 0.0
4.51601445626 0.0
4.63189844577 0.0
4.75075609694 0.0
4.87266371593 0.0
4.997699567 0.0
5.12594392268 1.48215501419e-20
5.25747911539 6.94289145519e-20
5.39238959022 1.33809113179e-19
5.53076195922 1.8734294099e-19
5.67268505691 2.10919062033e-19
5.81824999742 1.90898826688e-19
5.96755023288 1.77996004834e-19
6.1206816135 1.53607576469e-19
6.27774244906 1.24020936511e-19
6.43883357203 1.29212692914e-19
6.60405840233 1.30424284914e-19
6.77352301366 1.40808212596e-18
6.9473362017 3.69019575092e-18
7.12560955386 5.88707841152e-18
7.30845752098 7.55806416655e-18
7.49599749077 7.86604748475e-18
7.68834986321 7.48591450824e-18
7.88563812779 7.42111436209e-18
8.08798894286 8.07627180217e-18
8.29553221689 6.98609838797e-18
8.5084011919 7.3701525912e-18
8.72673252897 7.54126146811e-18
8.95066639602 5.18021447281e-18
9.18034655777 4.78035766759e-18
9.41592046802 5.7926602984e-18
9.65753936436 1.06967075144e-17
9.90535836521 1.14143444965e-17
10.1595365695 5.93391125644e-18
10.4202371586 3.67523950229e-18
10.6876275014 3.86483536487e-18
10.9618792615 4.01387967168e-18
11.2431685075 3.4168696408e-18
11.5316758261 2.59820640831e-18
11.8275864379 2.00773136519e-18
12.1310903163 1.56040754566e-18
12.4423823099 1.10160509396e-18
