#xsec (eV,cm2) for NO2 -> NO + O
3.11713884063 6.19e-19
3.11807955602 5.94e-19
3.11909930531 5.53e-19
3.12004120455 5.23e-19
3.12106223754 5.37e-19
3.12200532285 5.31e-19
3.12302764197 5.66e-19
3.1239719156 5.41e-19
3.12499552328 5.41e-19
3.12594098747 5.54e-19
3.12696588616 5.59e-19
3.12791254317 5.62e-19
3.1289387353 5.97e-19
3.12988658739 5.92e-19
3.13091407541 6.15e-19
3.13186312484 6.35e-19
3.13289191121 6.41e-19
3.13384216026 6.4e-19
3.13487224744 6.21e-19
3.13582369837 6.5e-19
3.13685508884 6.06e-19
3.13780774394 5.89e-19
3.13884044016 5.89e-19
3.13979430172 5.81e-19
3.14082830617 5.58e-19
3.14178337648 5.18e-19
3.14281869167 5.23e-19
3.14377497303 5.32e-19
3.14481160143 5.31e-19
3.14576909614 5.41e-19
3.14680704026 5.54e-19
3.14776575064 5.5e-19
3.14880501298 5.41e-19
3.14976494135 5.6e-19
3.15080552443 5.49e-19
3.15176667309 5.42e-19
3.15280857943 5.2e-19
3.15377095073 5.38e-19
3.15481418286 5.45e-19
3.15577777912 5.82e-19
3.15682233956 6e-19
3.15778716314 6.04e-19
3.15883305443 6.2e-19
3.15979910766 5.99e-19
3.16084633234 6.14e-19
3.16181361758 6e-19
3.16286217822 6.05e-19
3.16383069782 6.39e-19
3.16488059697 6.88e-19
3.1658503533 6.58e-19
3.16690159352 6.22e-19
3.16787258895 5.83e-19
3.16892517281 6.02e-19
3.16989740972 5.93e-19
3.1709513398 5.83e-19
3.17192482056 5.74e-19
3.17298009946 5.93e-19
3.17395482647 5.87e-19
3.17501145675 5.97e-19
3.1759874324 6.05e-19
3.17704541669 6.2e-19
3.17802264338 6.06e-19
3.17908198426 6e-19
3.1800604644 6.02e-19
3.1811211645 5.74e-19
3.1821009005 5.9e-19
3.18316296242 6.04e-19
3.18414395671 6.07e-19
3.18520738308 6.04e-19
3.18618963807 6.28e-19
3.18725443152 6.02e-19
3.18823794966 5.99e-19
3.18930411283 5.78e-19
3.19028889654 5.67e-19
3.19135643208 5.69e-19
3.19234248381 5.69e-19
3.19341139436 5.8e-19
3.19439871657 5.76e-19
3.1954690048 5.97e-19
3.19645759993 6.04e-19
3.1975292685 5.92e-19
3.19851913903 5.98e-19
3.19959219061 5.91e-19
3.200583339 6.04e-19
3.20165777627 5.8e-19
3.202650205 5.95e-19
3.20372603065 5.6e-19
3.2047197422 5.64e-19
3.20579695892 5.62e-19
3.20679195578 5.45e-19
3.20787056627 5.32e-19
3.20886685093 5.37e-19
3.2099468579 5.59e-19
3.21094443286 5.57e-19
3.21202583902 5.51e-19
3.21302470681 5.72e-19
3.21410751487 6.1e-19
3.21510767799 6.28e-19
3.21619189069 5.8e-19
3.21719335166 5.94e-19
3.21827897174 5.84e-19
3.21928173308 5.68e-19
3.22036876328 5.94e-19
3.22137282754 6.17e-19
3.2224612706 6.4e-19
3.22346664031 6.06e-19
3.22455649899 5.94e-19
3.22556317671 5.91e-19
3.22665445377 5.87e-19
3.22766244204 5.64e-19
3.22875514027 5.97e-19
3.22976444165 5.66e-19
3.23085856381 5.85e-19
3.23186918088 5.68e-19
3.23296472976 5.42e-19
3.23397666509 5.44e-19
3.23507364348 5.52e-19
3.23608689965 5.35e-19
3.23718531034 5.37e-19
3.23819988994 5.47e-19
3.23929973576 5.32e-19
3.24031564138 5.29e-19
3.24141692513 5.27e-19
3.24243415938 5.14e-19
3.24353688388 5.48e-19
3.24455544936 5.77e-19
3.24565961744 5.64e-19
3.24667951676 5.62e-19
3.24778513127 5.61e-19
3.24880636706 5.54e-19
3.24991343083 5.52e-19
3.25093600572 5.59e-19
3.25204452161 5.72e-19
3.25306843823 5.74e-19
3.25417840909 5.66e-19
3.25520367009 5.63e-19
3.25631509878 5.72e-19
3.25734170681 5.94e-19
3.25845459622 5.86e-19
3.25948255393 5.94e-19
3.26059690694 5.95e-19
3.26162621698 6.05e-19
3.26274203648 5.98e-19
3.26377270154 6.26e-19
3.26488999042 6.29e-19
3.26592201318 6.32e-19
3.26704077434 6.15e-19
3.26807415747 5.89e-19
3.26919439384 5.7e-19
3.27022914004 5.56e-19
3.27135085452 5.47e-19
3.27238696649 5.36e-19
3.27351016201 5.22e-19
3.27454764245 5.29e-19
3.27567232196 5.22e-19
3.27671117359 5.17e-19
3.27783734002 5.12e-19
3.27887756555 5.07e-19
3.28000522186 5.18e-19
3.28104682402 5.28e-19
3.28217597316 5.24e-19
3.2832189547 5.23e-19
3.28434959963 5.24e-19
3.28539396328 5.2e-19
3.28652610699 5.29e-19
3.28757185549 5.46e-19
3.28870550096 5.67e-19
3.28975263708 5.68e-19
3.29088778729 6.08e-19
3.29193631379 6.19e-19
3.29307297175 6.29e-19
3.29412289139 6.45e-19
3.2952610601 6.53e-19
3.29631237567 6.51e-19
3.29745205814 6.23e-19
3.29850477243 5.95e-19
3.29964597169 5.95e-19
3.30070008749 5.9e-19
3.30184280656 5.9e-19
3.30289832666 5.87e-19
3.30404256859 5.7e-19
3.30509949581 5.54e-19
3.30624526363 5.35e-19
3.30730360078 5.25e-19
3.30845089756 5.14e-19
3.30951064747 5.08e-19
3.31065947627 5.09e-19
3.31172064176 5.15e-19
3.31287100564 5.19e-19
3.31393358956 5.38e-19
3.31508549161 5.36e-19
3.3161494968 5.46e-19
3.3173029401 5.42e-19
3.31836836941 5.41e-19
3.31952335706 5.23e-19
3.32059021335 5.34e-19
3.32174674846 5.34e-19
3.3228150346 5.46e-19
3.32397312027 5.5e-19
3.32504283915 5.56e-19
3.3262024785 5.7e-19
3.32727363299 5.87e-19
3.32843482916 5.97e-19
3.32950742216 6.05e-19
3.33067017827 5.97e-19
3.33174421267 6.06e-19
3.33290853189 5.98e-19
3.3339840106 5.95e-19
3.33514989606 5.87e-19
3.33622682201 5.73e-19
3.33739427688 5.52e-19
3.33847265298 5.45e-19
3.33964168044 5.21e-19
3.34072150961 5.21e-19
3.34189211284 5.21e-19
3.34297339803 4.97e-19
3.34414558021 4.9e-19
3.34522832437 5.09e-19
3.3464020887 5.19e-19
3.34748629478 5.23e-19
3.34866164446 5.28e-19
3.34974731544 5.34e-19
3.35092425368 5.42e-19
3.35201139251 5.32e-19
3.35318992255 5.23e-19
3.35427853221 5.18e-19
3.35545865727 5.22e-19
3.35654874076 5.35e-19
3.35773046408 5.36e-19
3.35882202439 5.31e-19
3.36000534922 5.19e-19
3.36109838935 5.24e-19
3.36228331895 5.14e-19
3.36337784191 5.16e-19
3.36456437954 5.28e-19
3.36566038835 5.27e-19
3.3668485373 5.36e-19
3.36794603499 5.38e-19
3.36913579854 5.34e-19
3.37023478814 5.45e-19
3.37142616958 5.53e-19
3.37252665414 5.38e-19
3.37371965677 5.46e-19
3.37482163934 5.54e-19
3.37601626647 5.58e-19
3.37711975012 5.43e-19
3.37831600507 5.19e-19
3.37942099286 5.14e-19
3.38061887897 4.85e-19
3.38172537398 4.87e-19
3.38292489458 4.9e-19
3.38403289989 4.97e-19
3.38523405833 5.05e-19
3.38634357704 5.18e-19
3.38754637667 5.4e-19
3.38865741189 5.53e-19
3.38986185608 5.78e-19
3.39097441091 5.84e-19
3.39218050304 5.96e-19
3.39329458061 5.94e-19
3.39450232406 6.01e-19
3.39561792748 5.86e-19
3.39682732565 5.78e-19
3.39794445807 5.64e-19
3.39915551436 5.56e-19
3.40027417893 5.5e-19
3.40148689674 5.42e-19
3.40260709661 5.36e-19
3.40382147937 5.24e-19
3.4049432177 5.05e-19
3.40615926885 4.87e-19
3.40728254881 4.78e-19
3.40850027179 4.76e-19
3.40962509656 4.93e-19
3.41084449481 4.92e-19
3.41197086758 5.05e-19
3.41319194456 5.02e-19
3.41431986854 4.98e-19
3.41554262772 5.12e-19
3.4166721061 5.15e-19
3.41789655096 4.99e-19
3.41902758697 5.1e-19
3.420253721 5.09e-19
3.42138631785 5.16e-19
3.42261414455 5.09e-19
3.42374830548 5.02e-19
3.42497782835 5.04e-19
3.4261135566 4.95e-19
3.42734477916 5.01e-19
3.42848207799 5.1e-19
3.42971500377 5.11e-19
3.43085387642 5.13e-19
3.43208850896 5.11e-19
3.43322895872 5.35e-19
3.43446530156 5.39e-19
3.4356073317 5.31e-19
3.43684538839 5.23e-19
3.4379890022 5.12e-19
3.43922877632 5.04e-19
3.44037397709 4.89e-19
3.44161547221 4.72e-19
3.44276226324 4.67e-19
3.44400548295 4.51e-19
3.44515386757 4.47e-19
3.44639881546 4.65e-19
3.44754879699 4.61e-19
3.44879547667 4.64e-19
3.44994705844 4.52e-19
3.45119547352 4.56e-19
3.45234865888 4.48e-19
3.45359881299 4.55e-19
3.45475360528 4.55e-19
3.45600550205 4.76e-19
3.45716190464 4.76e-19
3.45841554773 4.86e-19
3.45957356399 4.97e-19
3.46082895705 4.95e-19
3.46198859035 5.15e-19
3.46324573704 5.04e-19
3.46440699078 5.14e-19
3.46566589479 5.19e-19
3.46682877237 5.31e-19
3.46808943738 5.57e-19
3.4692539422 5.54e-19
3.4705163719 5.63e-19
3.47168250738 5.64e-19
3.4729467055 5.58e-19
3.47411447507 5.45e-19
3.4753804453 5.17e-19
3.4765498524 5.09e-19
3.47781759849 4.77e-19
3.47898864656 4.83e-19
3.48025817224 4.67e-19
3.48143086475 4.63e-19
3.48270217377 4.61e-19
3.48387651417 4.55e-19
3.48514961029 4.59e-19
3.48632560206 4.62e-19
3.48760048906 4.68e-19
3.48877813569 4.75e-19
3.49005481735 4.87e-19
3.49123412233 4.99e-19
3.49251260243 5.13e-19
3.49369356927 5.26e-19
3.49497385162 5.39e-19
3.49615648383 5.42e-19
3.49743857225 5.4e-19
3.49862287336 5.68e-19
3.49990677166 5.58e-19
3.50109274521 5.32e-19
3.50237845724 5.04e-19
3.50356610677 4.86e-19
3.50485363636 4.65e-19
3.50604296542 4.54e-19
3.50733231644 4.38e-19
3.5085233286 4.2e-19
3.50981450492 4.02e-19
3.51100720376 4.01e-19
3.51230020924 3.99e-19
3.51349459834 4.06e-19
3.51478943689 4.21e-19
3.51598551984 4.33e-19
3.51728219535 4.38e-19
3.51847997577 4.43e-19
3.51977849216 4.52e-19
3.52097797365 4.54e-19
3.52227833484 4.43e-19
3.52347952104 4.29e-19
3.52478173095 4.26e-19
3.52598462549 4.39e-19
3.52728868809 4.32e-19
3.52849329462 4.48e-19
3.52979921384 4.63e-19
3.53100553602 4.64e-19
3.53231331585 4.52e-19
3.53352135734 4.48e-19
3.53483100175 4.52e-19
3.53604076623 4.36e-19
3.53735227921 4.51e-19
3.53856377037 4.2e-19
3.53987715592 4.26e-19
3.54109037747 4.14e-19
3.54240563961 4.1e-19
3.54362059524 3.96e-19
3.54493773799 3.98e-19
3.54615443143 4.05e-19
3.54747345883 4e-19
3.54869189382 4.01e-19
3.55001280991 4.18e-19
3.55123299018 4.41e-19
3.55255579903 4.61e-19
3.55377772834 4.67e-19
3.55510243401 4.89e-19
3.55632611612 5.16e-19
3.5576527227 5.22e-19
3.55887816138 5.33e-19
3.56020667297 5.15e-19
3.56143387201 5e-19
3.56276429271 4.82e-19
3.5639932559 4.4e-19
3.56532558983 4.32e-19
3.56655632098 4.21e-19
3.56789057227 4.2e-19
3.5691230752 4.29e-19
3.57045924798 4.27e-19
3.57169352652 4.34e-19
3.57303162496 4.28e-19
3.57426768295 4.4e-19
3.57560771121 4.46e-19
3.5768455525 4.6e-19
3.57818751475 4.49e-19
3.5794271432 4.32e-19
3.58077104365 4.36e-19
3.58201246313 4.34e-19
3.58335830596 4.3e-19
3.58460152036 4.21e-19
3.5859493098 4.13e-19
3.58719432301 4.04e-19
3.58854406328 4.08e-19
3.58979087921 4e-19
3.59114257455 4.06e-19
3.59239119712 4.18e-19
3.59374485177 4.07e-19
3.59499528492 4.11e-19
3.59635090315 4.07e-19
3.59760315081 4.02e-19
3.5989607369 3.96e-19
3.60021480301 3.88e-19
3.60157436126 3.91e-19
3.6028302498 3.84e-19
3.60419178448 4.06e-19
3.60544949942 3.98e-19
3.60681301487 4.02e-19
3.6080725602 3.92e-19
3.60943806073 3.79e-19
3.61069944045 3.72e-19
3.61206693041 3.58e-19
3.61333014852 3.68e-19
3.61469963225 3.55e-19
3.61596469278 3.55e-19
3.61733617465 3.5e-19
3.61860308164 3.52e-19
3.61997656602 3.7e-19
3.62124532351 3.79e-19
3.62262081479 3.67e-19
3.62389142683 3.79e-19
3.62526892942 3.83e-19
3.62654140009 3.95e-19
3.6279209184 4.23e-19
3.62919525177 4.11e-19
3.63057679023 4.23e-19
3.6318529904 4.27e-19
3.63323655344 4.3e-19
3.63451462452 4.24e-19
3.6359002166 4.17e-19
3.6371801627 3.92e-19
3.6385677883 3.82e-19
3.63984961355 3.92e-19
3.64123927713 3.92e-19
3.64252298567 3.85e-19
3.64391469173 3.74e-19
3.64520028772 3.83e-19
3.64659404077 3.88e-19
3.64788152837 3.72e-19
3.64927733293 3.86e-19
3.65056671632 3.76e-19
3.65196457691 3.75e-19
3.65325586028 3.8e-19
3.65465578147 3.92e-19
3.65594896902 4.04e-19
3.65735095535 3.99e-19
3.65864605129 4.01e-19
3.66005010734 3.98e-19
3.66134711591 3.89e-19
3.66275324627 3.85e-19
3.66405217171 3.68e-19
3.66546038097 3.6e-19
3.66676122752 3.45e-19
3.6681715203 3.48e-19
3.66947429224 3.28e-19
3.67088667317 3.34e-19
3.67219137477 3.33e-19
3.67360584848 3.39e-19
3.67491248403 3.4e-19
3.67632905519 3.44e-19
3.67763762899 3.48e-19
3.67905630226 3.46e-19
3.68036681864 3.58e-19
3.6817875987 3.57e-19
3.68310006197 3.55e-19
3.68452295353 3.46e-19
3.68583736804 3.37e-19
3.6872623758 3.5e-19
3.68857874591 3.38e-19
3.69000587459 3.51e-19
3.69132420466 3.31e-19
3.69275345901 3.29e-19
3.69407375343 3.35e-19
3.69550513819 3.28e-19
3.69682740134 3.41e-19
3.69826092129 3.6e-19
3.69958515759 3.39e-19
3.7010208175 3.45e-19
3.70234703136 3.39e-19
3.70378483603 3.34e-19
3.70511303189 3.19e-19
3.70655298613 3.09e-19
3.70788316844 3.1e-19
3.70932527707 3.11e-19
3.71065745028 3.02e-19
3.71210171815 2.98e-19
3.71343588673 3.14e-19
3.71488231869 3.23e-19
3.71621848713 3.28e-19
3.71766708804 3.44e-19
3.71900526085 3.43e-19
3.7204560356 3.61e-19
3.72179621728 3.64e-19
3.72324917076 3.73e-19
3.72459136584 3.79e-19
3.72604650297 3.74e-19
3.727390716 3.7e-19
3.72884804169 3.49e-19
3.73019427722 3.34e-19
3.73165379642 3.16e-19
3.73300205902 3.14e-19
3.73446377669 3.01e-19
3.73581407094 3.12e-19
3.73727799205 3.13e-19
3.73863032253 3.2e-19
3.74009645207 3.1e-19
3.74145082341 3.16e-19
3.74291916638 3.12e-19
3.74427558319 3.08e-19
3.7457461446 3.05e-19
3.74710461153 2.9e-19
3.74857739641 3.08e-19
3.7499379181 2.98e-19
3.7514129315 2.95e-19
3.75277551263 2.85e-19
3.75425275961 3.14e-19
3.75561740485 3.11e-19
3.75709689049 2.99e-19
3.75846360453 3.13e-19
3.75994533393 3.21e-19
3.76131412148 3.16e-19
3.76279809973 3.07e-19
3.76416896552 3.01e-19
3.76565519776 2.9e-19
3.76702814651 2.92e-19
3.76851663788 3e-19
3.76989167436 2.82e-19
3.77138243 2.94e-19
3.77275955896 2.86e-19
3.77425258406 2.87e-19
3.77563181029 2.92e-19
3.77712711001 2.93e-19
3.77850843831 2.9e-19
3.78000601787 3.08e-19
3.78138945304 3.1e-19
3.78288931766 3.04e-19
3.78427486452 2.96e-19
3.78577701943 2.98e-19
3.78716468282 2.86e-19
3.78866913327 2.88e-19
3.79005891805 2.95e-19
3.7915656693 2.9e-19
3.79295758034 2.96e-19
3.79446663768 3.13e-19
3.79586067986 2.91e-19
3.79737204858 2.86e-19
3.7987682268 2.93e-19
3.80028191222 2.89e-19
3.80168023139 2.9e-19
3.80319623884 2.88e-19
3.80459670389 2.81e-19
3.80611503872 2.81e-19
3.80751765458 3e-19
3.80903832216 2.79e-19
3.8104430938 3.17e-19
3.8119660995 3.07e-19
3.8133730319 2.99e-19
3.81489838111 2.79e-19
3.81630747926 2.78e-19
3.8178351774 2.77e-19
3.8192464463 2.68e-19
3.8207764988 2.64e-19
3.82218994347 2.81e-19
3.82372235578 2.73e-19
3.82513798125 2.66e-19
3.82667275883 2.68e-19
3.82809057016 2.53e-19
3.82962771849 2.59e-19
3.83104772074 2.57e-19
3.83258724532 2.69e-19
3.83400944357 2.57e-19
3.83555134992 2.61e-19
3.83697574927 2.65e-19
3.83852004292 2.77e-19
3.83994664848 2.67e-19
3.84149333497 2.8e-19
3.84292215188 2.68e-19
3.84447123678 2.89e-19
3.84590227018 2.79e-19
3.84745375908 2.49e-19
3.84888701413 2.59e-19
3.85044091262 2.65e-19
3.8518763945 2.56e-19
3.8534327082 2.68e-19
3.85487042211 2.7e-19
3.85642915665 2.49e-19
3.85786910779 2.46e-19
3.85943026883 2.52e-19
3.86087246244 2.57e-19
3.86243605565 2.65e-19
3.86388049695 2.47e-19
3.86544652802 2.56e-19
3.86689322229 2.51e-19
3.86846169692 2.76e-19
3.86991064942 2.67e-19
3.87148157334 2.63e-19
3.87293278937 2.63e-19
3.87450616832 2.54e-19
3.87595965319 2.45e-19
3.87753549292 2.52e-19
3.87899125195 2.49e-19
3.88056955825 2.44e-19
3.88202759679 2.38e-19
3.88360837545 2.37e-19
3.88506869884 2.39e-19
3.88665195568 2.32e-19
3.88811456931 2.24e-19
3.88970031016 2.29e-19
3.89116521941 2.3e-19
3.89275345012 2.3e-19
3.89422066041 2.38e-19
3.89581138684 2.4e-19
3.8972809036 2.43e-19
3.89887413164 2.48e-19
3.90034596031 2.47e-19
3.90194169587 2.41e-19
3.9034158419 2.44e-19
3.9050140909 2.46e-19
3.90649055978 2.35e-19
3.90809132817 2.2e-19
3.90957012538 2.2e-19
3.91117341912 2.33e-19
3.91265455018 2.24e-19
3.91426037526 2.21e-19
3.91574384569 2.15e-19
3.9173522081 2.15e-19
3.91883802346 2.04e-19
3.92044892921 2.17e-19
3.92193709506 2.2e-19
3.9235505502 2.13e-19
3.92504107212 2.16e-19
3.9266570827 2.08e-19
3.9281499663 2.16e-19
3.92976853839 2.14e-19
3.93126378928 2.2e-19
3.93288492898 2.24e-19
3.93438255279 2.24e-19
3.93600626623 2.25e-19
3.93750626862 2.22e-19
3.93913256191 2.2e-19
3.94063494855 2.2e-19
3.94226382786 2.19e-19
3.94376860443 2.02e-19
3.94540007593 2.05e-19
3.94690724815 1.97e-19
3.94854131803 1.94e-19
3.95005089162 2.02e-19
3.95168756609 1.91e-19
3.9531995468 2e-19
3.9548388321 1.89e-19
3.95635322568 1.92e-19
3.95799512805 1.96e-19
3.95951194029 2.03e-19
3.96115646601 2.03e-19
3.9626757027 2.02e-19
3.96432285807 2.07e-19
3.96584452504 2.01e-19
3.96749431636 2.15e-19
3.96901841943 2.2e-19
3.97067085304 2.09e-19
3.97219739808 2.01e-19
3.97385248033 1.96e-19
3.9753814732 1.98e-19
3.97703921046 1.99e-19
3.97857065707 1.92e-19
3.98023105574 2.03e-19
3.98176496198 1.95e-19
3.98342802847 1.92e-19
3.98496440029 1.92e-19
3.98663014104 1.88e-19
3.98816898437 1.82e-19
3.98983740583 1.93e-19
3.99137872666 1.92e-19
3.9930498353 1.85e-19
3.99459363961 1.82e-19
3.99626744194 1.82e-19
3.99781373573 1.78e-19
3.99949023826 1.76e-19
4.00103902757 1.78e-19
4.00271823684 1.88e-19
4.0042695277 1.91e-19
4.00595145028 1.87e-19
4.00750524876 1.91e-19
4.00918989123 1.81e-19
4.01074620342 1.86e-19
4.01243357237 1.84e-19
4.01399240437 1.81e-19
4.01568250644 1.78e-19
4.01724386438 1.74e-19
4.0189367062 1.64e-19
4.02050059622 1.63e-19
4.02219618447 1.61e-19
4.02376261274 1.68e-19
4.0254609541 1.62e-19
4.0270299268 1.66e-19
4.02873102798 1.62e-19
4.03030255132 1.76e-19
4.03200641906 1.69e-19
4.03358049926 1.67e-19
4.03528714032 1.71e-19
4.03686378362 1.66e-19
4.03857320476 1.63e-19
4.04015241743 1.6e-19
4.04186462547 1.6e-19
4.0434464138 1.48e-19
4.04516141554 1.37e-19
4.04674578583 1.6e-19
4.04846358812 1.55e-19
4.0500505467 1.56e-19
4.05177115641 1.59e-19
4.05336070963 1.42e-19
4.05508413365 1.53e-19
4.05667628787 1.52e-19
4.0584025331 1.6e-19
4.05999729472 1.52e-19
4.0617263681 1.55e-19
4.06332374353 1.57e-19
4.06505565201 1.66e-19
4.06665564767 1.54e-19
4.06839039823 1.5e-19
4.06999302059 1.49e-19
4.07173062024 1.58e-19
4.07333587575 1.49e-19
4.07507633151 1.49e-19
4.07668422669 1.58e-19
4.0784275456 1.59e-19
4.08003808695 1.64e-19
4.08178427609 1.54e-19
4.08339747015 1.58e-19
4.08514653661 1.54e-19
4.08676238995 1.51e-19
4.08851434085 1.47e-19
4.09013286003 1.53e-19
4.09188770252 1.59e-19
4.09350889416 1.48e-19
4.09526663538 1.5e-19
4.0968905061 1.47e-19
4.09865115326 1.52e-19
4.10027770971 1.44e-19
4.10204127002 1.32e-19
4.10367051886 1.48e-19
4.10543699954 1.38e-19
4.10706894747 1.36e-19
4.1088383558 1.38e-19
4.11047300952 1.36e-19
4.11224535278 1.3e-19
4.11388271903 1.3e-19
4.11565800452 1.18e-19
4.11729809007 1.22e-19
4.11907632512 1.23e-19
4.12071913674 1.23e-19
4.12250032872 1.21e-19
4.12414587321 1.22e-19
4.12593002949 1.26e-19
4.12757831368 1.18e-19
4.12936544167 1.12e-19
4.1310164724 1.26e-19
4.13280657954 1.17e-19
4.13446036369 1.33e-19
4.13625345742 1.19e-19
4.13791000188 1.26e-19
4.13970608969 1.27e-19
4.14136540137 1.15e-19
4.14316449077 1.19e-19
4.14482657661 1.26e-19
4.14662867512 1.26e-19
4.1482935421 1.21e-19
4.15009865728 1.16e-19
4.15176631237 1.15e-19
4.1535744518 1.25e-19
4.15524490201 1.15e-19
4.1570560733 1.15e-19
4.15872932567 1.19e-19
4.16054353645 1.17e-19
4.16221959803 1.34e-19
4.16403685596 1.36e-19
4.16571573384 1.37e-19
4.1675360466 1.35e-19
4.16921774787 1.26e-19
4.17104112317 1.32e-19
4.17272565497 1.28e-19
4.17455210055 1.22e-19
4.17623947003 1.16e-19
4.17806899364 1.15e-19
4.17975920798 1.09e-19
4.18159181741 1.12e-19
4.1832848838 1.11e-19
4.18512058688 9.44e-20
4.18681651255 1.01e-19
4.1886553171 9.35e-20
4.19035410931 9.62e-20
4.1921960232 8.89e-20
4.19389768921 9.15e-20
4.19574272035 9.35e-20
4.19744726746 1.05e-19
4.19929542375 9.8e-20
4.20100285929 1.01e-19
4.20285414869 9.71e-20
4.20456448 9.71e-20
4.20641891047 9.9e-20
4.20813214493 9.71e-20
4.20998972449 9.71e-20
4.2117058695 9.35e-20
4.21356660616 9.71e-20
4.21528566913 8.85e-20
4.21714957096 9.53e-20
4.21887155935 9.62e-20
4.22073863442 9.15e-20
4.22246355571 8.67e-20
4.22433381214 8.7e-20
4.22606167381 9.25e-20
4.22793511973 9.8e-20
4.22966592932 1.06e-19
4.23154257291 9.71e-20
4.23327633796 1.05e-19
4.2351561874 9.04e-20
4.2368929155 9.99e-20
4.23877597902 1.05e-19
4.24051567776 9.35e-20
4.2424019636 9.35e-20
4.24414464061 9.99e-20
4.24603415706 9.35e-20
4.24777982 1.04e-19
4.24967257536 1.06e-19
4.25142123191 1.11e-19
4.25331723452 1.05e-19
4.25506889238 9.44e-20
4.2569681506 1.04e-19
4.25872281751 8.81e-20
4.26062533973 9.9e-20
4.26238302345 7.82e-20
4.2642888181 9.25e-20
4.26604952642 9.12e-20
4.26795860193 8e-20
4.26972234266 8.07e-20
4.27163470754 8.07e-20
4.27340148851 7.93e-20
4.27531715125 8.18e-20
4.27708698034 8.56e-20
4.27900594948 8.22e-20
4.28077883459 8.26e-20
4.28270111869 8.29e-20
4.28447706774 8.11e-20
4.28640267541 8.04e-20
4.28818169634 8.11e-20
4.2901106362 7.89e-20
4.29189273699 7.82e-20
4.2938250177 7.7e-20
4.29561020636 7.59e-20
4.29754583661 7.55e-20
4.29933412117 7.51e-20
4.30127310967 7.48e-20
4.30306449819 7.62e-20
4.30500685369 7.66e-20
4.30680135425 7.44e-20
4.30874708553 7.26e-20
4.31054470626 7.37e-20
4.31249382213 7.37e-20
4.31429457117 7.48e-20
4.31624708046 7.18e-20
4.31805096598 7.18e-20
4.32000687757 7.37e-20
4.32181390777 7.33e-20
4.32377323056 7.44e-20
4.32558341368 7.37e-20
4.32754615659 7.51e-20
4.32935950088 7.66e-20
4.33132567288 7.62e-20
4.33314218664 7.62e-20
4.33511179672 7.29e-20
4.33693148825 7.48e-20
4.33890454545 7.26e-20
4.34072742311 7.33e-20
4.34270393647 7.26e-20
4.34453000863 7.1e-20
4.34650998725 7.22e-20
4.34833926231 6.92e-20
4.35032271531 6.99e-20
4.35215520171 6.99e-20
4.35414213823 6.88e-20
4.35597784444 6.81e-20
4.35796827368 6.77e-20
4.35980720818 6.73e-20
4.36180113936 6.55e-20
4.36364331068 6.59e-20
4.36564075304 6.25e-20
4.36748616973 7.59e-20
4.36948713255 6.21e-20
4.3713358032 6.4e-20
4.37334029581 6.14e-20
4.37519222903 5.96e-20
4.37720026077 5.96e-20
4.3790554652 5.73e-20
4.38106704545 5.58e-20
4.38292552977 5.4e-20
4.38494066795 5.54e-20
4.38680244087 5.32e-20
4.38882114641 5.32e-20
4.39068621667 5.47e-20
4.39270849907 5.54e-20
4.39457687542 5.24e-20
4.39660274419 5.36e-20
4.39847443544 5.47e-20
4.40050390013 5.65e-20
4.40237891511 5.76e-20
4.4044119853 5.92e-20
4.40629033287 5.65e-20
4.40832701818 5.65e-20
4.41020870722 5.51e-20
4.4122490173 5.58e-20
4.41413405676 5.36e-20
4.41617800129 5.29e-20
4.41806640011 5.47e-20
4.42011398881 5.32e-20
4.42200575598 5.29e-20
4.42405699862 5.54e-20
4.42595214316 5.24e-20
4.42800704951 5.54e-20
4.42990558047 5.51e-20
4.43196416036 5.76e-20
4.43386608684 5.47e-20
4.43592835013 5.58e-20
4.43783368123 5.51e-20
4.43989963782 5.24e-20
4.4418083827 4.91e-20
4.44387804252 5.02e-20
4.44579021035 5.2e-20
4.44786358336 4.76e-20
4.44977918337 4.8e-20
4.45185627958 4.87e-20
4.45377532101 4.61e-20
4.45585615045 4.87e-20
4.45777864258 4.69e-20
4.45986321533 4.8e-20
4.46178916749 4.46e-20
4.46387749365 4.57e-20
4.46580691518 4.28e-20
4.46789900491 4.28e-20
4.46983190519 4.43e-20
4.47192776866 4.21e-20
4.47386415712 4.28e-20
4.47596380456 4.24e-20
4.47790369063 4.43e-20
4.48000713229 4.1e-20
4.48195052547 4.24e-20
4.48405777165 4.17e-20
4.48600468146 4.1e-20
4.48811574249 4.13e-20
4.49006617847 3.98e-20
4.49218106472 3.94e-20
4.49413503647 3.94e-20
4.49625375834 3.98e-20
4.49821127549 4.1e-20
4.50033384342 4.13e-20
4.50229491562 4.01e-20
4.5044213401 4.06e-20
4.50638597704 4.06e-20
4.50851626859 4.01e-20
4.51048448 4.21e-20
4.51261864918 3.83e-20
4.51459044482 4.01e-20
4.51672850223 3.83e-20
4.51870389191 4.01e-20
4.52084584818 4.01e-20
4.52282484173 3.9e-20
4.52497070753 3.65e-20
4.52695331482 3.9e-20
4.52910310087 3.79e-20
4.53108933181 3.65e-20
4.53324304886 3.72e-20
4.53523291339 3.79e-20
4.53739057223 3.65e-20
4.53938408034 3.68e-20
4.5415456918 3.79e-20
4.5435428535 3.72e-20
4.54570842846 3.31e-20
4.54770925379 3.31e-20
4.54987880316 3.2e-20
4.55188330223 3.43e-20
4.55405683696 2.94e-20
4.55606501989 3.16e-20
4.55824255096 3.09e-20
4.56025442792 3.01e-20
4.56243596637 2.9e-20
4.56445154755 2.9e-20
4.56663710446 2.83e-20
4.56865640011 2.83e-20
4.57084598659 3.12e-20
4.57286900698 3.16e-20
4.57506263418 3.05e-20
4.57708938963 2.71e-20
4.57928706874 2.98e-20
4.5813175696 3.05e-20
4.58351931187 2.98e-20
4.58555356854 3.16e-20
4.58775938524 2.98e-20
4.58979740814 3.12e-20
4.5920073106 3.12e-20
4.5940491102 3.05e-20
4.59626310978 2.9e-20
4.59830869659 2.98e-20
4.60052680468 2.87e-20
4.60257618926 2.98e-20
4.60479841732 3.01e-20
4.60685161023 3.12e-20
4.60907796975 2.79e-20
4.61113498164 2.68e-20
4.61336548414 2.87e-20
4.61542632566 2.79e-20
4.61766098273 2.79e-20
4.61972566459 2.79e-20
4.62196448784 2.64e-20
4.62403302078 2.35e-20
4.62627602187 2.38e-20
4.62834841669 2.49e-20
4.63059560733 2.53e-20
4.63267187484 2.38e-20
4.63492326677 2.42e-20
4.63700341784 2.79e-20
4.63925902287 2.49e-20
4.6413430684 2.53e-20
4.64360289836 2.42e-20
4.6456908493 2.57e-20
4.64795491607 2.2e-20
4.65004678342 1.97e-20
4.65231509892 2.24e-20
4.65441089369 2.08e-20
4.6566834699 1.86e-20
4.65878320318 2.15e-20
4.66106005211 2.38e-20
4.663163735 2.27e-20
4.66544486872 2.35e-20
4.66755251237 2.24e-20
4.66983794298 2.49e-20
4.6719495586 2.46e-20
4.67423929825 2.68e-20
4.67635489708 2.46e-20
4.67864895797 2.04e-20
4.68076855128 2.35e-20
4.68306694565 2.27e-20
4.68519054477 2.57e-20
4.68749328492 1.82e-20
4.68962090121 2.38e-20
4.69192799948 1.82e-20
4.69405964435 2.12e-20
4.69637111311 2.08e-20
4.69850679802 1.93e-20
4.70082264971 1.75e-20
4.70296238616 2.04e-20
4.70528263325 1.86e-20
4.70742643277 2.04e-20
4.7097510878 2.35e-20
4.71189896197 2.42e-20
4.7142280375 2.24e-20
4.71637999795 2.01e-20
4.71871350661 1.68e-20
4.72086956502 2.12e-20
4.72320751947 1.68e-20
4.72536768756 2.01e-20
4.72771010052 1.97e-20
4.72987439004 1.79e-20
4.73222127428 2.04e-20
4.73438969704 2.01e-20
4.73674106538 1.45e-20
4.73891363323 1.57e-20
4.74126949852 1.97e-20
4.74344622336 1.52e-20
4.74580659852 1.41e-20
4.74798749229 1.52e-20
4.75035239028 1.64e-20
4.75253746497 1.93e-20
4.7549068988 1.71e-20
4.75709616645 1.6e-20
4.75947014918 1.52e-20
4.76166362187 1.41e-20
4.76404216662 1.9e-20
4.76623985646 1.71e-20
4.76862297639 1.9e-20
4.77082489558 1.75e-20
4.7732126039 2.04e-20
4.77541876463 2.27e-20
4.77781107461 1.37e-20
4.78002148917 2.08e-20
4.78241841413 1.41e-20
4.78463309483 1.75e-20
4.78703464812 1.9e-20
4.78925360732 1.12e-20
4.79165980237 2.35e-20
4.79388305248 1.57e-20
4.79629390275 2.15e-20
4.79852145624 1.48e-20
4.80093697526 1.57e-20
4.80316884462 1.79e-20
4.80558904598 1.64e-20
4.80782524376 1.71e-20
4.81025014108 1.52e-20
4.8124906799 1.15e-20
4.81492028684 1.01e-20
4.81716517935 1.41e-20
4.81959950967 1.79e-20
4.82184876857 1.3e-20
4.82428783604 1.34e-20
4.82654147408 1.08e-20
4.82898529255 9.71e-21
4.83124332253 1.57e-20
4.8336919059 2.04e-20
4.83595434067 1.48e-20
4.83840770288 1.75e-20
4.84067455535 2.08e-20
4.8431327104 1.08e-20
4.84540399352 1.52e-20
4.84786695547 1.41e-20
4.85014268224 1.19e-20
4.85261046521 1.71e-20
4.85489064869 1.48e-20
4.85736326684 1.68e-20
4.85964792013 8.92e-21
4.86212538769 1.45e-20
4.86441452394 1.3e-20
4.8668968552 2.08e-20
4.86919048762 1.57e-20
4.8716776969 1.45e-20
4.87397583875 1.04e-20
4.87646794046 1.75e-20
4.87877060505 1.48e-20
4.88126761363 2.08e-20
4.88357481433 2.01e-20
4.88607674428 1.45e-20
4.88838849451 6.7e-21
4.8908953604 1.41e-20
4.89321167362 1.45e-20
4.89572349008 1.34e-20
4.89804437981 1.19e-20
4.90056116151 2.2e-20
4.90288664134 1.75e-20
4.90540840302 1.23e-20
4.90773848657 1.64e-20
4.91026524302 1.57e-20
4.91259994398 1.57e-20
4.91513171006 1.23e-20
4.91747104217 8.56e-21
4.92000783279 8.92e-21
4.92235180984 1.37e-20
4.92489363997 1.3e-20
4.92724227581 7.06e-21
4.92978916049 1.12e-20
4.93214246902 1.48e-20
4.93469442333 1.26e-20
4.93705241852 1.15e-20
4.93960945762 1.37e-20
4.94197215347 1.41e-20
4.94453429257 1.23e-20
4.94690170316 1.41e-20
4.94946895753 1.48e-20
4.95184109698 1.64e-20
4.95441348197 1.86e-20
4.95679036446 1.41e-20
4.95936789545 2.83e-20
4.96174953523 1.64e-20
4.96433222768 2.98e-20
4.96671863903 3.5e-20
4.96930650847 4.06e-20
4.97169770576 5.65e-20
4.97429076775 6.73e-20
4.97668676539 3.9e-20
4.97928503559 1.37e-20
4.98168584805 8.56e-21
4.98428934216 1.45e-20
4.98669498396 1.41e-20
4.98930371775 1.45e-20
4.99171420349 1.01e-20
4.9943281928 1.45e-20
4.99674353711 1.01e-20
4.99936279783 7.82e-21
5.00178301542 9.71e-21
5.00440756352 1.19e-20
5.00683266915 1.45e-20
5.00946252065 1.86e-20
5.01189252915 1.48e-20
5.01452770015 1.26e-20
5.0169626264 1.6e-20
5.01960313304 1.82e-20
5.02204299199 2.01e-20
5.0246888505 1.86e-20
5.02713365715 2.2e-20
5.02978488382 3.05e-20
5.03223465323 2.87e-20
5.03489126441 3.27e-20
5.03734601171 4.06e-20
5.04000802383 4.35e-20
5.0424677642 2.6e-20
5.04513519374 2.04e-20
5.04759994244 1.71e-20
5.05027280596 2.2e-20
5.0527425783 3.12e-20
5.0554208924 2.64e-20
5.05789570376 3.79e-20
5.06057948515 4.35e-20
5.06305935096 5.09e-20
5.06574861639 3.83e-20
5.06823355215 2.42e-20
5.07092831845 1.79e-20
5.07341833973 2.35e-20
5.0761186238 2.57e-20
5.07861374621 2.2e-20
5.08131956501 2.57e-20
5.08381980426 1.9e-20
5.08653117482 2.23e-20
5.08903654666 2.3e-20
5.09175348609 2.97e-20
5.09426400634 3.23e-20
5.09698653181 4.01e-20
5.09950221635 3.76e-20
5.10223034511 3.7e-20
5.10475120991 4.05e-20
5.10748495927 4.98e-20
5.11001102033 6.33e-20
5.11275040768 7.16e-20
5.11528168109 8.65e-20
5.11802672389 8.41e-20
5.1205632258 6.91e-20
5.12331394158 4.43e-20
5.1258556882 2.42e-20
5.12861209457 1.57e-20
5.13115910219 1.77e-20
5.13392121682 8.15e-21
5.13647350179 1.5e-20
5.13924134243 8.37e-21
5.14179892117 1.15e-20
5.14457250565 1.57e-20
5.14713539465 1.59e-20
5.14991474086 1.78e-20
5.15248295666 1.54e-20
5.15526808259 2.2e-20
5.15784164183 2.8e-20
5.1606325655 3.41e-20
5.16321148487 3.26e-20
5.16600822443 3.96e-20
5.16859252069 4.42e-20
5.17139509432 5.18e-20
5.1739847843 5.73e-20
5.17679321028 6.19e-20
5.1793883109 7.14e-20
5.18220260757 7.13e-20
5.18480313579 6.72e-20
5.1876233216 4.95e-20
5.19022929447 4.16e-20
5.1930553879 4.55e-20
5.19566682254 5.18e-20
5.19849884219 5.36e-20
5.20111575578 6.23e-20
5.2039537203 6.75e-20
5.20657613011 7.45e-20
5.20942005824 8.45e-20
5.2120479816 9.32e-20
5.21489789216 1e-19
5.21753134647 1.06e-19
5.22038725837 1.05e-19
5.22302626111 9.95e-20
5.22588819331 9.3e-20
5.22853276204 9e-20
5.2314007336 8.71e-20
5.23405088594 8.64e-20
5.236924916 8.87e-20
5.23958066966 9.1e-20
5.24246077743 9.21e-20
5.24512215019 8.57e-20
5.24800835497 8.04e-20
5.25067536468 7.63e-20
5.25356768586 8.15e-20
5.25624035044 9.07e-20
5.25913880747 9.65e-20
5.26181714494 1.12e-19
5.26472175738 1.2e-19
5.2674057858 1.21e-19
5.27031657327 1.07e-19
5.27300631082 8.82e-20
5.27592329303 8.58e-20
5.27861875793 7.3e-20
5.28154195468 6.2e-20
5.28424316525 6.02e-20
5.28717259643 6.65e-20
5.28987957105 7.29e-20
5.29281525662 7.46e-20
5.29552801376 7.45e-20
5.29846997377 7.62e-20
5.30118853199 7.91e-20
5.30413678658 8.25e-20
5.3068611645 9.17e-20
5.30981573388 1e-19
5.31254595022 1.1e-19
5.31550685471 1.21e-19
5.31824292825 1.31e-19
5.32121018825 1.37e-19
5.32395213785 1.48e-19
5.32692577384 1.55e-19
5.32967361846 1.59e-19
5.33265365102 1.6e-19
5.33540740968 1.53e-19
5.33839385947 1.49e-19
5.34115355129 1.47e-19
5.34414643906 1.52e-19
5.34691208324 1.52e-19
5.34991142983 1.6e-19
5.35268304564 1.61e-19
5.35568887197 1.68e-19
5.35846647879 1.72e-19
5.36147880589 1.75e-19
5.36426242315 1.74e-19
5.36728127213 1.76e-19
5.37007091936 1.67e-19
5.37309631143 1.65e-19
5.37589200825 1.6e-19
5.37892396469 1.5e-19
5.3817257308 1.53e-19
5.38476427302 1.47e-19
5.3875721282 1.4e-19
5.39061727766 1.38e-19
5.39343124179 1.27e-19
5.39648302007 1.27e-19
5.3993031131 1.25e-19
5.40236154188 1.25e-19
5.40518778386 1.28e-19
5.40825288489 1.35e-19
5.41108529595 1.42e-19
5.4141570911 1.45e-19
5.41699569146 1.54e-19
5.42007420268 1.53e-19
5.42291901265 1.62e-19
5.42600426198 1.66e-19
5.42885530196 1.68e-19
5.43194731155 1.58e-19
5.43480460203 1.64e-19
5.43790339413 1.66e-19
5.44076695569 1.61e-19
5.44387255263 1.59e-19
5.44674240593 1.58e-19
5.44985483016 1.72e-19
5.45273099596 1.77e-19
5.45585027002 1.89e-19
5.45873276917 1.97e-19
5.46185891569 2.07e-19
5.46474776914 2.22e-19
5.46788081086 2.34e-19
5.47077603963 2.46e-19
5.47391599939 2.56e-19
5.47681762462 2.6e-19
5.47996452536 2.66e-19
5.48287256827 2.61e-19
5.48602643302 2.49e-19
5.48894091492 2.35e-19
5.49210176683 2.27e-19
5.49502270913 2.09e-19
5.49819057145 2.01e-19
5.50111799566 1.91e-19
5.50429289173 1.82e-19
5.50722681945 1.76e-19
5.51040877272 1.8e-19
5.51334922564 1.81e-19
5.51653825968 1.8e-19
5.51948525959 1.9e-19
5.52268139805 1.87e-19
5.52563496685 2.01e-19
5.5288382335 2.02e-19
5.53179839317 1.99e-19
5.53500881188 1.94e-19
5.53797558452 1.92e-19
5.54119317927 1.93e-19
5.54416658705 1.89e-19
5.54739138193 1.94e-19
5.55037144714 1.94e-19
5.55360346635 1.97e-19
5.55659021137 1.97e-19
5.5598294792 2.07e-19
5.56282292652 2.16e-19
5.56606946739 2.23e-19
5.56906963959 2.3e-19
5.57232347803 2.27e-19
5.5753303978 2.35e-19
5.57859155843 2.49e-19
5.58160524856 2.5e-19
5.58487375614 2.56e-19
5.58789423951 2.63e-19
5.59117011888 2.6e-19
5.5941974185 2.66e-19
5.59748069464 2.68e-19
5.6005148336 2.63e-19
5.60380553158 2.66e-19
5.60684653309 2.67e-19
5.61014467811 2.67e-19
5.61319256547 2.64e-19
5.61649818284 2.55e-19
5.61955297948 2.49e-19
5.62286609461 2.37e-19
5.62592782404 2.28e-19
5.62924846248 2.2e-19
5.63231714833 2.23e-19
5.63564533574 2.16e-19
5.63872100174 2.13e-19
5.64205676388 2.08e-19
5.64513943388 2.06e-19
5.64848279664 2.01e-19
5.65157249459 2.06e-19
5.65492348398 2.12e-19
5.65802023393 2.09e-19
5.66137887608 2.13e-19
5.66448270222 2.26e-19
5.66784902337 2.27e-19
5.67095994997 2.32e-19
5.67433397649 2.26e-19
5.67745202794 2.28e-19
5.68083378631 2.28e-19
5.68395898713 2.26e-19
5.68734850395 2.36e-19
5.69048087875 2.41e-19
5.69387818077 2.45e-19
5.69701775427 2.54e-19
5.70042286833 2.54e-19
5.70356966539 2.61e-19
5.70698261847 2.67e-19
5.71013666404 2.7e-19
5.71355748324 2.69e-19
5.71671880239 2.68e-19
5.72014751493 2.68e-19
5.72331613286 2.62e-19
5.72675276611 2.6e-19
5.72992870812 2.61e-19
5.73337328954 2.57e-19
5.73655658105 2.55e-19
5.74000913825 2.49e-19
5.74319980481 2.43e-19
5.74666036553 2.28e-19
5.74985843279 2.21e-19
5.75332702488 2.14e-19
5.75653251863 2.12e-19
5.76000917009 2.2e-19
5.76322211622 2.12e-19
5.76670685517 2.15e-19
5.7699272797 2.27e-19
5.7734201344 2.27e-19
5.77664806347 2.29e-19
5.78014906229 2.25e-19
5.78338452217 2.24e-19
5.78689369364 2.23e-19
5.7901367107 2.28e-19
5.79365408347 2.27e-19
5.79690468423 2.33e-19
5.80043028707 2.4e-19
5.80368849816 2.42e-19
5.80722236001 2.41e-19
5.81048820818 2.42e-19
5.81403035809 2.45e-19
5.81730387023 2.53e-19
5.82085433738 2.6e-19
5.8241355405 2.65e-19
5.82769435423 2.68e-19
5.83098327546 2.65e-19
5.83455046523 2.58e-19
5.83784713185 2.52e-19
5.84142272727 2.49e-19
5.84472716665 2.45e-19
5.84831119746 2.42e-19
5.85162343714 2.4e-19
5.85521593323 2.33e-19
5.85853600086 2.33e-19
5.86213699226 2.24e-19
5.86546491561 2.17e-19
5.86907443248 2.12e-19
5.87241023948 2.13e-19
5.87602831214 2.07e-19
5.87937203083 1.99e-19
5.88299868974 1.98e-19
5.8863503483 1.99e-19
5.88998562405 1.96e-19
5.89334525079 1.92e-19
5.89698917414 1.94e-19
5.90035679752 1.98e-19
5.90400939934 2.01e-19
5.90738504794 2.11e-19
5.91104635929 2.09e-19
5.91443006183 2.05e-19
5.9181001139 2.14e-19
5.92149189924 2.16e-19
5.92517072336 2.21e-19
5.92857062049 2.22e-19
5.93225824814 2.22e-19
5.9356662862 2.24e-19
5.93936274904 2.25e-19
5.9427789573 2.3e-19
5.94648428711 2.34e-19
5.94990869499 2.34e-19
5.95362292371 2.28e-19
5.95705556077 2.35e-19
5.96077872049 2.19e-19
5.96421961642 2.12e-19
5.96795173941 2.01e-19
5.97140092406 2.01e-19
5.97514204271 1.96e-19
5.97859954606 1.89e-19
5.98234969294 1.87e-19
5.98581554513 1.81e-19
5.98957475296 1.77e-19
5.99304898425 1.83e-19
5.99681728591 1.72e-19
6.00029992674 1.75e-19
6.00407735526 1.72e-19
6.0075684362 1.75e-19
6.01135502479 1.77e-19
6.01485457654 1.75e-19
6.01865035855 1.72e-19
6.022158412 1.71e-19
6.02596342096 1.74e-19
6.02948000711 1.79e-19
6.0332942767 1.78e-19
6.03681942673 1.9e-19
6.0406429908 1.93e-19
6.04417673603 1.86e-19
6.0480096286 1.92e-19
6.0515520005 1.84e-19
6.05539425574 1.85e-19
6.05894528594 1.84e-19
6.0627969382 1.81e-19
6.06635665849 1.76e-19
6.07021774229 1.79e-19
6.0737861846 1.75e-19
6.07765673462 1.75e-19
6.08123393105 1.58e-19
6.08511398215 1.56e-19
6.08869996495 1.63e-19
6.09258955215 1.59e-19
6.09618435373 1.48e-19
6.10008351224 1.48e-19
6.10368716518 1.41e-19
6.10759593036 1.43e-19
6.11120846738 1.47e-19
6.11512687478 1.41e-19
6.11874832879 1.39e-19
6.12267641413 1.4e-19
6.12630681817 1.4e-19
6.13024461737 1.35e-19
6.13388400466 1.3e-19
6.13783155377 1.45e-19
6.14147995771 1.45e-19
6.145437293 1.46e-19
6.14909474712 1.42e-19
6.15306190502 1.37e-19
6.15672844305 1.51e-19
6.16070546018 1.46e-19
6.16438111601 1.5e-19
6.16836802916 1.45e-19
6.17205283683 1.45e-19
6.176049683 1.49e-19
6.17974367673 1.43e-19
6.18375049308 1.34e-19
6.18745370727 1.31e-19
6.19147053115 1.35e-19
6.19518300036 1.36e-19
6.19920986931 1.25e-19
6.20293162829 1.25e-19
6.20696858004 1.29e-19
6.21069966369 1.14e-19
6.21474673615 1.24e-19
6.21848717957 1.13e-19
6.22254441085 1.22e-19
6.22629424929 1.21e-19
6.2303616777 1.18e-19
6.23412094661 1.18e-19
6.23819861063 1.26e-19
6.24196734563 1.23e-19
6.24605528394 1.28e-19
6.24983352083 1.24e-19
6.25393177232 1.26e-19
6.25771954708 1.34e-19
6.26182815082 1.23e-19
6.26562549961 1.24e-19
6.26974449488 1.24e-19
6.27355145404 1.3e-19
6.27768088031 1.23e-19
6.28149748638 1.2e-19
6.28563738333 1.23e-19
6.28946367302 1.26e-19
6.29361408052 1.2e-19
6.29745009073 1.24e-19
6.30161104885 1.21e-19
6.30545681667 1.29e-19
6.30962836571 1.28e-19
6.31348392841 1.14e-19
6.31766610885 1.2e-19
6.32153150391 1.18e-19
6.32572435644 1.18e-19
6.32959962151 1.12e-19
6.33380318703 1.09e-19
6.33768835998 1.11e-19
6.3419026796 1.08e-19
6.34579779845 1.23e-19
6.35002291351 1.22e-19
6.35392801651 1.19e-19
6.35816396852 1.21e-19
6.36207909412 1.32e-19
6.36632592484 1.34e-19
6.37025111166 1.37e-19
6.37450886304 1.34e-19
6.37844414992 1.24e-19
6.38271286415 1.27e-19
6.38665829013 1.27e-19
6.3909380096 1.24e-19
6.3948936139 1.07e-19
6.39918438122 1.24e-19
6.40315020329 1.22e-19
6.4074520613 1.23e-19
6.41142814077 1.32e-19
6.41574113253 1.18e-19
6.41972750925 1.23e-19
6.42405167804 1.25e-19
6.42804839207 1.26e-19
6.43238378139 1.28e-19
6.43639087298 1.35e-19
6.44073752656 1.32e-19
6.44475503619 1.35e-19
6.44911299798 1.24e-19
6.45314096634 1.32e-19
6.45751028053 1.35e-19
6.4615487485 1.3e-19
6.46592945952 1.45e-19
6.4699784682 1.38e-19
6.47437062069 1.42e-19
6.47843021142 1.42e-19
6.48283385026 1.42e-19
6.48690406457 1.29e-19
6.49131923488 1.42e-19
6.49540011453 1.4e-19
6.49982686166 1.37e-19
6.50391844863 1.37e-19
6.50835681817 1.27e-19
6.51245915465 1.3e-19
6.51690919244 1.37e-19
6.52102232084 1.38e-19
6.52548407296 1.47e-19
6.52960803593 1.45e-19
6.53408154868 1.47e-19
6.53821638908 1.43e-19
6.54270170903 1.45e-19
6.54684746997 1.47e-19
6.55134464392 1.5e-19
6.5555013687 1.45e-19
6.56001044371 1.5e-19
6.56417817589 1.38e-19
6.56869919927 1.4e-19
6.57287798262 1.4e-19
6.57741100192 1.32e-19
6.58160088047 1.37e-19
6.58614594349 1.37e-19
6.59034696147 1.43e-19
6.59490411629 1.43e-19
6.59911631819 1.4e-19
6.60368561311 1.27e-19
6.60790904366 1.35e-19
6.61249052726 1.42e-19
6.61672523141 1.3e-19
6.62131895253 1.38e-19
6.62556497548 1.31e-19
6.63017098322 1.3e-19
6.63442837041 1.24e-19
6.63904671412 1.37e-19
6.64331551124 1.35e-19
6.64794624055 1.2e-19
6.65222649352 1.17e-19
6.65686965832 1.39e-19
6.66116141332 1.38e-19
6.66581706377 1.35e-19
6.67012036724 1.32e-19
6.67478855377 1.19e-19
6.67910345236 1.36e-19
6.68378422567 1.23e-19
6.68811076633 1.23e-19
6.69280417739 1.35e-19
6.69714240729 1.29e-19
6.70184850736 1.3e-19
6.8880109659 3.16e-18
7.08481127921 5.2e-18
7.29318808154 8.2e-18
7.51419378098 7.85e-18
7.74901233664 7.4e-18
7.84710110039 7.05e-18
7.94770496065 7.5e-18
8.0509219082 7.7e-18
8.1568550912 1e-17
8.26561315908 5.4e-18
8.3773106342 5.2e-18
8.49206831412 6.15e-18
8.61001370738 9.5e-18
8.73128150607 6.5e-18
8.85601409901 5.6e-18
8.98436212944 5.15e-18
9.11648510193 4.28e-18
9.25255204375 5.75e-18
9.39274222623 3.16e-18
9.53724595279 6.7e-18
9.6862654208 1.45e-17
9.84001566557 1.49e-17
9.99872559566 8.85e-18
10.16263913 5.16e-18
10.3320164489 3.67e-18
10.5071353717 4.03e-18
10.6882928781 3.72e-18
10.8758067883 5.6e-18
11.0700176238 5.95e-18
11.2712906715 6.5e-18
11.4800182765 4.68e-18
13.1898082326 0.0
13.5501855067 0.0
19.8121120783 0.0
49.8729675729 0.0
101.876908288 0.0
199.652491765 0.0
407.84275456 0.0
426.062533973 0.0
504.000802383 0.0
525.356768586 0.0
548.602643302 0.0
984.001566557 0.0
1999.74511913 0.0
5166.00822443 0.0
11271.2906715 0.0
20664.0328977 0.0
