#xsec (eV,cm2) for NO2 -> NO + O
1.01283033864 0.0
1.03882025108 0.0
1.06547708229 0.0
1.09281794584 0.0
1.12086039446 0.0
1.14962243131 0.0
1.1791225215 0.0
1.20937960399 0.0
1.2404131037 0.0
1.27224294404 0.0
1.30488955964 0.0
1.3383739095 0.0
1.37271749046 0.0
1.40794235097 0.0
1.44407110525 0.0
1.48112694784 0.0
1.51913366844 0.0
1.55811566724 0.0
1.59809797053 0.0
1.6391062468 0.0
1.68116682321 0.0
1.7243067025 0.0
1.7685535803 0.0
1.81393586296 0.0
1.86048268573 0.0
1.9082239315 0.0
1.95719024997 0.0
2.00741307733 0.0
2.05892465645 0.0
2.11175805759 0.0
2.16594719958 0.0
2.22152687165 0.0
2.27853275575 0.0
2.33700144945 0.0
2.39697048942 0.0
2.45847837558 0.0
2.52156459575 0.0
2.58626965106 0.0
2.65263508191 0.0
2.72070349466 0.0
2.79051858899 0.0
2.86212518592 0.0
2.93556925662 0.0
3.01089795192 0.0
3.08815963256 2.79997468552e-19
3.16740390025 5.48062109336e-19
3.24868162952 5.53521053309e-19
3.33204500037 5.60398528722e-19
3.41754753178 5.2254046791e-19
3.50524411605 4.54249988738e-19
3.59519105407 4.02651637024e-19
3.68744609143 3.47859981283e-19
3.78206845554 2.81112623935e-19
3.87911889359 2.371853893e-19
3.97865971161 1.90400762907e-19
4.08075481444 1.41866839189e-19
4.18546974675 1.11512189534e-19
4.29287173515 8.76040958194e-20
4.40302973131 5.92119115435e-20
4.51601445626 3.94325641086e-20
4.63189844577 2.64541253074e-20
4.75075609694 1.77749843574e-20
4.87266371593 1.34635995806e-20
4.997699567 2.88228844729e-20
5.12594392268 4.3639399135e-20
5.25747911539 9.53981835859e-20
5.39238959022 1.75795665558e-19
5.53076195922 2.33286547605e-19
5.67268505691 2.50224624162e-19
5.81824999742 2.15411374443e-19
5.96755023288 1.90848831786e-19
6.1206816135 1.57876670646e-19
6.27774244906 1.24144189362e-19
6.43883357203 1.29212692914e-19
6.60405840233 1.30424284914e-19
6.77352301366 1.40808212596e-18
6.9473362017 3.69019575092e-18
7.12560955386 5.88707841152e-18
7.30845752098 7.55806416655e-18
7.49599749077 7.86604748475e-18
7.68834986321 7.48591450824e-18
7.88563812779 7.42111436209e-18
8.08798894286 8.07627180217e-18
8.29553221689 6.98609838797e-18
8.5084011919 7.3701525912e-18
8.72673252897 7.54126146811e-18
8.95066639602 5.18021447281e-18
9.18034655777 4.78035766759e-18
9.41592046802 5.7926602984e-18
9.65753936436 1.06967075144e-17
9.90535836521 1.14353240352e-17
10.1595365695 6.09111862892e-18
10.4202371586 4.00397760571e-18
10.6876275014 4.51177248494e-18
10.9618792615 5.55234242548e-18
11.2431685075 5.76864183884e-18
11.5316758261 4.8210398326e-18
11.8275864379 3.72864396392e-18
12.1310903163 2.89789972765e-18
12.4423823099 2.04583803163e-18
