#xsec (eV,cm2) for NO2 -> NO + O(1D)
3.11713884063 0.0
3.11807955602 0.0
3.11909930531 0.0
3.12004120455 0.0
3.12106223754 0.0
3.12200532285 0.0
3.12302764197 0.0
3.1239719156 0.0
3.12499552328 0.0
3.12594098747 0.0
3.12696588616 0.0
3.12791254317 0.0
3.1289387353 0.0
3.12988658739 0.0
3.13091407541 0.0
3.13186312484 0.0
3.13289191121 0.0
3.13384216026 0.0
3.13487224744 0.0
3.13582369837 0.0
3.13685508884 0.0
3.13780774394 0.0
3.13884044016 0.0
3.13979430172 0.0
3.14082830617 0.0
3.14178337648 0.0
3.14281869167 0.0
3.14377497303 0.0
3.14481160143 0.0
3.14576909614 0.0
3.14680704026 0.0
3.14776575064 0.0
3.14880501298 0.0
3.14976494135 0.0
3.15080552443 0.0
3.15176667309 0.0
3.15280857943 0.0
3.15377095073 0.0
3.15481418286 0.0
3.15577777912 0.0
3.15682233956 0.0
3.15778716314 0.0
3.15883305443 0.0
3.15979910766 0.0
3.16084633234 0.0
3.16181361758 0.0
3.16286217822 0.0
3.16383069782 0.0
3.16488059697 0.0
3.1658503533 0.0
3.16690159352 0.0
3.16787258895 0.0
3.16892517281 0.0
3.16989740972 0.0
3.1709513398 0.0
3.17192482056 0.0
3.17298009946 0.0
3.17395482647 0.0
3.17501145675 0.0
3.1759874324 0.0
3.17704541669 0.0
3.17802264338 0.0
3.17908198426 0.0
3.1800604644 0.0
3.1811211645 0.0
3.1821009005 0.0
3.18316296242 0.0
3.18414395671 0.0
3.18520738308 0.0
3.18618963807 0.0
3.18725443152 0.0
3.18823794966 0.0
3.18930411283 0.0
3.19028889654 0.0
3.19135643208 0.0
3.19234248381 0.0
3.19341139436 0.0
3.19439871657 0.0
3.1954690048 0.0
3.19645759993 0.0
3.1975292685 0.0
3.19851913903 0.0
3.19959219061 0.0
3.200583339 0.0
3.20165777627 0.0
3.202650205 0.0
3.20372603065 0.0
3.2047197422 0.0
3.20579695892 0.0
3.20679195578 0.0
3.20787056627 0.0
3.20886685093 0.0
3.2099468579 0.0
3.21094443286 0.0
3.21202583902 0.0
3.21302470681 0.0
3.21410751487 0.0
3.21510767799 0.0
3.21619189069 0.0
3.21719335166 0.0
3.21827897174 0.0
3.21928173308 0.0
3.22036876328 0.0
3.22137282754 0.0
3.2224612706 0.0
3.22346664031 0.0
3.22455649899 0.0
3.22556317671 0.0
3.22665445377 0.0
3.22766244204 0.0
3.22875514027 0.0
3.22976444165 0.0
3.23085856381 0.0
3.23186918088 0.0
3.23296472976 0.0
3.23397666509 0.0
3.23507364348 0.0
3.23608689965 0.0
3.23718531034 0.0
3.23819988994 0.0
3.23929973576 0.0
3.24031564138 0.0
3.24141692513 0.0
3.24243415938 0.0
3.24353688388 0.0
3.24455544936 0.0
3.24565961744 0.0
3.24667951676 0.0
3.24778513127 0.0
3.24880636706 0.0
3.24991343083 0.0
3.25093600572 0.0
3.25204452161 0.0
3.25306843823 0.0
3.25417840909 0.0
3.25520367009 0.0
3.25631509878 0.0
3.25734170681 0.0
3.25845459622 0.0
3.25948255393 0.0
3.26059690694 0.0
3.26162621698 0.0
3.26274203648 0.0
3.26377270154 0.0
3.26488999042 0.0
3.26592201318 0.0
3.26704077434 0.0
3.26807415747 0.0
3.26919439384 0.0
3.27022914004 0.0
3.27135085452 0.0
3.27238696649 0.0
3.27351016201 0.0
3.27454764245 0.0
3.27567232196 0.0
3.27671117359 0.0
3.27783734002 0.0
3.27887756555 0.0
3.28000522186 0.0
3.28104682402 0.0
3.28217597316 0.0
3.2832189547 0.0
3.28434959963 0.0
3.28539396328 0.0
3.28652610699 0.0
3.28757185549 0.0
3.28870550096 0.0
3.28975263708 0.0
3.29088778729 0.0
3.29193631379 0.0
3.29307297175 0.0
3.29412289139 0.0
3.2952610601 0.0
3.29631237567 0.0
3.29745205814 0.0
3.29850477243 0.0
3.29964597169 0.0
3.30070008749 0.0
3.30184280656 0.0
3.30289832666 0.0
3.30404256859 0.0
3.30509949581 0.0
3.30624526363 0.0
3.30730360078 0.0
3.30845089756 0.0
3.30951064747 0.0
3.31065947627 0.0
3.31172064176 0.0
3.31287100564 0.0
3.31393358956 0.0
3.31508549161 0.0
3.3161494968 0.0
3.3173029401 0.0
3.31836836941 0.0
3.31952335706 0.0
3.32059021335 0.0
3.32174674846 0.0
3.3228150346 0.0
3.32397312027 0.0
3.32504283915 0.0
3.3262024785 0.0
3.32727363299 0.0
3.32843482916 0.0
3.32950742216 0.0
3.33067017827 0.0
3.33174421267 0.0
3.33290853189 0.0
3.3339840106 0.0
3.33514989606 0.0
3.33622682201 0.0
3.33739427688 0.0
3.33847265298 0.0
3.33964168044 0.0
3.34072150961 0.0
3.34189211284 0.0
3.34297339803 0.0
3.34414558021 0.0
3.34522832437 0.0
3.3464020887 0.0
3.34748629478 0.0
3.34866164446 0.0
3.34974731544 0.0
3.35092425368 0.0
3.35201139251 0.0
3.35318992255 0.0
3.35427853221 0.0
3.35545865727 0.0
3.35654874076 0.0
3.35773046408 0.0
3.35882202439 0.0
3.36000534922 0.0
3.36109838935 0.0
3.36228331895 0.0
3.36337784191 0.0
3.36456437954 0.0
3.36566038835 0.0
3.3668485373 0.0
3.36794603499 0.0
3.36913579854 0.0
3.37023478814 0.0
3.37142616958 0.0
3.37252665414 0.0
3.37371965677 0.0
3.37482163934 0.0
3.37601626647 0.0
3.37711975012 0.0
3.37831600507 0.0
3.37942099286 0.0
3.38061887897 0.0
3.38172537398 0.0
3.38292489458 0.0
3.38403289989 0.0
3.38523405833 0.0
3.38634357704 0.0
3.38754637667 0.0
3.38865741189 0.0
3.38986185608 0.0
3.39097441091 0.0
3.39218050304 0.0
3.39329458061 0.0
3.39450232406 0.0
3.39561792748 0.0
3.39682732565 0.0
3.39794445807 0.0
3.39915551436 0.0
3.40027417893 0.0
3.40148689674 0.0
3.40260709661 0.0
3.40382147937 0.0
3.4049432177 0.0
3.40615926885 0.0
3.40728254881 0.0
3.40850027179 0.0
3.40962509656 0.0
3.41084449481 0.0
3.41197086758 0.0
3.41319194456 0.0
3.41431986854 0.0
3.41554262772 0.0
3.4166721061 0.0
3.41789655096 0.0
3.41902758697 0.0
3.420253721 0.0
3.42138631785 0.0
3.42261414455 0.0
3.42374830548 0.0
3.42497782835 0.0
3.4261135566 0.0
3.42734477916 0.0
3.42848207799 0.0
3.42971500377 0.0
3.43085387642 0.0
3.43208850896 0.0
3.43322895872 0.0
3.43446530156 0.0
3.4356073317 0.0
3.43684538839 0.0
3.4379890022 0.0
3.43922877632 0.0
3.44037397709 0.0
3.44161547221 0.0
3.44276226324 0.0
3.44400548295 0.0
3.44515386757 0.0
3.44639881546 0.0
3.44754879699 0.0
3.44879547667 0.0
3.44994705844 0.0
3.45119547352 0.0
3.45234865888 0.0
3.45359881299 0.0
3.45475360528 0.0
3.45600550205 0.0
3.45716190464 0.0
3.45841554773 0.0
3.45957356399 0.0
3.46082895705 0.0
3.46198859035 0.0
3.46324573704 0.0
3.46440699078 0.0
3.46566589479 0.0
3.46682877237 0.0
3.46808943738 0.0
3.4692539422 0.0
3.4705163719 0.0
3.47168250738 0.0
3.4729467055 0.0
3.47411447507 0.0
3.4753804453 0.0
3.4765498524 0.0
3.47781759849 0.0
3.47898864656 0.0
3.48025817224 0.0
3.48143086475 0.0
3.48270217377 0.0
3.48387651417 0.0
3.48514961029 0.0
3.48632560206 0.0
3.48760048906 0.0
3.48877813569 0.0
3.49005481735 0.0
3.49123412233 0.0
3.49251260243 0.0
3.49369356927 0.0
3.49497385162 0.0
3.49615648383 0.0
3.49743857225 0.0
3.49862287336 0.0
3.49990677166 0.0
3.50109274521 0.0
3.50237845724 0.0
3.50356610677 0.0
3.50485363636 0.0
3.50604296542 0.0
3.50733231644 0.0
3.5085233286 0.0
3.50981450492 0.0
3.51100720376 0.0
3.51230020924 0.0
3.51349459834 0.0
3.51478943689 0.0
3.51598551984 0.0
3.51728219535 0.0
3.51847997577 0.0
3.51977849216 0.0
3.52097797365 0.0
3.52227833484 0.0
3.52347952104 0.0
3.52478173095 0.0
3.52598462549 0.0
3.52728868809 0.0
3.52849329462 0.0
3.52979921384 0.0
3.53100553602 0.0
3.53231331585 0.0
3.53352135734 0.0
3.53483100175 0.0
3.53604076623 0.0
3.53735227921 0.0
3.53856377037 0.0
3.53987715592 0.0
3.54109037747 0.0
3.54240563961 0.0
3.54362059524 0.0
3.54493773799 0.0
3.54615443143 0.0
3.54747345883 0.0
3.54869189382 0.0
3.55001280991 0.0
3.55123299018 0.0
3.55255579903 0.0
3.55377772834 0.0
3.55510243401 0.0
3.55632611612 0.0
3.5576527227 0.0
3.55887816138 0.0
3.56020667297 0.0
3.56143387201 0.0
3.56276429271 0.0
3.5639932559 0.0
3.56532558983 0.0
3.56655632098 0.0
3.56789057227 0.0
3.5691230752 0.0
3.57045924798 0.0
3.57169352652 0.0
3.57303162496 0.0
3.57426768295 0.0
3.57560771121 0.0
3.5768455525 0.0
3.57818751475 0.0
3.5794271432 0.0
3.58077104365 0.0
3.58201246313 0.0
3.58335830596 0.0
3.58460152036 0.0
3.5859493098 0.0
3.58719432301 0.0
3.58854406328 0.0
3.58979087921 0.0
3.59114257455 0.0
3.59239119712 0.0
3.59374485177 0.0
3.59499528492 0.0
3.59635090315 0.0
3.59760315081 0.0
3.5989607369 0.0
3.60021480301 0.0
3.60157436126 0.0
3.6028302498 0.0
3.60419178448 0.0
3.60544949942 0.0
3.60681301487 0.0
3.6080725602 0.0
3.60943806073 0.0
3.61069944045 0.0
3.61206693041 0.0
3.61333014852 0.0
3.61469963225 0.0
3.61596469278 0.0
3.61733617465 0.0
3.61860308164 0.0
3.61997656602 0.0
3.62124532351 0.0
3.62262081479 0.0
3.62389142683 0.0
3.62526892942 0.0
3.62654140009 0.0
3.6279209184 0.0
3.62919525177 0.0
3.63057679023 0.0
3.6318529904 0.0
3.63323655344 0.0
3.63451462452 0.0
3.6359002166 0.0
3.6371801627 0.0
3.6385677883 0.0
3.63984961355 0.0
3.64123927713 0.0
3.64252298567 0.0
3.64391469173 0.0
3.64520028772 0.0
3.64659404077 0.0
3.64788152837 0.0
3.64927733293 0.0
3.65056671632 0.0
3.65196457691 0.0
3.65325586028 0.0
3.65465578147 0.0
3.65594896902 0.0
3.65735095535 0.0
3.65864605129 0.0
3.66005010734 0.0
3.66134711591 0.0
3.66275324627 0.0
3.66405217171 0.0
3.66546038097 0.0
3.66676122752 0.0
3.6681715203 0.0
3.66947429224 0.0
3.67088667317 0.0
3.67219137477 0.0
3.67360584848 0.0
3.67491248403 0.0
3.67632905519 0.0
3.67763762899 0.0
3.67905630226 0.0
3.68036681864 0.0
3.6817875987 0.0
3.68310006197 0.0
3.68452295353 0.0
3.68583736804 0.0
3.6872623758 0.0
3.68857874591 0.0
3.69000587459 0.0
3.69132420466 0.0
3.69275345901 0.0
3.69407375343 0.0
3.69550513819 0.0
3.69682740134 0.0
3.69826092129 0.0
3.69958515759 0.0
3.7010208175 0.0
3.70234703136 0.0
3.70378483603 0.0
3.70511303189 0.0
3.70655298613 0.0
3.70788316844 0.0
3.70932527707 0.0
3.71065745028 0.0
3.71210171815 0.0
3.71343588673 0.0
3.71488231869 0.0
3.71621848713 0.0
3.71766708804 0.0
3.71900526085 0.0
3.7204560356 0.0
3.72179621728 0.0
3.72324917076 0.0
3.72459136584 0.0
3.72604650297 0.0
3.727390716 0.0
3.72884804169 0.0
3.73019427722 0.0
3.73165379642 0.0
3.73300205902 0.0
3.73446377669 0.0
3.73581407094 0.0
3.73727799205 0.0
3.73863032253 0.0
3.74009645207 0.0
3.74145082341 0.0
3.74291916638 0.0
3.74427558319 0.0
3.7457461446 0.0
3.74710461153 0.0
3.74857739641 0.0
3.7499379181 0.0
3.7514129315 0.0
3.75277551263 0.0
3.75425275961 0.0
3.75561740485 0.0
3.75709689049 0.0
3.75846360453 0.0
3.75994533393 0.0
3.76131412148 0.0
3.76279809973 0.0
3.76416896552 0.0
3.76565519776 0.0
3.76702814651 0.0
3.76851663788 0.0
3.76989167436 0.0
3.77138243 0.0
3.77275955896 0.0
3.77425258406 0.0
3.77563181029 0.0
3.77712711001 0.0
3.77850843831 0.0
3.78000601787 0.0
3.78138945304 0.0
3.78288931766 0.0
3.78427486452 0.0
3.78577701943 0.0
3.78716468282 0.0
3.78866913327 0.0
3.79005891805 0.0
3.7915656693 0.0
3.79295758034 0.0
3.79446663768 0.0
3.79586067986 0.0
3.79737204858 0.0
3.7987682268 0.0
3.80028191222 0.0
3.80168023139 0.0
3.80319623884 0.0
3.80459670389 0.0
3.80611503872 0.0
3.80751765458 0.0
3.80903832216 0.0
3.8104430938 0.0
3.8119660995 0.0
3.8133730319 0.0
3.81489838111 0.0
3.81630747926 0.0
3.8178351774 0.0
3.8192464463 0.0
3.8207764988 0.0
3.82218994347 0.0
3.82372235578 0.0
3.82513798125 0.0
3.82667275883 0.0
3.82809057016 0.0
3.82962771849 0.0
3.83104772074 0.0
3.83258724532 0.0
3.83400944357 0.0
3.83555134992 0.0
3.83697574927 0.0
3.83852004292 0.0
3.83994664848 0.0
3.84149333497 0.0
3.84292215188 0.0
3.84447123678 0.0
3.84590227018 0.0
3.84745375908 0.0
3.84888701413 0.0
3.85044091262 0.0
3.8518763945 0.0
3.8534327082 0.0
3.85487042211 0.0
3.85642915665 0.0
3.85786910779 0.0
3.85943026883 0.0
3.86087246244 0.0
3.86243605565 0.0
3.86388049695 0.0
3.86544652802 0.0
3.86689322229 0.0
3.86846169692 0.0
3.86991064942 0.0
3.87148157334 0.0
3.87293278937 0.0
3.87450616832 0.0
3.87595965319 0.0
3.87753549292 0.0
3.87899125195 0.0
3.88056955825 0.0
3.88202759679 0.0
3.88360837545 0.0
3.88506869884 0.0
3.88665195568 0.0
3.88811456931 0.0
3.88970031016 0.0
3.89116521941 0.0
3.89275345012 0.0
3.89422066041 0.0
3.89581138684 0.0
3.8972809036 0.0
3.89887413164 0.0
3.90034596031 0.0
3.90194169587 0.0
3.9034158419 0.0
3.9050140909 0.0
3.90649055978 0.0
3.90809132817 0.0
3.90957012538 0.0
3.91117341912 0.0
3.91265455018 0.0
3.91426037526 0.0
3.91574384569 0.0
3.9173522081 0.0
3.91883802346 0.0
3.92044892921 0.0
3.92193709506 0.0
3.9235505502 0.0
3.92504107212 0.0
3.9266570827 0.0
3.9281499663 0.0
3.92976853839 0.0
3.93126378928 0.0
3.93288492898 0.0
3.93438255279 0.0
3.93600626623 0.0
3.93750626862 0.0
3.93913256191 0.0
3.94063494855 0.0
3.94226382786 0.0
3.94376860443 0.0
3.94540007593 0.0
3.94690724815 0.0
3.94854131803 0.0
3.95005089162 0.0
3.95168756609 0.0
3.9531995468 0.0
3.9548388321 0.0
3.95635322568 0.0
3.95799512805 0.0
3.95951194029 0.0
3.96115646601 0.0
3.9626757027 0.0
3.96432285807 0.0
3.96584452504 0.0
3.96749431636 0.0
3.96901841943 0.0
3.97067085304 0.0
3.97219739808 0.0
3.97385248033 0.0
3.9753814732 0.0
3.97703921046 0.0
3.97857065707 0.0
3.98023105574 0.0
3.98176496198 0.0
3.98342802847 0.0
3.98496440029 0.0
3.98663014104 0.0
3.98816898437 0.0
3.98983740583 0.0
3.99137872666 0.0
3.9930498353 0.0
3.99459363961 0.0
3.99626744194 0.0
3.99781373573 0.0
3.99949023826 0.0
4.00103902757 0.0
4.00271823684 0.0
4.0042695277 0.0
4.00595145028 0.0
4.00750524876 0.0
4.00918989123 0.0
4.01074620342 0.0
4.01243357237 0.0
4.01399240437 0.0
4.01568250644 0.0
4.01724386438 0.0
4.0189367062 0.0
4.02050059622 0.0
4.02219618447 0.0
4.02376261274 0.0
4.0254609541 0.0
4.0270299268 0.0
4.02873102798 0.0
4.03030255132 0.0
4.03200641906 0.0
4.03358049926 0.0
4.03528714032 0.0
4.03686378362 0.0
4.03857320476 0.0
4.04015241743 0.0
4.04186462547 0.0
4.0434464138 0.0
4.04516141554 0.0
4.04674578583 0.0
4.04846358812 0.0
4.0500505467 0.0
4.05177115641 0.0
4.05336070963 0.0
4.05508413365 0.0
4.05667628787 0.0
4.0584025331 0.0
4.05999729472 0.0
4.0617263681 0.0
4.06332374353 0.0
4.06505565201 0.0
4.06665564767 0.0
4.06839039823 0.0
4.06999302059 0.0
4.07173062024 0.0
4.07333587575 0.0
4.07507633151 0.0
4.07668422669 0.0
4.0784275456 0.0
4.08003808695 0.0
4.08178427609 0.0
4.08339747015 0.0
4.08514653661 0.0
4.08676238995 0.0
4.08851434085 0.0
4.09013286003 0.0
4.09188770252 0.0
4.09350889416 0.0
4.09526663538 0.0
4.0968905061 0.0
4.09865115326 0.0
4.10027770971 0.0
4.10204127002 0.0
4.10367051886 0.0
4.10543699954 0.0
4.10706894747 0.0
4.1088383558 0.0
4.11047300952 0.0
4.11224535278 0.0
4.11388271903 0.0
4.11565800452 0.0
4.11729809007 0.0
4.11907632512 0.0
4.12071913674 0.0
4.12250032872 0.0
4.12414587321 0.0
4.12593002949 0.0
4.12757831368 0.0
4.12936544167 0.0
4.1310164724 0.0
4.13280657954 0.0
4.13446036369 0.0
4.13625345742 0.0
4.13791000188 0.0
4.13970608969 0.0
4.14136540137 0.0
4.14316449077 0.0
4.14482657661 0.0
4.14662867512 0.0
4.1482935421 0.0
4.15009865728 0.0
4.15176631237 0.0
4.1535744518 0.0
4.15524490201 0.0
4.1570560733 0.0
4.15872932567 0.0
4.16054353645 0.0
4.16221959803 0.0
4.16403685596 0.0
4.16571573384 0.0
4.1675360466 0.0
4.16921774787 0.0
4.17104112317 0.0
4.17272565497 0.0
4.17455210055 0.0
4.17623947003 0.0
4.17806899364 0.0
4.17975920798 0.0
4.18159181741 0.0
4.1832848838 0.0
4.18512058688 0.0
4.18681651255 0.0
4.1886553171 0.0
4.19035410931 0.0
4.1921960232 0.0
4.19389768921 0.0
4.19574272035 0.0
4.19744726746 0.0
4.19929542375 0.0
4.20100285929 0.0
4.20285414869 0.0
4.20456448 0.0
4.20641891047 0.0
4.20813214493 0.0
4.20998972449 0.0
4.2117058695 0.0
4.21356660616 0.0
4.21528566913 0.0
4.21714957096 0.0
4.21887155935 0.0
4.22073863442 0.0
4.22246355571 0.0
4.22433381214 0.0
4.22606167381 0.0
4.22793511973 0.0
4.22966592932 0.0
4.23154257291 0.0
4.23327633796 0.0
4.2351561874 0.0
4.2368929155 0.0
4.23877597902 0.0
4.24051567776 0.0
4.2424019636 0.0
4.24414464061 0.0
4.24603415706 0.0
4.24777982 0.0
4.24967257536 0.0
4.25142123191 0.0
4.25331723452 0.0
4.25506889238 0.0
4.2569681506 0.0
4.25872281751 0.0
4.26062533973 0.0
4.26238302345 0.0
4.2642888181 0.0
4.26604952642 0.0
4.26795860193 0.0
4.26972234266 0.0
4.27163470754 0.0
4.27340148851 0.0
4.27531715125 0.0
4.27708698034 0.0
4.27900594948 0.0
4.28077883459 0.0
4.28270111869 0.0
4.28447706774 0.0
4.28640267541 0.0
4.28818169634 0.0
4.2901106362 0.0
4.29189273699 0.0
4.2938250177 0.0
4.29561020636 0.0
4.29754583661 0.0
4.29933412117 0.0
4.30127310967 0.0
4.30306449819 0.0
4.30500685369 0.0
4.30680135425 0.0
4.30874708553 0.0
4.31054470626 0.0
4.31249382213 0.0
4.31429457117 0.0
4.31624708046 0.0
4.31805096598 0.0
4.32000687757 0.0
4.32181390777 0.0
4.32377323056 0.0
4.32558341368 0.0
4.32754615659 0.0
4.32935950088 0.0
4.33132567288 0.0
4.33314218664 0.0
4.33511179672 0.0
4.33693148825 0.0
4.33890454545 0.0
4.34072742311 0.0
4.34270393647 0.0
4.34453000863 0.0
4.34650998725 0.0
4.34833926231 0.0
4.35032271531 0.0
4.35215520171 0.0
4.35414213823 0.0
4.35597784444 0.0
4.35796827368 0.0
4.35980720818 0.0
4.36180113936 0.0
4.36364331068 0.0
4.36564075304 0.0
4.36748616973 0.0
4.36948713255 0.0
4.3713358032 0.0
4.37334029581 0.0
4.37519222903 0.0
4.37720026077 0.0
4.3790554652 0.0
4.38106704545 0.0
4.38292552977 0.0
4.38494066795 0.0
4.38680244087 0.0
4.38882114641 0.0
4.39068621667 0.0
4.39270849907 0.0
4.39457687542 0.0
4.39660274419 0.0
4.39847443544 0.0
4.40050390013 0.0
4.40237891511 0.0
4.4044119853 0.0
4.40629033287 0.0
4.40832701818 0.0
4.41020870722 0.0
4.4122490173 0.0
4.41413405676 0.0
4.41617800129 0.0
4.41806640011 0.0
4.42011398881 0.0
4.42200575598 0.0
4.42405699862 0.0
4.42595214316 0.0
4.42800704951 0.0
4.42990558047 0.0
4.43196416036 0.0
4.43386608684 0.0
4.43592835013 0.0
4.43783368123 0.0
4.43989963782 0.0
4.4418083827 0.0
4.44387804252 0.0
4.44579021035 0.0
4.44786358336 0.0
4.44977918337 0.0
4.45185627958 0.0
4.45377532101 0.0
4.45585615045 0.0
4.45777864258 0.0
4.45986321533 0.0
4.46178916749 0.0
4.46387749365 0.0
4.46580691518 0.0
4.46789900491 0.0
4.46983190519 0.0
4.47192776866 0.0
4.47386415712 0.0
4.47596380456 0.0
4.47790369063 0.0
4.48000713229 0.0
4.48195052547 0.0
4.48405777165 0.0
4.48600468146 0.0
4.48811574249 0.0
4.49006617847 0.0
4.49218106472 0.0
4.49413503647 0.0
4.49625375834 0.0
4.49821127549 0.0
4.50033384342 0.0
4.50229491562 0.0
4.5044213401 0.0
4.50638597704 0.0
4.50851626859 0.0
4.51048448 0.0
4.51261864918 0.0
4.51459044482 0.0
4.51672850223 0.0
4.51870389191 0.0
4.52084584818 0.0
4.52282484173 0.0
4.52497070753 0.0
4.52695331482 0.0
4.52910310087 0.0
4.53108933181 0.0
4.53324304886 0.0
4.53523291339 0.0
4.53739057223 0.0
4.53938408034 0.0
4.5415456918 0.0
4.5435428535 0.0
4.54570842846 0.0
4.54770925379 0.0
4.54987880316 0.0
4.55188330223 0.0
4.55405683696 0.0
4.55606501989 0.0
4.55824255096 0.0
4.56025442792 0.0
4.56243596637 0.0
4.56445154755 0.0
4.56663710446 0.0
4.56865640011 0.0
4.57084598659 0.0
4.57286900698 0.0
4.57506263418 0.0
4.57708938963 0.0
4.57928706874 0.0
4.5813175696 0.0
4.58351931187 0.0
4.58555356854 0.0
4.58775938524 0.0
4.58979740814 0.0
4.5920073106 0.0
4.5940491102 0.0
4.59626310978 0.0
4.59830869659 0.0
4.60052680468 0.0
4.60257618926 0.0
4.60479841732 0.0
4.60685161023 0.0
4.60907796975 0.0
4.61113498164 0.0
4.61336548414 0.0
4.61542632566 0.0
4.61766098273 0.0
4.61972566459 0.0
4.62196448784 0.0
4.62403302078 0.0
4.62627602187 0.0
4.62834841669 0.0
4.63059560733 0.0
4.63267187484 0.0
4.63492326677 0.0
4.63700341784 0.0
4.63925902287 0.0
4.6413430684 0.0
4.64360289836 0.0
4.6456908493 0.0
4.64795491607 0.0
4.65004678342 0.0
4.65231509892 0.0
4.65441089369 0.0
4.6566834699 0.0
4.65878320318 0.0
4.66106005211 0.0
4.663163735 0.0
4.66544486872 0.0
4.66755251237 0.0
4.66983794298 0.0
4.6719495586 0.0
4.67423929825 0.0
4.67635489708 0.0
4.67864895797 0.0
4.68076855128 0.0
4.68306694565 0.0
4.68519054477 0.0
4.68749328492 0.0
4.68962090121 0.0
4.69192799948 0.0
4.69405964435 0.0
4.69637111311 0.0
4.69850679802 0.0
4.70082264971 0.0
4.70296238616 0.0
4.70528263325 0.0
4.70742643277 0.0
4.7097510878 0.0
4.71189896197 0.0
4.7142280375 0.0
4.71637999795 0.0
4.71871350661 0.0
4.72086956502 0.0
4.72320751947 0.0
4.72536768756 0.0
4.72771010052 0.0
4.72987439004 0.0
4.73222127428 0.0
4.73438969704 0.0
4.73674106538 0.0
4.73891363323 0.0
4.74126949852 0.0
4.74344622336 0.0
4.74580659852 0.0
4.74798749229 0.0
4.75035239028 0.0
4.75253746497 0.0
4.7549068988 0.0
4.75709616645 0.0
4.75947014918 0.0
4.76166362187 0.0
4.76404216662 0.0
4.76623985646 0.0
4.76862297639 0.0
4.77082489558 0.0
4.7732126039 0.0
4.77541876463 0.0
4.77781107461 0.0
4.78002148917 0.0
4.78241841413 0.0
4.78463309483 0.0
4.78703464812 0.0
4.78925360732 0.0
4.79165980237 0.0
4.79388305248 0.0
4.79629390275 0.0
4.79852145624 0.0
4.80093697526 0.0
4.80316884462 0.0
4.80558904598 0.0
4.80782524376 0.0
4.81025014108 0.0
4.8124906799 0.0
4.81492028684 0.0
4.81716517935 0.0
4.81959950967 0.0
4.82184876857 0.0
4.82428783604 0.0
4.82654147408 0.0
4.82898529255 0.0
4.83124332253 0.0
4.8336919059 0.0
4.83595434067 0.0
4.83840770288 0.0
4.84067455535 0.0
4.8431327104 0.0
4.84540399352 0.0
4.84786695547 0.0
4.85014268224 0.0
4.85261046521 0.0
4.85489064869 0.0
4.85736326684 0.0
4.85964792013 0.0
4.86212538769 0.0
4.86441452394 0.0
4.8668968552 0.0
4.86919048762 0.0
4.8716776969 0.0
4.87397583875 0.0
4.87646794046 0.0
4.87877060505 0.0
4.88126761363 0.0
4.88357481433 0.0
4.88607674428 0.0
4.88838849451 0.0
4.8908953604 0.0
4.89321167362 0.0
4.89572349008 0.0
4.89804437981 0.0
4.90056116151 0.0
4.90288664134 0.0
4.90540840302 0.0
4.90773848657 0.0
4.91026524302 0.0
4.91259994398 0.0
4.91513171006 0.0
4.91747104217 0.0
4.92000783279 0.0
4.92235180984 0.0
4.92489363997 0.0
4.92724227581 0.0
4.92978916049 0.0
4.93214246902 0.0
4.93469442333 0.0
4.93705241852 0.0
4.93960945762 0.0
4.94197215347 0.0
4.94453429257 0.0
4.94690170316 0.0
4.94946895753 0.0
4.95184109698 0.0
4.95441348197 0.0
4.95679036446 0.0
4.95936789545 0.0
4.96174953523 0.0
4.96433222768 0.0
4.96671863903 0.0
4.96930650847 0.0
4.97169770576 0.0
4.97429076775 0.0
4.97668676539 0.0
4.97928503559 0.0
4.98168584805 0.0
4.98428934216 0.0
4.98669498396 0.0
4.98930371775 0.0
4.99171420349 0.0
4.9943281928 0.0
4.99674353711 0.0
4.99936279783 0.0
5.00178301542 0.0
5.00440756352 0.0
5.00683266915 0.0
5.00946252065 0.0
5.01189252915 0.0
5.01452770015 0.0
5.0169626264 0.0
5.01960313304 0.0
5.02204299199 0.0
5.0246888505 0.0
5.02713365715 0.0
5.02978488382 0.0
5.03223465323 0.0
5.03489126441 0.0
5.03734601171 0.0
5.04000802383 0.0
5.0424677642 0.0
5.04513519374 0.0
5.04759994244 0.0
5.05027280596 0.0
5.0527425783 0.0
5.0554208924 0.0
5.05789570376 0.0
5.06057948515 0.0
5.06305935096 0.0
5.06574861639 0.0
5.06823355215 0.0
5.07092831845 0.0
5.07341833973 0.0
5.0761186238 0.0
5.07861374621 0.0
5.08131956501 0.0
5.08381980426 1.26e-20
5.08653117482 1.49e-20
5.08903654666 1.53e-20
5.09175348609 1.98e-20
5.09426400634 2.17e-20
5.09698653181 2.69e-20
5.09950221635 2.53e-20
5.10223034511 2.48e-20
5.10475120991 2.72e-20
5.10748495927 3.35e-20
5.11001102033 4.27e-20
5.11275040768 4.84e-20
5.11528168109 5.85e-20
5.11802672389 5.69e-20
5.1205632258 4.69e-20
5.12331394158 3.01e-20
5.1258556882 1.64e-20
5.12861209457 1.07e-20
5.13115910219 1.21e-20
5.13392121682 5.55e-21
5.13647350179 1.03e-20
5.13924134243 5.73e-21
5.14179892117 7.84e-21
5.14457250565 1.07e-20
5.14713539465 1.09e-20
5.14991474086 1.23e-20
5.15248295666 1.06e-20
5.15526808259 1.52e-20
5.15784164183 1.93e-20
5.1606325655 2.35e-20
5.16321148487 2.25e-20
5.16600822443 2.74e-20
5.16859252069 3.06e-20
5.17139509432 3.6e-20
5.1739847843 3.98e-20
5.17679321028 4.31e-20
5.1793883109 4.96e-20
5.18220260757 4.97e-20
5.18480313579 4.68e-20
5.1876233216 3.46e-20
5.19022929447 2.9e-20
5.1930553879 3.18e-20
5.19566682254 3.63e-20
5.19849884219 3.76e-20
5.20111575578 4.37e-20
5.2039537203 4.75e-20
5.20657613011 5.25e-20
5.20942005824 5.95e-20
5.2120479816 6.58e-20
5.21489789216 7.08e-20
5.21753134647 7.5e-20
5.22038725837 7.42e-20
5.22302626111 7.05e-20
5.22588819331 6.6e-20
5.22853276204 6.4e-20
5.2314007336 6.19e-20
5.23405088594 6.16e-20
5.236924916 6.33e-20
5.23958066966 6.5e-20
5.24246077743 6.59e-20
5.24512215019 6.13e-20
5.24800835497 5.76e-20
5.25067536468 5.47e-20
5.25356768586 5.85e-20
5.25624035044 6.53e-20
5.25913880747 6.95e-20
5.26181714494 8.08e-20
5.26472175738 8.63e-20
5.2674057858 8.72e-20
5.27031657327 7.72e-20
5.27300631082 6.38e-20
5.27592329303 6.22e-20
5.27861875793 5.3e-20
5.28154195468 4.5e-20
5.28424316525 4.38e-20
5.28717259643 4.85e-20
5.28987957105 5.31e-20
5.29281525662 5.44e-20
5.29552801376 5.45e-20
5.29846997377 5.58e-20
5.30118853199 5.79e-20
5.30413678658 6.05e-20
5.3068611645 6.73e-20
5.30981573388 7.37e-20
5.31254595022 8.1e-20
5.31550685471 8.95e-20
5.31824292825 9.64e-20
5.32121018825 1.02e-19
5.32395213785 1.09e-19
5.32692577384 1.14e-19
5.32967361846 1.18e-19
5.33265365102 1.19e-19
5.33540740968 1.14e-19
5.33839385947 1.1e-19
5.34115355129 1.1e-19
5.34414643906 1.14e-19
5.34691208324 1.13e-19
5.34991142983 1.2e-19
5.35268304564 1.2e-19
5.35568887197 1.25e-19
5.35846647879 1.29e-19
5.36147880589 1.31e-19
5.36426242315 1.31e-19
5.36728127213 1.33e-19
5.37007091936 1.25e-19
5.37309631143 1.25e-19
5.37589200825 1.21e-19
5.37892396469 1.13e-19
5.3817257308 1.16e-19
5.38476427302 1.12e-19
5.3875721282 1.07e-19
5.39061727766 1.05e-19
5.39343124179 9.68e-20
5.39648302007 9.64e-20
5.3993031131 9.52e-20
5.40236154188 9.52e-20
5.40518778386 9.79e-20
5.40825288489 1.04e-19
5.41108529595 1.08e-19
5.4141570911 1.12e-19
5.41699569146 1.19e-19
5.42007420268 1.18e-19
5.42291901265 1.24e-19
5.42600426198 1.27e-19
5.42885530196 1.3e-19
5.43194731155 1.22e-19
5.43480460203 1.26e-19
5.43790339413 1.28e-19
5.44076695569 1.25e-19
5.44387255263 1.24e-19
5.44674240593 1.23e-19
5.44985483016 1.33e-19
5.45273099596 1.38e-19
5.45585027002 1.47e-19
5.45873276917 1.54e-19
5.46185891569 1.61e-19
5.46474776914 1.73e-19
5.46788081086 1.84e-19
5.47077603963 1.92e-19
5.47391599939 2.01e-19
5.47681762462 2.05e-19
5.47996452536 2.09e-19
5.48287256827 2.06e-19
5.48602643302 1.97e-19
5.48894091492 1.86e-19
5.49210176683 1.79e-19
5.49502270913 1.65e-19
5.49819057145 1.59e-19
5.50111799566 1.52e-19
5.50429289173 1.44e-19
5.50722681945 1.4e-19
5.51040877272 1.44e-19
5.51334922564 1.45e-19
5.51653825968 1.43e-19
5.51948525959 1.51e-19
5.52268139805 1.5e-19
5.52563496685 1.61e-19
5.5288382335 1.61e-19
5.53179839317 1.59e-19
5.53500881188 1.56e-19
5.53797558452 1.55e-19
5.54119317927 1.55e-19
5.54416658705 1.53e-19
5.54739138193 1.56e-19
5.55037144714 1.56e-19
5.55360346635 1.59e-19
5.55659021137 1.59e-19
5.5598294792 1.68e-19
5.56282292652 1.76e-19
5.56606946739 1.81e-19
5.56906963959 1.87e-19
5.57232347803 1.84e-19
5.5753303978 1.92e-19
5.57859155843 2.04e-19
5.58160524856 2.05e-19
5.58487375614 2.1e-19
5.58789423951 2.16e-19
5.59117011888 2.13e-19
5.5941974185 2.19e-19
5.59748069464 2.2e-19
5.6005148336 2.16e-19
5.60380553158 2.19e-19
5.60684653309 2.2e-19
5.61014467811 2.21e-19
5.61319256547 2.19e-19
5.61649818284 2.11e-19
5.61955297948 2.07e-19
5.62286609461 1.96e-19
5.62592782404 1.9e-19
5.62924846248 1.83e-19
5.63231714833 1.86e-19
5.63564533574 1.8e-19
5.63872100174 1.78e-19
5.64205676388 1.74e-19
5.64513943388 1.72e-19
5.64848279664 1.69e-19
5.65157249459 1.73e-19
5.65492348398 1.77e-19
5.65802023393 1.76e-19
5.66137887608 1.79e-19
5.66448270222 1.9e-19
5.66784902337 1.91e-19
5.67095994997 1.95e-19
5.67433397649 1.9e-19
5.67745202794 1.92e-19
5.68083378631 1.93e-19
5.68395898713 1.91e-19
5.68734850395 2.01e-19
5.69048087875 2.04e-19
5.69387818077 2.09e-19
5.69701775427 2.17e-19
5.70042286833 2.17e-19
5.70356966539 2.23e-19
5.70698261847 2.28e-19
5.71013666404 2.3e-19
5.71355748324 2.3e-19
5.71671880239 2.3e-19
5.72014751493 2.3e-19
5.72331613286 2.25e-19
5.72675276611 2.24e-19
5.72992870812 2.25e-19
5.73337328954 2.22e-19
5.73655658105 2.21e-19
5.74000913825 2.15e-19
5.74319980481 2.11e-19
5.74666036553 1.97e-19
5.74985843279 1.92e-19
5.75332702488 1.85e-19
5.75653251863 1.85e-19
5.76000917009 1.91e-19
5.76322211622 1.85e-19
5.76670685517 1.87e-19
5.7699272797 1.98e-19
5.7734201344 1.99e-19
5.77664806347 2.01e-19
5.78014906229 1.97e-19
5.78338452217 1.97e-19
5.78689369364 1.95e-19
5.7901367107 2e-19
5.79365408347 1.99e-19
5.79690468423 2.05e-19
5.80043028707 2.11e-19
5.80368849816 2.13e-19
5.80722236001 2.14e-19
5.81048820818 2.15e-19
5.81403035809 2.17e-19
5.81730387023 2.24e-19
5.82085433738 2.31e-19
5.8241355405 2.35e-19
5.82769435423 2.39e-19
5.83098327546 2.36e-19
5.83455046523 2.3e-19
5.83784713185 2.26e-19
5.84142272727 2.22e-19
5.84472716665 2.2e-19
5.84831119746 2.17e-19
5.85162343714 2.15e-19
5.85521593323 2.1e-19
5.85853600086 2.1e-19
5.86213699226 2.01e-19
5.86546491561 1.96e-19
5.86907443248 1.92e-19
5.87241023948 1.93e-19
5.87602831214 1.87e-19
5.87937203083 1.8e-19
5.88299868974 1.8e-19
5.8863503483 1.8e-19
5.88998562405 1.78e-19
5.89334525079 1.75e-19
5.89698917414 1.76e-19
5.90035679752 1.81e-19
5.90400939934 1.84e-19
5.90738504794 1.93e-19
5.91104635929 1.91e-19
5.91443006183 1.87e-19
5.9181001139 1.96e-19
5.92149189924 1.99e-19
5.92517072336 2.04e-19
5.92857062049 2.05e-19
5.93225824814 2.05e-19
5.9356662862 2.06e-19
5.93936274904 2.08e-19
5.9427789573 2.12e-19
5.94648428711 2.17e-19
5.94990869499 2.16e-19
5.95362292371 2.12e-19
5.95705556077 2.19e-19
5.96077872049 2.03e-19
5.96421961642 1.97e-19
5.96795173941 1.87e-19
5.97140092406 1.88e-19
5.97514204271 1.84e-19
5.97859954606 1.76e-19
5.98234969294 1.75e-19
5.98581554513 1.7e-19
5.98957475296 1.66e-19
5.99304898425 1.71e-19
5.99681728591 1.62e-19
6.00029992674 1.64e-19
6.00407735526 1.62e-19
6.0075684362 1.65e-19
6.01135502479 1.68e-19
6.01485457654 1.65e-19
6.01865035855 1.62e-19
6.022158412 1.62e-19
6.02596342096 1.66e-19
6.02948000711 1.71e-19
6.0332942767 1.69e-19
6.03681942673 1.8e-19
6.0406429908 1.84e-19
6.04417673603 1.78e-19
6.0480096286 1.83e-19
6.0515520005 1.76e-19
6.05539425574 1.78e-19
6.05894528594 1.76e-19
6.0627969382 1.73e-19
6.06635665849 1.69e-19
6.07021774229 1.72e-19
6.0737861846 1.69e-19
6.07765673462 1.68e-19
6.08123393105 1.52e-19
6.08511398215 1.51e-19
6.08869996495 1.57e-19
6.09258955215 1.54e-19
6.09618435373 1.43e-19
6.10008351224 1.43e-19
6.10368716518 1.38e-19
6.10759593036 1.39e-19
6.11120846738 1.44e-19
6.11512687478 1.38e-19
6.11874832879 1.36e-19
6.12267641413 1.37e-19
6.12630681817 1.37e-19
6.13024461737 1.32e-19
6.13388400466 1.28e-19
6.13783155377 1.42e-19
6.14147995771 1.42e-19
6.145437293 1.44e-19
6.14909474712 1.4e-19
6.15306190502 1.36e-19
6.15672844305 1.5e-19
6.16070546018 1.45e-19
6.16438111601 1.49e-19
6.16836802916 1.43e-19
6.17205283683 1.44e-19
6.176049683 1.47e-19
6.17974367673 1.42e-19
6.18375049308 1.34e-19
6.18745370727 1.31e-19
6.19147053115 1.35e-19
6.19518300036 1.35e-19
6.19920986931 1.25e-19
6.20293162829 1.25e-19
6.20696858004 1.29e-19
6.21069966369 1.14e-19
6.21474673615 1.24e-19
6.21848717957 1.13e-19
6.22254441085 1.22e-19
6.22629424929 1.21e-19
6.2303616777 1.18e-19
6.23412094661 1.18e-19
6.23819861063 1.26e-19
6.24196734563 1.23e-19
6.24605528394 1.28e-19
6.24983352083 1.24e-19
6.25393177232 1.26e-19
6.25771954708 1.34e-19
6.26182815082 1.23e-19
6.26562549961 1.24e-19
6.26974449488 1.24e-19
6.27355145404 1.3e-19
6.27768088031 1.23e-19
6.28149748638 1.2e-19
6.28563738333 1.23e-19
6.28946367302 1.26e-19
6.29361408052 1.2e-19
6.29745009073 1.24e-19
6.30161104885 1.21e-19
6.30545681667 1.29e-19
6.30962836571 1.28e-19
6.31348392841 1.14e-19
6.31766610885 1.2e-19
6.32153150391 1.18e-19
6.32572435644 1.18e-19
6.32959962151 1.12e-19
6.33380318703 1.09e-19
6.33768835998 1.11e-19
6.3419026796 1.08e-19
6.34579779845 1.23e-19
6.35002291351 1.22e-19
6.35392801651 1.19e-19
6.35816396852 1.21e-19
6.36207909412 1.32e-19
6.36632592484 1.34e-19
6.37025111166 1.37e-19
6.37450886304 1.34e-19
6.37844414992 1.24e-19
6.38271286415 1.27e-19
6.38665829013 1.27e-19
6.3909380096 1.24e-19
6.3948936139 1.07e-19
6.39918438122 1.24e-19
6.40315020329 1.22e-19
6.4074520613 1.23e-19
6.41142814077 1.32e-19
6.41574113253 1.18e-19
6.41972750925 1.23e-19
6.42405167804 1.25e-19
6.42804839207 1.26e-19
6.43238378139 1.28e-19
6.43639087298 1.35e-19
6.44073752656 1.32e-19
6.44475503619 1.35e-19
6.44911299798 1.24e-19
6.45314096634 1.32e-19
6.45751028053 1.35e-19
6.4615487485 1.3e-19
6.46592945952 1.45e-19
6.4699784682 1.38e-19
6.47437062069 1.42e-19
6.47843021142 1.42e-19
6.48283385026 1.42e-19
6.48690406457 1.29e-19
6.49131923488 1.42e-19
6.49540011453 1.4e-19
6.49982686166 1.37e-19
6.50391844863 1.37e-19
6.50835681817 1.27e-19
6.51245915465 1.3e-19
6.51690919244 1.37e-19
6.52102232084 1.38e-19
6.52548407296 1.47e-19
6.52960803593 1.45e-19
6.53408154868 1.47e-19
6.53821638908 1.43e-19
6.54270170903 1.45e-19
6.54684746997 1.47e-19
6.55134464392 1.5e-19
6.5555013687 1.45e-19
6.56001044371 1.5e-19
6.56417817589 1.38e-19
6.56869919927 1.4e-19
6.57287798262 1.4e-19
6.57741100192 1.32e-19
6.58160088047 1.37e-19
6.58614594349 1.37e-19
6.59034696147 1.43e-19
6.59490411629 1.43e-19
6.59911631819 1.4e-19
6.60368561311 1.27e-19
6.60790904366 1.35e-19
6.61249052726 1.42e-19
6.61672523141 1.3e-19
6.62131895253 1.38e-19
6.62556497548 1.31e-19
6.63017098322 1.3e-19
6.63442837041 1.24e-19
6.63904671412 1.37e-19
6.64331551124 1.35e-19
6.64794624055 1.2e-19
6.65222649352 1.17e-19
6.65686965832 1.39e-19
6.66116141332 1.38e-19
6.66581706377 1.35e-19
6.67012036724 1.32e-19
6.67478855377 1.19e-19
6.67910345236 1.36e-19
6.68378422567 1.23e-19
6.68811076633 1.23e-19
6.69280417739 1.35e-19
6.69714240729 1.29e-19
6.70184850736 1.3e-19
6.8880109659 3.16e-18
7.08481127921 5.2e-18
7.29318808154 8.2e-18
7.51419378098 7.85e-18
7.74901233664 7.4e-18
7.84710110039 7.05e-18
7.94770496065 7.5e-18
8.0509219082 7.7e-18
8.1568550912 1e-17
8.26561315908 5.4e-18
8.3773106342 5.2e-18
8.49206831412 6.15e-18
8.61001370738 9.5e-18
8.73128150607 6.5e-18
8.85601409901 5.6e-18
8.98436212944 5.15e-18
9.11648510193 4.28e-18
9.25255204375 5.75e-18
9.39274222623 3.16e-18
9.53724595279 6.7e-18
9.6862654208 1.45e-17
9.84001566557 1.49e-17
9.99872559566 8.81e-18
10.16263913 5.11e-18
10.3320164489 3.32e-18
10.5071353717 3.64e-18
10.6882928781 3.35e-18
10.8758067883 4.48e-18
11.0700176238 3.93e-18
11.2712906715 3.51e-18
11.4800182765 2.52e-18
13.1898082326 0.0
13.5501855067 0.0
19.8121120783 0.0
49.8729675729 0.0
101.876908288 0.0
199.652491765 0.0
407.84275456 0.0
426.062533973 0.0
504.000802383 0.0
525.356768586 0.0
548.602643302 0.0
984.001566557 0.0
1999.74511913 0.0
5166.00822443 0.0
11271.2906715 0.0
20664.0328977 0.0
