#xsec (eV,cm2) for NO3 -> NO2 + O
1.01283033864 0.0
1.03882025108 0.0
1.06547708229 0.0
1.09281794584 0.0
1.12086039446 0.0
1.14962243131 0.0
1.1791225215 0.0
1.20937960399 0.0
1.2404131037 0.0
1.27224294404 0.0
1.30488955964 0.0
1.3383739095 0.0
1.37271749046 0.0
1.40794235097 0.0
1.44407110525 0.0
1.48112694784 0.0
1.51913366844 0.0
1.55811566724 0.0
1.59809797053 0.0
1.6391062468 0.0
1.68116682321 0.0
1.7243067025 0.0
1.7685535803 0.0
1.81393586296 0.0
1.86048268573 0.0
1.9082239315 0.0
1.95719024997 0.0
2.00741307733 0.0
2.05892465645 0.0
2.11175805759 1.48923870579e-18
2.16594719958 2.73878753933e-18
2.22152687165 2.32077093898e-18
2.27853275575 2.21612076055e-18
2.33700144945 1.90366049279e-18
2.39697048942 1.49103762432e-18
2.45847837558 1.27217249414e-18
2.52156459575 8.91705824858e-19
2.58626965106 6.28796789816e-19
2.65263508191 4.54218697166e-19
2.72070349466 3.12260117853e-19
2.79051858899 2.36244361764e-19
2.86212518592 1.56631069892e-19
2.93556925662 7.60985829537e-20
3.01089795192 2.93407571499e-20
3.08815963256 3.15617833832e-19
3.16740390025 6.04892903085e-19
3.24868162952 5.77503847019e-19
3.33204500037 5.59719385165e-19
3.41754753178 5.16407441841e-19
3.50524411605 4.41047259601e-19
3.59519105407 3.99841739846e-19
3.68744609143 3.53961910966e-19
3.78206845554 2.95246110494e-19
3.87911889359 2.50664169344e-19
3.97865971161 2.00071602935e-19
4.08075481444 1.4437427025e-19
4.18546974675 1.03315489298e-19
4.29287173515 7.98797038236e-20
4.40302973131 5.9986075018e-20
4.51601445626 4.14437791727e-20
4.63189844577 2.68018088852e-20
4.75075609694 1.86323484754e-20
4.87266371593 2.43732352713e-20
4.997699567 3.84246571202e-20
5.12594392268 6.5196995433e-20
5.25747911539 1.36607636841e-19
5.39238959022 2.39137683705e-19
5.53076195922 3.33184429774e-19
5.67268505691 3.8848329253e-19
5.81824999742 3.93739013038e-19
5.96755023288 3.80915161603e-19
6.1206816135 3.13079194943e-19
6.27774244906 2.46432874129e-19
6.43883357203 2.66747648504e-19
6.60405840233 2.77047153562e-19
6.77352301366 3.06980566259e-18
6.9473362017 8.07292542254e-18
7.12560955386 1.2878615524e-17
7.30845752098 1.6498972287e-17
7.49599749077 1.71576947924e-17
7.68834986321 1.63531051318e-17
7.88563812779 1.62235048395e-17
8.08798894286 1.7663556965e-17
8.29553221689 1.52933653518e-17
8.5084011919 1.60877400721e-17
8.72673252897 1.64348211487e-17
8.95066639602 1.12892586632e-17
9.18034655777 1.04427573411e-17
9.41592046802 1.26491612772e-17
9.65753936436 2.33390248827e-17
9.90535836521 2.49501212808e-17
10.1595365695 1.31626231509e-17
10.4202371586 8.52001006248e-18
10.6876275014 9.73964259447e-18
10.9618792615 1.21172728745e-17
11.2431685075 1.25963440355e-17
11.5316758261 1.22496962053e-17
11.8275864379 1.42249678449e-17
12.1310903163 1.77396549984e-17
12.4423823099 2.13445314046e-17
