#xsec (eV,cm2) for NO3 -> NO + O2
1.01283033864 5.38211860249e-21
1.03882025108 5.54196955407e-21
1.06547708229 5.70592238933e-21
1.09281794584 5.87408236538e-21
1.12086039446 6.04655744031e-21
1.14962243131 6.22345834247e-21
1.1791225215 6.4048986416e-21
1.20937960399 6.59099482168e-21
1.2404131037 6.78186635578e-21
1.27224294404 6.97763578272e-21
1.30488955964 7.17842878574e-21
1.3383739095 7.38437427321e-21
1.37271749046 7.59560446137e-21
1.40794235097 7.81225495922e-21
1.44407110525 8.03446485557e-21
1.48112694784 8.26237680836e-21
1.51913366844 8.49613713622e-21
1.55811566724 8.7358959124e-21
1.59809797053 8.98180706117e-21
1.6391062468 9.23402845656e-21
1.68116682321 9.49272202379e-21
1.7243067025 9.75805384315e-21
1.7685535803 8.14423486251e-21
1.81393586296 1.54425753088e-19
1.86048268573 1.03039693371e-18
1.9082239315 1.23873418667e-18
1.95719024997 4.22542794713e-18
2.00741307733 4.53991983561e-18
2.05892465645 2.63082237088e-18
2.11175805759 1.95676551105e-18
2.16594719958 0.0
2.22152687165 0.0
2.27853275575 0.0
2.33700144945 0.0
2.39697048942 0.0
2.45847837558 0.0
2.52156459575 0.0
2.58626965106 0.0
2.65263508191 0.0
2.72070349466 0.0
2.79051858899 0.0
2.86212518592 0.0
2.93556925662 0.0
3.01089795192 0.0
3.08815963256 0.0
3.16740390025 0.0
3.24868162952 0.0
3.33204500037 0.0
3.41754753178 0.0
3.50524411605 0.0
3.59519105407 0.0
3.68744609143 0.0
3.78206845554 0.0
3.87911889359 0.0
3.97865971161 0.0
4.08075481444 0.0
4.18546974675 0.0
4.29287173515 0.0
4.40302973131 0.0
4.51601445626 0.0
4.63189844577 0.0
4.75075609694 0.0
4.87266371593 0.0
4.997699567 0.0
5.12594392268 0.0
5.25747911539 0.0
5.39238959022 0.0
5.53076195922 0.0
5.67268505691 0.0
5.81824999742 0.0
5.96755023288 0.0
6.1206816135 0.0
6.27774244906 0.0
6.43883357203 0.0
6.60405840233 0.0
6.77352301366 0.0
6.9473362017 0.0
7.12560955386 0.0
7.30845752098 0.0
7.49599749077 0.0
7.68834986321 0.0
7.88563812779 0.0
8.08798894286 0.0
8.29553221689 0.0
8.5084011919 0.0
8.72673252897 0.0
8.95066639602 0.0
9.18034655777 0.0
9.41592046802 0.0
9.65753936436 0.0
9.90535836521 0.0
10.1595365695 0.0
10.4202371586 0.0
10.6876275014 0.0
10.9618792615 0.0
11.2431685075 0.0
11.5316758261 0.0
11.8275864379 0.0
12.1310903163 0.0
12.4423823099 0.0
