#xsec (eV,cm2) for NO3 -> NO + O2
0.137760219318 1e-35
1.76364434404 1e-20
1.76615665792 2e-20
1.7686761396 2e-20
1.7712028198 3e-20
1.77373672942 4e-20
1.77627789952 4e-20
1.77882636135 4e-20
1.78138214635 4e-20
1.78394528613 2e-20
1.78651581248 1e-20
1.78909375738 1e-20
1.79167915298 5e-21
1.79427203164 5e-21
1.79687242589 1e-20
1.79948036845 2e-20
1.80209589224 4e-20
1.80471903037 2e-20
1.80734981613 3e-20
1.80998828301 5e-20
1.81263446471 9e-20
1.81528839511 1.6e-19
1.8179501083 2.5e-19
1.82061963856 3.5e-19
1.82329702039 4.9e-19
1.82598228846 5.9e-19
1.82867547767 5.5e-19
1.83137662313 4e-19
1.83408576015 3.1e-19
1.83680292424 3e-19
1.83952815113 3.6e-19
1.84226147676 4.7e-19
1.84500293729 5.7e-19
1.84775256909 6e-19
1.85051040875 7.5e-19
1.85327649307 1.07e-18
1.85605085907 1.75e-18
1.85883354402 2.97e-18
1.86162458538 4.86e-18
1.86442402085 7.35e-18
1.86723188835 1.15e-17
1.87004822604 1.7e-17
1.8728730723 1.71e-17
1.87570646575 1.02e-17
1.87854844525 5.12e-18
1.88139904987 2.76e-18
1.88425831894 1.68e-18
1.88712629203 1.18e-18
1.89000300894 8.9e-19
1.89288850971 6.9e-19
1.89578283465 5.7e-19
1.89868602429 4.7e-19
1.90159811942 3.9e-19
1.90451916108 3.3e-19
1.90744919056 3.2e-19
1.9103882494 3.7e-19
1.91333637942 4.8e-19
1.91629362266 4.9e-19
1.91926002146 5.6e-19
1.92223561839 6.7e-19
1.92522045631 7.1e-19
1.92821457832 6.9e-19
1.93121802782 6.8e-19
1.93423084846 7.8e-19
1.93725308416 9.8e-19
1.94028477913 1.34e-18
1.94332597784 1.76e-18
1.94637672506 1.64e-18
1.94943706582 1.23e-18
1.95250704545 1.06e-18
1.95558670956 1.32e-18
1.95867610405 1.99e-18
1.9617752751 3.27e-18
1.9648842692 5.02e-18
1.96800313311 6.41e-18
1.97113191393 6.7e-18
1.97427065902 6.89e-18
1.97741941605 6.9e-18
1.98057823301 7e-18
1.98374715818 8.65e-18
1.98692624016 1.17e-17
1.99011552787 1.2e-17
1.99331507052 7.61e-18
1.99652491765 3.98e-18
1.99974511913 2.47e-18
2.00297572514 2.02e-18
2.00621678618 1.83e-18
2.0094683531 1.67e-18
2.01273047705 1.74e-18
2.01600320953 1.99e-18
2.01928660238 2.24e-18
2.02258070777 2.17e-18
2.02588557821 1.69e-18
2.02920126655 1.43e-18
2.032527826 1.35e-18
2.03586531012 1.33e-18
2.0392137728 1.59e-18
2.04257326831 2.32e-18
2.04594385126 3.38e-18
2.04932557663 4.18e-18
2.05271849977 4e-18
2.05612267639 3.39e-18
2.05953816256 2.84e-18
2.06296501475 2.45e-18
2.06640328977 2.45e-18
2.06985304484 2.89e-18
2.07331433756 3.54e-18
2.0767872259 4.09e-18
2.08027176822 4.16e-18
2.0837680233 3.91e-18
2.08727605027 3.92e-18
2.09079590871 4.32e-18
2.09432765855 4.83e-18
2.09787136017 5.19e-18
2.10142707434 5.67e-18
2.10499486224 4.97e-18
2.10857478548 3.58e-18
2.11216690607 2.44e-18
2.11577128645 1.65e-18
2.11938798951 1.23e-18
2.12301707853 9.88e-19
2.12665861726 8.04e-19
2.13031266987 6.2e-19
2.13397930097 3.2e-19
2.13765857562 0.0
2.14135055935 0.0
2.1450553181 0.0
2.14877291831 0.0
2.15250342684 0.0
2.15624691106 0.0
2.16000343878 0.0
2.16377307829 0.0
2.16755589836 0.0
2.17135196823 0.0
2.17516135765 0.0
2.17898413684 0.0
2.18282037652 0.0
2.1866701479 0.0
2.19053352272 0.0
2.19441057321 0.0
2.1983013721 0.0
2.20220599265 0.0
2.20612450865 0.0
2.21005699441 0.0
2.21400352475 0.0
2.21796417507 0.0
2.22193902126 0.0
2.22592813979 0.0
2.22993160767 0.0
2.23394950245 0.0
2.23798190228 0.0
2.24202888583 0.0
2.24609053236 0.0
2.25016692171 0.0
2.25425813429 0.0
2.25836425111 0.0
2.26248535376 0.0
2.26662152443 0.0
2.2707728459 0.0
2.27493940158 0.0
2.27912127548 0.0
2.28331855223 0.0
2.28753131709 0.0
2.29175965594 0.0
2.2960036553 0.0
2.30026340234 0.0
2.30453898487 0.0
2.30883049136 0.0
2.31313801094 0.0
2.31746163339 0.0
2.32180144918 0.0
2.32615754946 0.0
2.33053002606 0.0
2.33491897149 0.0
2.33932447899 0.0
2.34374664246 0.0
2.34818555656 0.0
2.35264131663 0.0
2.35711401875 0.0
2.36160375974 0.0
2.36611063714 0.0
2.37063474926 0.0
2.37517619514 0.0
2.37973507459 0.0
2.3843114882 0.0
2.38890553731 0.0
2.39351732406 0.0
2.39814695138 0.0
2.40279452299 0.0
2.40746014342 0.0
2.41214391802 0.0
2.41684595295 0.0
2.4215663552 0.0
2.42630523261 0.0
2.43106269385 0.0
2.43583884845 0.0
2.44063380682 0.0
2.4454476802 0.0
2.45028058076 0.0
2.45513262151 0.0
2.46000391639 0.0
2.46489458024 0.0
2.46980472881 0.0
2.47473447877 0.0
2.47968394772 0.0
2.48465325423 0.0
2.4896425178 0.0
2.49465185888 0.0
2.49968139892 0.0
2.50473126033 0.0
2.50980156652 0.0
2.51489244191 0.0
2.52000401191 0.0
2.52513640298 0.0
2.53028974258 0.0
2.53546415923 0.0
2.5406597825 0.0
2.54587674304 0.0
2.55111517256 0.0
2.55637520384 0.0
2.56165697079 0.0
2.56696060841 0.0
2.57228625283 0.0
2.57763404129 0.0
2.58300411221 0.0
2.58839660514 0.0
2.5938116608 0.0
2.59924942109 0.0
2.60471002912 0.0
2.61019362918 0.0
2.6157003668 0.0
2.62123038871 0.0
2.62678384293 0.0
2.63236087869 0.0
2.63796164652 0.0
2.64358629821 0.0
2.64923498688 0.0
2.65490786694 0.0
2.66060509412 0.0
2.66632682551 0.0
2.67207321953 0.0
2.67784443599 0.0
2.68364063607 0.0
2.68946198235 0.0
2.69530863883 0.0
2.70118077094 0.0
2.70707854555 0.0
2.71300213099 0.0
2.71895169707 0.0
2.72492741508 0.0
2.73092945785 0.0
2.7369579997 0.0
2.74301321651 0.0
2.74909528573 0.0
2.75520438636 0.0
2.76134069902 0.0
2.76750440594 0.0
2.77369569097 0.0
2.7799147396 0.0
2.78616173902 0.0
2.79243687807 0.0
2.79874034732 0.0
2.80507233905 0.0
2.81143304731 0.0
2.81782266787 0.0
2.82424139832 0.0
2.83068943804 0.0
2.83716698824 0.0
2.84367425198 0.0
2.85021143417 0.0
2.85677874162 0.0
2.86337638305 0.0
2.87000456913 0.0
2.87666351244 0.0
2.88335342759 0.0
2.89007453115 0.0
2.89682704173 0.0
2.90361118 0.0
2.91042716869 0.0
2.91727523262 0.0
2.92415559873 0.0
2.93106849613 0.0
2.93801415607 0.0
2.94499281202 0.0
2.95200469967 0.0
2.95905005695 0.0
2.96612912407 0.0
2.97324214355 0.0
2.98038936025 0.0
2.98757102135 0.0
2.99478737648 0.0
3.00203867763 0.0
3.00932517928 0.0
3.01664713835 0.0
3.0240048143 0.0
3.0313984691 0.0
3.03882836731 0.0
3.04629477607 0.0
3.05379796518 0.0
3.06133820707 0.0
3.06891577689 0.0
3.07653095251 0.0
3.08418401458 0.0
3.09187524654 0.0
3.09960493466 0.0
3.11518083885 0.0
3.13884044016 0.0
3.17908198426 0.0
3.22036876328 0.0
3.26274203648 0.0
3.30624526363 0.0
3.35092425368 0.0
3.39682732565 0.0
3.44400548295 0.0
3.49251260243 0.0
3.54240563961 0.0
3.59374485177 0.0
3.64659404077 0.0
3.7010208175 0.0
3.75709689049 0.0
3.81489838111 0.0
3.87450616832 0.0
3.93600626623 0.0
3.99949023826 0.0
4.06505565201 0.0
4.13280657954 0.0
4.20285414869 0.0
4.27531715125 0.0
4.35032271531 0.0
4.42800704951 0.0
4.50851626859 0.0
4.5920073106 0.0
4.67864895797 0.0
4.76862297639 0.0
4.86212538769 0.0
4.90056116151 0.0
4.95936789545 0.0
4.97928503559 0.0
5.00946252065 0.0
5.04000802383 0.0
5.06057948515 0.0
5.07092831845 0.0
5.12331394158 0.0
5.13392121682 0.0
5.16600822443 0.0
5.27592329303 0.0
5.39061727766 0.0
5.51040877272 0.0
5.63564533574 0.0
5.76670685517 0.0
5.90400939934 0.0
6.0480096286 0.0
6.19920986931 0.0
6.35816396852 0.0
6.52548407296 0.0
6.70184850736 0.0
6.8880109659 0.0
7.08481127921 0.0
7.29318808154 0.0
7.51419378098 0.0
7.74901233664 0.0
7.84710110039 0.0
7.94770496065 0.0
8.0509219082 0.0
8.1568550912 0.0
8.26561315908 0.0
8.3773106342 0.0
8.49206831412 0.0
8.61001370738 0.0
8.73128150607 0.0
8.85601409901 0.0
8.98436212944 0.0
9.11648510193 0.0
9.25255204375 0.0
9.39274222623 0.0
9.53724595279 0.0
9.6862654208 0.0
9.84001566557 0.0
9.99872559566 0.0
10.16263913 0.0
10.3320164489 0.0
10.5071353717 0.0
10.6882928781 0.0
10.8758067883 0.0
11.0700176238 0.0
11.2712906715 0.0
11.4800182765 0.0
13.1898082326 0.0
13.5501855067 0.0
19.8121120783 0.0
49.8729675729 0.0
101.876908288 0.0
199.652491765 0.0
407.84275456 0.0
426.062533973 0.0
504.000802383 0.0
525.356768586 0.0
548.602643302 0.0
984.001566557 0.0
1999.74511913 0.0
5166.00822443 0.0
11271.2906715 0.0
20664.0328977 0.0
