#xsec (eV,cm2) for O2 -> O + O
3.09927876154 0.0
3.09983633476 0.0
3.10039400829 0.0
3.10095178214 0.0
3.10150965635 0.0
3.10206763092 0.0
3.10262570587 0.0
3.10318388122 0.0
3.10374215699 0.0
3.10430053319 0.0
3.10485900985 0.0
3.10541758698 0.0
3.1059762646 0.0
3.10653504273 0.0
3.10709392139 0.0
3.10765290059 0.0
3.10821198035 0.0
3.10877116069 0.0
3.10933044164 0.0
3.1098898232 0.0
3.11044930539 0.0
3.11100888824 0.0
3.11156857176 0.0
3.11212835597 0.0
3.11268824089 0.0
3.11324822653 0.0
3.11380831291 0.0
3.11436850006 0.0
3.11492878799 0.0
3.11548917672 0.0
3.11604966626 0.0
3.11661025664 0.0
3.11717094786 0.0
3.11773173996 0.0
3.11829263295 0.0
3.11885362685 0.0
3.11941472167 0.0
3.11997591743 0.0
3.12053721416 0.0
3.12109861187 0.0
3.12166011057 0.0
3.12222171029 0.0
3.12278341104 0.0
3.12334521285 0.0
3.12390711572 0.0
3.12446911969 0.0
3.12503122476 0.0
3.12559343096 0.0
3.1261557383 0.0
3.1267181468 0.0
3.12728065648 0.0
3.12784326736 0.0
3.12840597945 0.0
3.12896879278 0.0
3.12953170736 0.0
3.13009472321 0.0
3.13065784036 0.0
3.1312210588 0.0
3.13178437858 0.0
3.1323477997 0.0
3.13291132217 0.0
3.13347494603 0.0
3.13403867129 0.0
3.13460249797 0.0
3.13516642607 0.0
3.13573045564 0.0
3.13629458667 0.0
3.13685881919 0.0
3.13742315322 0.0
3.13798758878 0.0
3.13855212588 0.0
3.13911676454 0.0
3.13968150479 0.0
3.14024634663 0.0
3.14081129009 0.0
3.14137633519 0.0
3.14194148194 0.0
3.14250673036 0.0
3.14307208047 0.0
3.1436375323 0.0
3.14420308585 0.0
3.14476874114 0.0
3.1453344982 0.0
3.14590035704 0.0
3.14646631768 0.0
3.14703238014 0.0
3.14759854444 0.0
3.14816481059 0.0
3.14873117861 0.0
3.14929764853 0.0
3.14986422036 0.0
3.15043089412 0.0
3.15099766982 0.0
3.15156454749 0.0
3.15213152714 0.0
3.1526986088 0.0
3.15326579247 0.0
3.15383307818 0.0
3.15440046595 0.0
3.1549679558 0.0
3.15553554774 0.0
3.15610324179 0.0
3.15667103797 0.0
3.15723893631 0.0
3.15780693681 0.0
3.15837503949 0.0
3.15894324438 0.0
3.15951155149 0.0
3.16007996084 0.0
3.16064847245 0.0
3.16121708634 0.0
3.16178580253 0.0
3.16235462102 0.0
3.16292354186 0.0
3.16349256504 0.0
3.16406169059 0.0
3.16463091853 0.0
3.16520024888 0.0
3.16576968165 0.0
3.16633921687 0.0
3.16690885455 0.0
3.1674785947 0.0
3.16804843736 0.0
3.16861838253 0.0
3.16918843024 0.0
3.1697585805 0.0
3.17032883334 0.0
3.17089918876 0.0
3.1714696468 0.0
3.17204020746 0.0
3.17261087077 0.0
3.17318163675 0.0
3.1737525054 0.0
3.17432347676 0.0
3.17489455084 0.0
3.17546572766 0.0
3.17603700724 0.0
3.17660838959 0.0
3.17717987473 0.0
3.17775146269 0.0
3.17832315348 0.0
3.17889494711 0.0
3.17946684362 0.0
3.18003884301 0.0
3.18061094531 0.0
3.18118315053 0.0
3.18175545869 0.0
3.18232786982 0.0
3.18290038392 0.0
3.18347300102 0.0
3.18404572114 0.0
3.18461854429 0.0
3.18519147049 0.0
3.18576449977 0.0
3.18633763214 0.0
3.18691086761 0.0
3.18748420622 0.0
3.18805764797 0.0
3.18863119288 0.0
3.18920484098 0.0
3.18977859228 0.0
3.19035244679 0.0
3.19092640455 0.0
3.19150046557 0.0
3.19207462986 0.0
3.19264889745 0.0
3.19322326834 0.0
3.19379774257 0.0
3.19437232016 0.0
3.19494700111 0.0
3.19552178544 0.0
3.19609667319 0.0
3.19667166436 0.0
3.19724675897 0.0
3.19782195704 0.0
3.19839725859 0.0
3.19897266365 0.0
3.19954817222 0.0
3.20012378433 0.0
3.20069949999 0.0
3.20127531922 0.0
3.20185124205 0.0
3.20242726849 0.0
3.20300339856 0.0
3.20357963228 0.0
3.20415596966 0.0
3.20473241073 0.0
3.20530895551 0.0
3.205885604 0.0
3.20646235624 0.0
3.20703921224 0.0
3.20761617201 0.0
3.20819323559 0.0
3.20877040298 0.0
3.2093476742 0.0
3.20992504928 0.0
3.21050252823 0.0
3.21108011108 0.0
3.21165779783 0.0
3.21223558851 0.0
3.21281348313 0.0
3.21339148173 0.0
3.2139695843 0.0
3.21454779088 0.0
3.21512610148 0.0
3.21570451613 0.0
3.21628303483 0.0
3.21686165761 0.0
3.21744038448 0.0
3.21801921547 0.0
3.2185981506 0.0
3.21917718988 0.0
3.21975633333 0.0
3.22033558097 0.0
3.22091493282 0.0
3.22149438889 0.0
3.22207394922 0.0
3.22265361381 0.0
3.22323338268 0.0
3.22381325586 0.0
3.22439323335 0.0
3.22497331519 0.0
3.22555350139 0.0
3.22613379196 0.0
3.22671418694 0.0
3.22729468632 0.0
3.22787529014 0.0
3.22845599842 0.0
3.22903681116 0.0
3.2296177284 0.0
3.23019875015 0.0
3.23077987642 0.0
3.23136110724 0.0
3.23194244263 0.0
3.2325238826 0.0
3.23310542718 0.0
3.23368707638 0.0
3.23426883022 0.0
3.23485068872 0.0
3.23543265189 0.0
3.23601471977 0.0
3.23659689236 0.0
3.23717916969 0.0
3.23776155177 0.0
3.23834403862 0.0
3.23892663027 0.0
3.23950932673 0.0
3.24009212801 0.0
3.24067503415 0.0
3.24125804515 0.0
3.24184116104 0.0
3.24242438183 0.0
3.24300770755 0.0
3.24359113821 0.0
3.24417467383 0.0
3.24475831443 0.0
3.24534206003 0.0
3.24592591065 0.0
3.24650986631 0.0
3.24709392702 0.0
3.24767809281 0.0
3.24826236369 0.0
3.24884673969 0.0
3.24943122081 0.0
3.25001580709 0.0
3.25060049853 0.0
3.25118529517 0.0
3.25177019701 0.0
3.25235520408 0.0
3.25294031639 0.0
3.25352553397 0.0
3.25411085683 0.0
3.25469628499 0.0
3.25528181848 0.0
3.2558674573 0.0
3.25645320148 0.0
3.25703905104 0.0
3.257625006 0.0
3.25821106637 0.0
3.25879723218 0.0
3.25938350344 0.0
3.25996988018 0.0
3.2605563624 0.0
3.26114295014 0.0
3.2617296434 0.0
3.26231644222 0.0
3.2629033466 0.0
3.26349035657 0.0
3.26407747214 0.0
3.26466469334 0.0
3.26525202018 0.0
3.26583945269 0.0
3.26642699087 0.0
3.26701463476 0.0
3.26760238437 0.0
3.26819023971 0.0
3.26877820081 0.0
3.26936626769 0.0
3.26995444037 0.0
3.27054271886 0.0
3.27113110318 0.0
3.27171959336 0.0
3.27230818941 0.0
3.27289689135 0.0
3.27348569919 0.0
3.27407461297 0.0
3.2746636327 0.0
3.27525275839 0.0
3.27584199007 0.0
3.27643132776 0.0
3.27702077146 0.0
3.27761032122 0.0
3.27819997703 0.0
3.27878973893 0.0
3.27937960692 0.0
3.27996958104 0.0
3.2805596613 0.0
3.28114984771 0.0
3.2817401403 0.0
3.28233053909 0.0
3.28292104409 0.0
3.28351165532 0.0
3.28410237281 0.0
3.28469319658 0.0
3.28528412663 0.0
3.28587516299 0.0
3.28646630569 0.0
3.28705755473 0.0
3.28764891014 0.0
3.28824037194 0.0
3.28883194015 0.0
3.28942361478 0.0
3.29001539585 0.0
3.29060728339 0.0
3.29119927742 0.0
3.29179137794 0.0
3.29238358499 0.0
3.29297589857 0.0
3.29356831872 0.0
3.29416084545 0.0
3.29475347877 0.0
3.29534621871 0.0
3.29593906529 0.0
3.29653201852 0.0
3.29712507843 0.0
3.29771824503 0.0
3.29831151834 0.0
3.29890489839 0.0
3.29949838519 0.0
3.30009197876 0.0
3.30068567911 0.0
3.30127948628 0.0
3.30187340028 0.0
3.30246742112 0.0
3.30306154883 0.0
3.30365578343 0.0
3.30425012493 0.0
3.30484457336 0.0
3.30543912873 0.0
3.30603379107 0.0
3.30662856038 0.0
3.3072234367 0.0
3.30781842004 0.0
3.30841351042 0.0
3.30900870785 0.0
3.30960401237 0.0
3.31019942398 0.0
3.31079494271 0.0
3.31139056858 0.0
3.3119863016 0.0
3.3125821418 0.0
3.31317808919 0.0
3.3137741438 0.0
3.31437030563 0.0
3.31496657472 0.0
3.31556295109 0.0
3.31615943474 0.0
3.3167560257 0.0
3.31735272399 0.0
3.31794952963 0.0
3.31854644264 0.0
3.31914346303 0.0
3.31974059083 0.0
3.32033782606 0.0
3.32093516873 0.0
3.32153261887 0.0
3.32213017649 0.0
3.32272784161 0.0
3.32332561425 0.0
3.32392349444 0.0
3.32452148219 0.0
3.32511957752 0.0
3.32571778045 0.0
3.326316091 0.0
3.32691450918 0.0
3.32751303503 0.0
3.32811166855 0.0
3.32871040977 0.0
3.3293092587 0.0
3.32990821537 0.0
3.3305072798 0.0
3.33110645199 0.0
3.33170573199 0.0
3.33230511979 0.0
3.33290461543 0.0
3.33350421892 0.0
3.33410393028 0.0
3.33470374953 0.0
3.33530367669 0.0
3.33590371178 0.0
3.33650385482 0.0
3.33710410583 0.0
3.33770446483 0.0
3.33830493183 0.0
3.33890550686 0.0
3.33950618994 0.0
3.34010698108 0.0
3.3407078803 0.0
3.34130888763 0.0
3.34191000308 0.0
3.34251122668 0.0
3.34311255844 0.0
3.34371399838 0.0
3.34431554652 0.0
3.34491720289 0.0
3.34551896749 0.0
3.34612084036 0.0
3.3467228215 0.0
3.34732491094 0.0
3.34792710871 0.0
3.3485294148 0.0
3.34913182926 0.0
3.34973435209 0.0
3.35033698332 0.0
3.35093972297 0.0
3.35154257105 0.0
3.35214552759 0.0
3.3527485926 0.0
3.3533517661 0.0
3.35395504812 0.0
3.35455843867 0.0
3.35516193777 0.0
3.35576554545 0.0
3.35636926171 0.0
3.35697308659 0.0
3.3575770201 0.0
3.35818106226 0.0
3.35878521309 0.0
3.3593894726 0.0
3.35999384083 0.0
3.36059831779 0.0
3.36120290349 0.0
3.36180759796 0.0
3.36241240122 0.0
3.36301731328 0.0
3.36362233417 0.0
3.36422746391 0.0
3.36483270251 0.0
3.36543804999 0.0
3.36604350638 0.0
3.3666490717 0.0
3.36725474596 0.0
3.36786052918 0.0
3.36846642138 0.0
3.36907242259 0.0
3.36967853282 0.0
3.37028475209 0.0
3.37089108042 0.0
3.37149751784 0.0
3.37210406435 0.0
3.37271071999 0.0
3.37331748476 0.0
3.3739243587 0.0
3.37453134181 0.0
3.37513843412 0.0
3.37574563565 0.0
3.37635294642 0.0
3.37696036645 0.0
3.37756789575 0.0
3.37817553435 0.0
3.37878328227 0.0
3.37939113952 0.0
3.37999910613 0.0
3.38060718212 0.0
3.3812153675 0.0
3.3818236623 0.0
3.38243206653 0.0
3.38304058021 0.0
3.38364920337 0.0
3.38425793602 0.0
3.38486677819 0.0
3.38547572989 0.0
3.38608479114 0.0
3.38669396197 0.0
3.38730324239 0.0
3.38791263242 0.0
3.38852213208 0.0
3.3891317414 0.0
3.38974146038 0.0
3.39035128906 0.0
3.39096122744 0.0
3.39157127556 0.0
3.39218143343 0.0
3.39279170106 0.0
3.39340207849 0.0
3.39401256573 0.0
3.39462316279 0.0
3.39523386971 0.0
3.39584468649 0.0
3.39645561316 0.0
3.39706664974 0.0
3.39767779625 0.0
3.39828905271 0.0
3.39890041913 0.0
3.39951189554 0.0
3.40012348196 0.0
3.40073517841 0.0
3.4013469849 0.0
3.40195890146 0.0
3.4025709281 0.0
3.40318306485 0.0
3.40379531173 0.0
3.40440766875 0.0
3.40502013594 0.0
3.40563271331 0.0
3.40624540089 0.0
3.4068581987 0.0
3.40747110675 0.0
3.40808412506 0.0
3.40869725366 0.0
3.40931049256 0.0
3.40992384179 0.0
3.41053730136 0.0
3.41115087129 0.0
3.41176455161 0.0
3.41237834233 0.0
3.41299224348 0.0
3.41360625507 0.0
3.41422037712 0.0
3.41483460966 0.0
3.41544895269 0.0
3.41606340626 0.0
3.41667797036 0.0
3.41729264503 0.0
3.41790743028 0.0
3.41852232613 0.0
3.4191373326 0.0
3.41975244972 0.0
3.4203676775 0.0
3.42098301596 0.0
3.42159846512 0.0
3.422214025 0.0
3.42282969563 0.0
3.42344547702 0.0
3.42406136919 0.0
3.42467737216 0.0
3.42529348595 0.0
3.42590971059 0.0
3.42652604608 0.0
3.42714249246 0.0
3.42775904974 0.0
3.42837571794 0.0
3.42899249708 0.0
3.42960938718 0.0
3.43022638826 0.0
3.43084350035 0.0
3.43146072345 0.0
3.4320780576 0.0
3.4326955028 0.0
3.43331305909 0.0
3.43393072648 0.0
3.43454850499 0.0
3.43516639464 0.0
3.43578439545 0.0
3.43640250745 0.0
3.43702073064 0.0
3.43763906505 0.0
3.43825751071 0.0
3.43887606763 0.0
3.43949473582 0.0
3.44011351532 0.0
3.44073240614 0.0
3.4413514083 0.0
3.44197052182 0.0
3.44258974673 0.0
3.44320908303 0.0
3.44382853076 0.0
3.44444808992 0.0
3.44506776055 0.0
3.44568754266 0.0
3.44630743627 0.0
3.4469274414 0.0
3.44754755807 0.0
3.44816778631 0.0
3.44878812613 0.0
3.44940857754 0.0
3.45002914058 0.0
3.45064981527 0.0
3.45127060161 0.0
3.45189149964 0.0
3.45251250936 0.0
3.45313363081 0.0
3.45375486401 0.0
3.45437620896 0.0
3.4549976657 0.0
3.45561923424 0.0
3.4562409146 0.0
3.45686270681 0.0
3.45748461088 0.0
3.45810662683 0.0
3.45872875469 0.0
3.45935099447 0.0
3.45997334619 0.0
3.46059580987 0.0
3.46121838554 0.0
3.46184107322 0.0
3.46246387292 0.0
3.46308678466 0.0
3.46370980847 0.0
3.46433294436 0.0
3.46495619235 0.0
3.46557955247 0.0
3.46620302474 0.0
3.46682660917 0.0
3.46745030579 0.0
3.46807411461 0.0
3.46869803566 0.0
3.46932206895 0.0
3.46994621451 0.0
3.47057047236 0.0
3.47119484251 0.0
3.47181932499 0.0
3.47244391982 0.0
3.47306862702 0.0
3.4736934466 0.0
3.47431837859 0.0
3.47494342301 0.0
3.47556857987 0.0
3.47619384921 0.0
3.47681923103 0.0
3.47744472536 0.0
3.47807033222 0.0
3.47869605163 0.0
3.47932188361 0.0
3.47994782818 0.0
3.48057388536 0.0
3.48120005517 0.0
3.48182633763 0.0
3.48245273276 0.0
3.48307924058 0.0
3.48370586111 0.0
3.48433259438 0.0
3.48495944039 0.0
3.48558639918 0.0
3.48621347076 0.0
3.48684065516 0.0
3.48746795239 0.0
3.48809536247 0.0
3.48872288542 0.0
3.48935052127 0.0
3.48997827003 0.0
3.49060613173 0.0
3.49123410638 0.0
3.49186219401 0.0
3.49249039463 0.0
3.49311870827 0.0
3.49374713495 0.0
3.49437567468 0.0
3.49500432749 0.0
3.4956330934 0.0
3.49626197242 0.0
3.49689096458 0.0
3.4975200699 0.0
3.4981492884 0.0
3.4987786201 0.0
3.49940806502 0.0
3.50003762317 0.0
3.50066729459 0.0
3.50129707929 0.0
3.50192697729 0.0
3.50255698861 0.0
3.50318711327 0.0
3.50381735129 0.0
3.5044477027 0.0
3.50507816751 0.0
3.50570874574 0.0
3.50633943742 0.0
3.50697024256 0.0
3.50760116118 0.0
3.50823219331 0.0
3.50886333897 0.0
3.50949459817 0.0
3.51012597093 0.0
3.51075745729 0.0
3.51138905725 0.0
3.51202077083 0.0
3.51265259807 0.0
3.51328453897 0.0
3.51391659357 0.0
3.51454876187 0.0
3.5151810439 0.0
3.51581343968 0.0
3.51644594924 0.0
3.51707857258 0.0
3.51771130974 0.0
3.51834416072 0.0
3.51897712556 0.0
3.51961020428 0.0
3.52024339688 0.0
3.5208767034 0.0
3.52151012386 0.0
3.52214365827 0.0
3.52277730665 0.0
3.52341106903 0.0
3.52404494543 0.0
3.52467893587 0.0
3.52531304036 0.0
3.52594725893 0.0
3.5265815916 0.0
3.52721603839 0.0
3.52785059932 0.0
3.5284852744 0.0
3.52912006367 0.0
3.52975496714 0.0
3.53038998484 0.0
3.53102511677 0.0
3.53166036297 0.0
3.53229572345 0.0
3.53293119823 0.0
3.53356678734 0.0
3.5342024908 0.0
3.53483830861 0.0
3.53547424082 0.0
3.53611028743 0.0
3.53674644847 0.0
3.53738272396 0.0
3.53801911392 0.0
3.53865561837 0.0
3.53929223732 0.0
3.53992897081 0.0
3.54056581885 0.0
3.54120278146 0.0
3.54183985866 0.0
3.54247705047 0.0
3.54311435692 0.0
3.54375177802 0.0
3.5443893138 0.0
3.54502696427 0.0
3.54566472946 0.0
3.54630260938 0.0
3.54694060407 0.0
3.54757871353 0.0
3.54821693778 0.0
3.54885527686 0.0
3.54949373078 0.0
3.55013229956 0.0
3.55077098322 0.0
3.55140978178 0.0
3.55204869526 0.0
3.55268772369 0.0
3.55332686708 0.0
3.55396612545 0.0
3.55460549884 0.0
3.55524498724 0.0
3.55588459069 0.0
3.55652430922 0.0
3.55716414282 0.0
3.55780409154 0.0
3.55844415539 0.0
3.55908433438 0.0
3.55972462855 0.0
3.56036503791 0.0
3.56100556248 0.0
3.56164620229 0.0
3.56228695735 0.0
3.56292782768 0.0
3.56356881331 0.0
3.56420991425 0.0
3.56485113053 0.0
3.56549246217 0.0
3.56613390919 0.0
3.5667754716 0.0
3.56741714944 0.0
3.56805894272 0.0
3.56870085145 0.0
3.56934287567 0.0
3.5699850154 0.0
3.57062727064 0.0
3.57126964143 0.0
3.57191212779 0.0
3.57255472973 0.0
3.57319744728 0.0
3.57384028045 0.0
3.57448322928 0.0
3.57512629377 0.0
3.57576947395 0.0
3.57641276985 0.0
3.57705618147 0.0
3.57769970885 0.0
3.578343352 0.0
3.57898711095 0.0
3.57963098571 0.0
3.58027497631 0.0
3.58091908276 0.0
3.58156330509 0.0
3.58220764332 0.0
3.58285209747 0.0
3.58349666755 0.0
3.5841413536 0.0
3.58478615563 0.0
3.58543107367 0.0
3.58607610772 0.0
3.58672125782 0.0
3.58736652399 0.0
3.58801190624 0.0
3.5886574046 0.0
3.58930301909 0.0
3.58994874972 0.0
3.59059459653 0.0
3.59124055952 0.0
3.59188663873 0.0
3.59253283417 0.0
3.59317914586 0.0
3.59382557383 0.0
3.59447211809 0.0
3.59511877867 0.0
3.59576555559 0.0
3.59641244886 0.0
3.59705945851 0.0
3.59770658456 0.0
3.59835382703 0.0
3.59900118595 0.0
3.59964866132 0.0
3.60029625318 0.0
3.60094396155 0.0
3.60159178644 0.0
3.60223972787 0.0
3.60288778588 0.0
3.60353596047 0.0
3.60418425167 0.0
3.6048326595 0.0
3.60548118399 0.0
3.60612982514 0.0
3.60677858299 0.0
3.60742745755 0.0
3.60807644885 0.0
3.60872555691 0.0
3.60937478174 0.0
3.61002412337 0.0
3.61067358182 0.0
3.6113231571 0.0
3.61197284926 0.0
3.61262265829 0.0
3.61327258422 0.0
3.61392262709 0.0
3.61457278689 0.0
3.61522306366 0.0
3.61587345742 0.0
3.61652396819 0.0
3.61717459599 0.0
3.61782534084 0.0
3.61847620276 0.0
3.61912718177 0.0
3.6197782779 0.0
3.62042949116 0.0
3.62108082158 0.0
3.62173226918 0.0
3.62238383397 0.0
3.62303551598 0.0
3.62368731524 0.0
3.62433923175 0.0
3.62499126555 0.0
3.62564341665 0.0
3.62629568507 0.0
3.62694807084 0.0
3.62760057398 0.0
3.62825319451 0.0
3.62890593244 0.0
3.62955878781 0.0
3.63021176063 0.0
3.63086485092 0.0
3.6315180587 0.0
3.632171384 0.0
3.63282482683 0.0
3.63347838722 0.0
3.63413206519 0.0
3.63478586076 0.0
3.63543977395 0.0
3.63609380478 0.0
3.63674795327 0.0
3.63740221945 0.0
3.63805660333 0.0
3.63871110494 0.0
3.6393657243 0.0
3.64002046143 0.0
3.64067531634 0.0
3.64133028907 0.0
3.64198537963 0.0
3.64264058804 0.0
3.64329591433 0.0
3.64395135851 0.0
3.64460692061 0.0
3.64526260065 0.0
3.64591839865 0.0
3.64657431463 0.0
3.64723034861 0.0
3.64788650062 0.0
3.64854277066 0.0
3.64919915878 0.0
3.64985566498 0.0
3.65051228929 0.0
3.65116903173 0.0
3.65182589232 0.0
3.65248287108 0.0
3.65313996804 0.0
3.65379718321 0.0
3.65445451661 0.0
3.65511196828 0.0
3.65576953822 0.0
3.65642722646 0.0
3.65708503302 0.0
3.65774295792 0.0
3.65840100119 0.0
3.65905916284 0.0
3.6597174429 0.0
3.66037584139 0.0
3.66103435832 0.0
3.66169299372 0.0
3.66235174762 0.0
3.66301062003 0.0
3.66366961097 0.0
3.66432872046 0.0
3.66498794854 0.0
3.66564729521 0.0
3.6663067605 0.0
3.66696634443 0.0
3.66762604702 0.0
3.6682858683 0.0
3.66894580828 0.0
3.66960586699 0.0
3.67026604444 0.0
3.67092634066 0.0
3.67158675568 0.0
3.6722472895 0.0
3.67290794216 0.0
3.67356871367 0.0
3.67422960406 0.0
3.67489061334 0.0
3.67555174154 0.0
3.67621298868 0.0
3.67687435479 0.0
3.67753583987 0.0
3.67819744396 0.0
3.67885916708 0.0
3.67952100924 0.0
3.68018297047 0.0
3.68084505079 0.0
3.68150725022 0.0
3.68216956878 0.0
3.6828320065 0.0
3.68349456339 0.0
3.68415723948 0.0
3.68482003478 0.0
3.68548294933 0.0
3.68614598314 0.0
3.68680913623 0.0
3.68747240862 0.0
3.68813580034 0.0
3.68879931141 0.0
3.68946294184 0.0
3.69012669167 0.0
3.6907905609 0.0
3.69145454957 0.0
3.6921186577 0.0
3.6927828853 0.0
3.69344723239 0.0
3.69411169901 0.0
3.69477628516 0.0
3.69544099088 0.0
3.69610581618 0.0
3.69677076109 0.0
3.69743582562 0.0
3.6981010098 0.0
3.69876631365 0.0
3.69943173719 0.0
3.70009728044 0.0
3.70076294343 0.0
3.70142872617 0.0
3.70209462869 0.0
3.70276065101 0.0
3.70342679315 0.0
3.70409305513 0.0
3.70475943697 0.0
3.7054259387 0.0
3.70609256034 0.0
3.7067593019 0.0
3.70742616341 0.0
3.70809314489 0.0
3.70876024637 0.0
3.70942746786 0.0
3.71009480939 0.0
3.71076227097 0.0
3.71142985264 0.0
3.7120975544 0.0
3.71276537629 0.0
3.71343331832 0.0
3.71410138051 0.0
3.7147695629 0.0
3.71543786549 0.0
3.71610628831 0.0
3.71677483139 0.0
3.71744349473 0.0
3.71811227838 0.0
3.71878118234 0.0
3.71945020664 0.0
3.7201193513 0.0
3.72078861634 0.0
3.72145800178 0.0
3.72212750765 0.0
3.72279713397 0.0
3.72346688075 0.0
3.72413674803 0.0
3.72480673582 0.0
3.72547684414 0.0
3.72614707302 0.0
3.72681742247 0.0
3.72748789252 0.0
3.7281584832 0.0
3.72882919451 0.0
3.72950002649 0.0
3.73017097915 0.0
3.73084205252 0.0
3.73151324662 0.0
3.73218456147 0.0
3.7328559971 0.0
3.73352755352 0.0
3.73419923075 0.0
3.73487102882 0.0
3.73554294775 0.0
3.73621498756 0.0
3.73688714827 0.0
3.73755942991 0.0
3.7382318325 0.0
3.73890435605 0.0
3.73957700059 0.0
3.74024976614 0.0
3.74092265273 0.0
3.74159566037 0.0
3.74226878909 0.0
3.74294203891 0.0
3.74361540985 0.0
3.74428890193 0.0
3.74496251517 0.0
3.7456362496 0.0
3.74631010524 0.0
3.74698408211 0.0
3.74765818023 0.0
3.74833239962 0.0
3.74900674031 0.0
3.74968120231 0.0
3.75035578565 0.0
3.75103049036 0.0
3.75170531644 0.0
3.75238026393 0.0
3.75305533284 0.0
3.75373052321 0.0
3.75440583504 0.0
3.75508126836 0.0
3.7557568232 0.0
3.75643249957 0.0
3.7571082975 0.0
3.757784217 0.0
3.75846025811 0.0
3.75913642084 0.0
3.75981270522 0.0
3.76048911126 0.0
3.76116563899 0.0
3.76184228843 0.0
3.7625190596 0.0
3.76319595253 0.0
3.76387296723 0.0
3.76455010373 0.0
3.76522736205 0.0
3.76590474221 0.0
3.76658224424 0.0
3.76725986815 0.0
3.76793761397 0.0
3.76861548171 0.0
3.76929347141 0.0
3.76997158308 0.0
3.77064981675 0.0
3.77132817243 0.0
3.77200665015 0.0
3.77268524994 0.0
3.7733639718 0.0
3.77404281578 0.0
3.77472178187 0.0
3.77540087012 0.0
3.77608008054 0.0
3.77675941315 0.0
3.77743886798 0.0
3.77811844504 0.0
3.77879814436 0.0
3.77947796596 0.0
3.78015790986 0.0
3.78083797609 0.0
3.78151816467 0.0
3.78219847561 0.0
3.78287890895 0.0
3.7835594647 0.0
3.78424014288 0.0
3.78492094352 0.0
3.78560186664 0.0
3.78628291226 0.0
3.7869640804 0.0
3.78764537109 0.0
3.78832678435 0.0
3.78900832019 0.0
3.78968997865 0.0
3.79037175973 0.0
3.79105366348 0.0
3.7917356899 0.0
3.79241783902 0.0
3.79310011086 0.0
3.79378250545 0.0
3.7944650228 0.0
3.79514766294 0.0
3.79583042588 0.0
3.79651331166 0.0
3.7971963203 0.0
3.79787945181 0.0
3.79856270622 0.0
3.79924608355 0.0
3.79992958382 0.0
3.80061320706 0.0
3.80129695328 0.0
3.80198082251 0.0
3.80266481477 0.0
3.80334893009 0.0
3.80403316848 0.0
3.80471752997 0.0
3.80540201458 0.0
3.80608662232 0.0
3.80677135324 0.0
3.80745620734 0.0
3.80814118464 0.0
3.80882628518 0.0
3.80951150897 0.0
3.81019685604 0.0
3.8108823264 0.0
3.81156792008 0.0
3.8122536371 0.0
3.81293947748 0.0
3.81362544125 0.0
3.81431152843 0.0
3.81499773904 0.0
3.8156840731 0.0
3.81637053064 0.0
3.81705711167 0.0
3.81774381622 0.0
3.81843064431 0.0
3.81911759596 0.0
3.8198046712 0.0
3.82049187005 0.0
3.82117919253 0.0
3.82186663866 0.0
3.82255420846 0.0
3.82324190196 0.0
3.82392971918 0.0
3.82461766014 0.0
3.82530572487 0.0
3.82599391338 0.0
3.8266822257 0.0
3.82737066184 0.0
3.82805922185 0.0
3.82874790572 0.0
3.82943671349 0.0
3.83012564519 0.0
3.83081470082 0.0
3.83150388042 0.0
3.832193184 0.0
3.8328826116 0.0
3.83357216322 0.0
3.8342618389 0.0
3.83495163865 0.0
3.8356415625 0.0
3.83633161047 0.0
3.83702178258 0.0
3.83771207886 0.0
3.83840249933 0.0
3.839093044 0.0
3.83978371291 0.0
3.84047450607 0.0
3.84116542351 0.0
3.84185646524 0.0
3.8425476313 0.0
3.8432389217 0.0
3.84393033647 0.0
3.84462187562 0.0
3.84531353919 0.0
3.84600532719 0.0
3.84669723965 0.0
3.84738927658 0.0
3.84808143801 0.0
3.84877372397 0.0
3.84946613447 0.0
3.85015866954 0.0
3.8508513292 0.0
3.85154411347 0.0
3.85223702237 0.0
3.85293005594 0.0
3.85362321418 0.0
3.85431649713 0.0
3.8550099048 0.0
3.85570343721 0.0
3.8563970944 0.0
3.85709087638 0.0
3.85778478317 0.0
3.8584788148 0.0
3.85917297128 0.0
3.85986725265 0.0
3.86056165893 0.0
3.86125619013 0.0
3.86195084628 0.0
3.8626456274 0.0
3.86334053351 0.0
3.86403556464 0.0
3.86473072081 0.0
3.86542600205 0.0
3.86612140836 0.0
3.86681693978 0.0
3.86751259634 0.0
3.86820837804 0.0
3.86890428492 0.0
3.86960031699 0.0
3.87029647428 0.0
3.87099275682 0.0
3.87168916461 0.0
3.8723856977 0.0
3.87308235609 0.0
3.87377913982 0.0
3.8744760489 0.0
3.87517308336 0.0
3.87587024321 0.0
3.87656752849 0.0
3.87726493922 0.0
3.87796247541 0.0
3.87866013709 0.0
3.87935792428 0.0
3.88005583701 0.0
3.88075387529 0.0
3.88145203915 0.0
3.88215032862 0.0
3.88284874371 0.0
3.88354728445 0.0
3.88424595086 0.0
3.88494474297 0.0
3.88564366079 0.0
3.88634270434 0.0
3.88704187366 0.0
3.88774116876 0.0
3.88844058967 0.0
3.88914013641 0.0
3.889839809 0.0
3.89053960746 0.0
3.89123953182 0.0
3.8919395821 0.0
3.89263975832 0.0
3.8933400605 0.0
3.89404048867 0.0
3.89474104285 0.0
3.89544172307 0.0
3.89614252934 0.0
3.89684346169 0.0
3.89754452013 0.0
3.89824570471 0.0
3.89894701542 0.0
3.89964845231 0.0
3.90035001539 0.0
3.90105170468 0.0
3.90175352021 0.0
3.902455462 0.0
3.90315753007 0.0
3.90385972444 0.0
3.90456204515 0.0
3.9052644922 0.0
3.90596706563 0.0
3.90666976545 0.0
3.90737259169 0.0
3.90807554438 0.0
3.90877862352 0.0
3.90948182916 0.0
3.9101851613 0.0
3.91088861998 0.0
3.91159220521 0.0
3.91229591702 0.0
3.91299975543 0.0
3.91370372046 0.0
3.91440781214 0.0
3.91511203049 0.0
3.91581637553 0.0
3.91652084728 0.0
3.91722544578 0.0
3.91793017103 0.0
3.91863502306 0.0
3.91934000191 0.0
3.92004510758 0.0
3.9207503401 0.0
3.92145569949 0.0
3.92216118579 0.0
3.922866799 0.0
3.92357253915 0.0
3.92427840628 0.0
3.92498440039 0.0
3.92569052151 0.0
3.92639676966 0.0
3.92710314487 0.0
3.92780964717 0.0
3.92851627656 0.0
3.92922303308 0.0
3.92992991675 0.0
3.93063692759 0.0
3.93134406562 0.0
3.93205133088 0.0
3.93275872337 0.0
3.93346624312 0.0
3.93417389016 0.0
3.93488166451 0.0
3.93558956619 0.0
3.93629759523 0.0
3.93700575164 0.0
3.93771403545 0.0
3.93842244669 0.0
3.93913098537 0.0
3.93983965152 0.0
3.94054844516 0.0
3.94125736632 0.0
3.94196641502 0.0
3.94267559127 0.0
3.94338489511 0.0
3.94409432656 0.0
3.94480388564 0.0
3.94551357237 0.0
3.94622338677 0.0
3.94693332887 0.0
3.9476433987 0.0
3.94835359627 0.0
3.94906392161 0.0
3.94977437473 0.0
3.95048495567 0.0
3.95119566445 0.0
3.95190650109 0.0
3.95261746561 0.0
3.95332855803 0.0
3.95403977839 0.0
3.95475112669 0.0
3.95546260297 0.0
3.95617420725 0.0
3.95688593955 0.0
3.95759779989 0.0
3.9583097883 0.0
3.9590219048 0.0
3.95973414941 0.0
3.96044652215 0.0
3.96115902306 0.0
3.96187165214 0.0
3.96258440944 0.0
3.96329729496 0.0
3.96401030873 0.0
3.96472345077 0.0
3.96543672112 0.0
3.96615011978 0.0
3.96686364679 0.0
3.96757730216 0.0
3.96829108592 0.0
3.9690049981 0.0
3.96971903871 0.0
3.97043320778 0.0
3.97114750533 0.0
3.97186193138 0.0
3.97257648597 0.0
3.97329116911 0.0
3.97400598082 0.0
3.97472092113 0.0
3.97543599005 0.0
3.97615118763 0.0
3.97686651387 0.0
3.9775819688 0.0
3.97829755244 0.0
3.97901326482 0.0
3.97972910596 0.0
3.98044507589 0.0
3.98116117461 0.0
3.98187740217 0.0
3.98259375858 0.0
3.98331024387 0.0
3.98402685805 0.0
3.98474360116 0.0
3.98546047321 0.0
3.98617747423 0.0
3.98689460424 0.0
3.98761186327 0.0
3.98832925133 0.0
3.98904676845 0.0
3.98976441466 0.0
3.99048218998 0.0
3.99120009443 0.0
3.99191812803 0.0
3.99263629081 0.0
3.99335458279 0.0
3.99407300399 0.0
3.99479155444 0.0
3.99551023416 0.0
3.99622904318 0.0
3.99694798151 0.0
3.99766704918 0.0
3.99838624621 0.0
3.99910557263 0.0
3.99982502846 0.0
4.00054461372 0.0
4.00126432844 0.0
4.00198417264 0.0
4.00270414635 0.0
4.00342424957 0.0
4.00414448235 0.0
4.0048648447 0.0
4.00558533665 0.0
4.00630595822 0.0
4.00702670943 0.0
4.0077475903 0.0
4.00846860087 0.0
4.00918974115 0.0
4.00991101116 0.0
4.01063241093 0.0
4.01135394049 0.0
4.01207559985 0.0
4.01279738905 0.0
4.01351930809 0.0
4.01424135701 0.0
4.01496353583 0.0
4.01568584458 0.0
4.01640828327 0.0
4.01713085193 0.0
4.01785355058 0.0
4.01857637925 0.0
4.01929933796 0.0
4.02002242673 0.0
4.02074564559 0.0
4.02146899456 0.0
4.02219247367 0.0
4.02291608293 0.0
4.02363982237 0.0
4.02436369201 0.0
4.02508769188 0.0
4.02581182201 0.0
4.0265360824 0.0
4.0272604731 0.0
4.02798499411 0.0
4.02870964547 0.0
4.0294344272 0.0
4.03015933932 0.0
4.03088438185 0.0
4.03160955482 0.0
4.03233485825 0.0
4.03306029217 0.0
4.0337858566 0.0
4.03451155155 0.0
4.03523737707 0.0
4.03596333316 0.0
4.03668941986 0.0
4.03741563718 0.0
4.03814198515 0.0
4.03886846379 0.0
4.03959507313 0.0
4.04032181319 0.0
4.041048684 0.0
4.04177568557 0.0
4.04250281793 0.0
4.04323008111 0.0
4.04395747512 0.0
4.044685 0.0
4.04541265576 0.0
4.04614044243 0.0
4.04686836003 0.0
4.04759640858 0.0
4.04832458812 0.0
4.04905289865 0.0
4.04978134022 0.0
4.05050991283 0.0
4.05123861652 0.0
4.0519674513 0.0
4.0526964172 0.0
4.05342551425 0.0
4.05415474246 0.0
4.05488410187 0.0
4.05561359249 0.0
4.05634321435 0.0
4.05707296747 0.0
4.05780285188 0.0
4.0585328676 0.0
4.05926301464 0.0
4.05999329305 0.0
4.06072370284 0.0
4.06145424403 0.0
4.06218491664 0.0
4.06291572071 0.0
4.06364665625 0.0
4.0643777233 0.0
4.06510892186 0.0
4.06584025197 0.0
4.06657171365 0.0
4.06730330692 0.0
4.06803503181 0.0
4.06876688833 0.0
4.06949887653 0.0
4.07023099641 0.0
4.070963248 0.0
4.07169563132 0.0
4.07242814641 0.0
4.07316079328 0.0
4.07389357195 0.0
4.07462648246 0.0
4.07535952481 0.0
4.07609269905 0.0
4.07682600519 0.0
4.07755944325 0.0
4.07829301326 0.0
4.07902671524 0.0
4.07976054922 0.0
4.08049451522 0.0
4.08122861326 0.0
4.08196284337 0.0
4.08269720557 0.0
4.08343169988 0.0
4.08416632633 0.0
4.08490108495 0.0
4.08563597575 0.0
4.08637099876 0.0
4.08710615401 0.0
4.08784144151 0.0
4.0885768613 0.0
4.08931241339 0.0
4.09004809781 0.0
4.09078391458 0.0
4.09151986372 0.0
4.09225594527 0.0
4.09299215924 0.0
4.09372850566 0.0
4.09446498456 0.0
4.09520159594 0.0
4.09593833985 0.0
4.0966752163 0.0
4.09741222532 0.0
4.09814936693 0.0
4.09888664115 0.0
4.09962404801 0.0
4.10036158754 0.0
4.10109925975 0.0
4.10183706467 0.0
4.10257500232 0.0
4.10331307274 0.0
4.10405127593 0.0
4.10478961193 0.0
4.10552808077 0.0
4.10626668245 0.0
4.10700541701 0.0
4.10774428448 0.0
4.10848328487 0.0
4.1092224182 0.0
4.10996168452 0.0
4.11070108382 0.0
4.11144061615 0.0
4.11218028153 0.0
4.11292007997 0.0
4.11366001151 0.0
4.11440007616 0.0
4.11514027396 0.0
4.11588060491 0.0
4.11662106906 0.0
4.11736166642 0.0
4.11810239702 0.0
4.11884326087 0.0
4.11958425802 0.0
4.12032538847 0.0
4.12106665225 0.0
4.12180804939 0.0
4.12254957991 0.0
4.12329124383 0.0
4.12403304118 0.0
4.12477497199 0.0
4.12551703627 0.0
4.12625923405 0.0
4.12700156536 0.0
4.12774403021 0.0
4.12848662864 0.0
4.12922936066 0.0
4.12997222631 0.0
4.13071522559 0.0
4.13145835855 0.0
4.1322016252 0.0
4.13294502557 0.0
4.13368855968 0.0
4.13443222755 0.0
4.13517602921 0.0
4.13591996469 0.0
4.136664034 0.0
4.13740823717 0.0
4.13815257423 0.0
4.1388970452 0.0
4.1396416501 0.0
4.14038638896 0.0
4.1411312618 0.0
4.14187626864 0.0
4.14262140952 0.0
4.14336668445 0.0
4.14411209346 0.0
4.14485763657 0.0
4.1456033138 0.0
4.14634912519 0.0
4.14709507075 0.0
4.14784115051 0.0
4.1485873645 0.0
4.14933371273 0.0
4.15008019523 0.0
4.15082681202 0.0
4.15157356314 0.0
4.1523204486 0.0
4.15306746843 0.0
4.15381462265 0.0
4.15456191128 0.0
4.15530933436 0.0
4.1560568919 0.0
4.15680458393 0.0
4.15755241047 0.0
4.15830037155 0.0
4.15904846719 0.0
4.15979669742 0.0
4.16054506225 0.0
4.16129356172 0.0
4.16204219585 0.0
4.16279096466 0.0
4.16353986818 0.0
4.16428890643 0.0
4.16503807943 0.0
4.16578738721 0.0
4.1665368298 0.0
4.16728640721 0.0
4.16803611948 0.0
4.16878596662 0.0
4.16953594867 0.0
4.17028606564 0.0
4.17103631755 0.0
4.17178670444 0.0
4.17253722633 0.0
4.17328788324 0.0
4.1740386752 0.0
4.17478960223 0.0
4.17554066435 0.0
4.17629186159 0.0
4.17704319398 0.0
4.17779466153 0.0
4.17854626427 0.0
4.17929800224 0.0
4.18004987544 0.0
4.18080188391 0.0
4.18155402766 0.0
4.18230630673 0.0
4.18305872114 0.0
4.18381127091 0.0
4.18456395607 0.0
4.18531677664 0.0
4.18606973265 0.0
4.18682282411 0.0
4.18757605106 0.0
4.18832941352 0.0
4.18908291151 0.0
4.18983654506 0.0
4.19059031419 0.0
4.19134421893 0.0
4.19209825929 0.0
4.19285243532 0.0
4.19360674702 0.0
4.19436119442 0.0
4.19511577756 0.0
4.19587049644 0.0
4.19662535111 0.0
4.19738034157 0.0
4.19813546786 0.0
4.19889073 0.0
4.19964612802 0.0
4.20040166193 0.0
4.20115733177 0.0
4.20191313756 0.0
4.20266907932 0.0
4.20342515708 0.0
4.20418137086 0.0
4.20493772068 0.0
4.20569420658 0.0
4.20645082857 0.0
4.20720758668 0.0
4.20796448093 0.0
4.20872151135 0.0
4.20947867797 0.0
4.2102359808 0.0
4.21099341987 0.0
4.21175099521 0.0
4.21250870685 0.0
4.21326655479 0.0
4.21402453908 0.0
4.21478265973 0.0
4.21554091677 0.0
4.21629931023 0.0
4.21705784012 0.0
4.21781650647 0.0
4.21857530932 0.0
4.21933424867 0.0
4.22009332456 0.0
4.22085253701 0.0
4.22161188605 0.0
4.2223713717 0.0
4.22313099398 0.0
4.22389075292 0.0
4.22465064855 0.0
4.22541068088 0.0
4.22617084995 0.0
4.22693115577 0.0
4.22769159838 0.0
4.22845217779 0.0
4.22921289403 0.0
4.22997374713 0.0
4.23073473711 0.0
4.231495864 0.0
4.23225712782 0.0
4.23301852859 0.0
4.23378006634 0.0
4.23454174109 0.0
4.23530355287 0.0
4.23606550171 0.0
4.23682758762 0.0
4.23758981064 0.0
4.23835217078 0.0
4.23911466808 0.0
4.23987730255 0.0
4.24064007422 0.0
4.24140298312 0.0
4.24216602926 0.0
4.24292921269 0.0
4.24369253341 0.0
4.24445599146 0.0
4.24521958686 0.0
4.24598331963 0.0
4.2467471898 0.0
4.24751119739 0.0
4.24827534243 0.0
4.24903962495 0.0
4.24980404496 0.0
4.2505686025 0.0
4.25133329758 0.0
4.25209813023 0.0
4.25286310048 0.0
4.25362820835 0.0
4.25439345387 0.0
4.25515883706 0.0
4.25592435794 0.0
4.25669001655 0.0
4.2574558129 0.0
4.25822174702 0.0
4.25898781893 0.0
4.25975402866 0.0
4.26052037624 0.0
4.26128686169 0.0
4.26205348503 0.0
4.26282024629 0.0
4.2635871455 0.0
4.26435418267 0.0
4.26512135783 0.0
4.26588867102 0.0
4.26665612224 0.0
4.26742371154 0.0
4.26819143892 0.0
4.26895930443 0.0
4.26972730807 0.0
4.27049544989 0.0
4.27126372989 0.0
4.27203214811 0.0
4.27280070458 0.0
4.27356939931 0.0
4.27433823233 0.0
4.27510720366 0.0
4.27587631334 0.0
4.27664556139 0.0
4.27741494782 0.0
4.27818447268 0.0
4.27895413597 0.0
4.27972393773 0.0
4.28049387797 0.0
4.28126395674 0.0
4.28203417404 0.0
4.28280452991 0.0
4.28357502437 0.0
4.28434565745 0.0
4.28511642916 0.0
4.28588733954 0.0
4.28665838861 0.0
4.2874295764 0.0
4.28820090292 0.0
4.28897236821 0.0
4.28974397229 0.0
4.29051571519 0.0
4.29128759692 0.0
4.29205961752 0.0
4.29283177701 0.0
4.29360407541 0.0
4.29437651276 0.0
4.29514908907 0.0
4.29592180436 0.0
4.29669465868 0.0
4.29746765203 0.0
4.29824078445 0.0
4.29901405595 0.0
4.29978746657 0.0
4.30056101634 0.0
4.30133470526 0.0
4.30210853338 0.0
4.30288250071 0.0
4.30365660728 0.0
4.30443085312 0.0
4.30520523824 0.0
4.30597976268 0.0
4.30675442646 0.0
4.30752922961 0.0
4.30830417215 0.0
4.3090792541 0.0
4.30985447549 0.0
4.31062983635 0.0
4.3114053367 0.0
4.31218097656 0.0
4.31295675597 0.0
4.31373267494 0.0
4.3145087335 0.0
4.31528493168 0.0
4.3160612695 0.0
4.31683774699 0.0
4.31761436417 0.0
4.31839112106 0.0
4.3191680177 0.0
4.3199450541 0.0
4.3207222303 0.0
4.32149954631 0.0
4.32227700217 0.0
4.32305459789 0.0
4.32383233351 0.0
4.32461020904 0.0
4.32538822452 0.0
4.32616637996 0.0
4.3269446754 0.0
4.32772311086 0.0
4.32850168636 0.0
4.32928040193 0.0
4.33005925759 0.0
4.33083825337 0.0
4.3316173893 0.0
4.3323966654 0.0
4.33317608169 0.0
4.3339556382 0.0
4.33473533496 0.0
4.33551517199 0.0
4.33629514932 0.0
4.33707526696 0.0
4.33785552496 0.0
4.33863592332 0.0
4.33941646208 0.0
4.34019714127 0.0
4.3409779609 0.0
4.341758921 0.0
4.3425400216 0.0
4.34332126273 0.0
4.3441026444 0.0
4.34488416665 0.0
4.34566582949 0.0
4.34644763297 0.0
4.34722957709 0.0
4.34801166188 0.0
4.34879388738 0.0
4.3495762536 0.0
4.35035876057 0.0
4.35114140832 0.0
4.35192419687 0.0
4.35270712625 0.0
4.35349019648 0.0
4.35427340758 0.0
4.35505675959 0.0
4.35584025253 0.0
4.35662388643 0.0
4.3574076613 0.0
4.35819157717 0.0
4.35897563408 0.0
4.35975983204 0.0
4.36054417108 0.0
4.36132865123 0.0
4.3621132725 0.0
4.36289803494 0.0
4.36368293855 0.0
4.36446798338 0.0
4.36525316944 0.0
4.36603849675 0.0
4.36682396535 0.0
4.36760957526 0.0
4.3683953265 0.0
4.3691812191 0.0
4.36996725309 0.0
4.37075342849 0.0
4.37153974532 0.0
4.37232620362 0.0
4.37311280341 0.0
4.3738995447 0.0
4.37468642754 0.0
4.37547345193 0.0
4.37626061792 0.0
4.37704792552 0.0
4.37783537476 0.0
4.37862296567 0.0
4.37941069827 0.0
4.38019857258 0.0
4.38098658864 0.0
4.38177474646 0.0
4.38256304608 0.0
4.38335148751 0.0
4.38414007079 0.0
4.38492879594 0.0
4.38571766298 0.0
4.38650667194 0.0
4.38729582285 0.0
4.38808511573 0.0
4.38887455061 0.0
4.38966412751 0.0
4.39045384646 0.0
4.39124370748 0.0
4.39203371061 0.0
4.39282385585 0.0
4.39361414325 0.0
4.39440457282 0.0
4.3951951446 0.0
4.3959858586 0.0
4.39677671485 0.0
4.39756771339 0.0
4.39835885422 0.0
4.39915013739 0.0
4.39994156291 0.0
4.40073313082 0.0
4.40152484112 0.0
4.40231669386 0.0
4.40310868906 0.0
4.40390082675 0.0
4.40469310694 0.0
4.40548552966 0.0
4.40627809495 0.0
4.40707080282 0.0
4.4078636533 0.0
4.40865664642 0.0
4.4094497822 0.0
4.41024306067 0.0
4.41103648186 0.0
4.41183004578 0.0
4.41262375247 0.0
4.41341760195 0.0
4.41421159425 0.0
4.41500572939 0.0
4.4158000074 0.0
4.41659442831 0.0
4.41738899213 0.0
4.4181836989 0.0
4.41897854864 0.0
4.41977354137 0.0
4.42056867713 0.0
4.42136395594 0.0
4.42215937782 0.0
4.4229549428 0.0
4.4237506509 0.0
4.42454650216 0.0
4.42534249659 0.0
4.42613863423 0.0
4.4269349151 0.0
4.42773133922 0.0
4.42852790661 0.0
4.42932461732 0.0
4.43012147136 0.0
4.43091846875 0.0
4.43171560953 0.0
4.43251289372 0.0
4.43331032134 0.0
4.43410789242 0.0
4.43490560699 0.0
4.43570346507 0.0
4.43650146668 0.0
4.43729961187 0.0
4.43809790064 0.0
4.43889633303 0.0
4.43969490905 0.0
4.44049362875 0.0
4.44129249214 0.0
4.44209149925 0.0
4.4428906501 0.0
4.44368994472 0.0
4.44448938314 0.0
4.44528896538 0.0
4.44608869147 0.0
4.44688856144 0.0
4.4476885753 0.0
4.44848873309 0.0
4.44928903483 0.0
4.45008948055 0.0
4.45089007028 0.0
4.45169080403 0.0
4.45249168183 0.0
4.45329270372 0.0
4.45409386972 0.0
4.45489517985 0.0
4.45569663414 0.0
4.45649823261 0.0
4.45729997529 0.0
4.45810186221 0.0
4.4589038934 0.0
4.45970606887 0.0
4.46050838866 0.0
4.46131085279 0.0
4.46211346128 0.0
4.46291621417 0.0
4.46371911147 0.0
4.46452215322 0.0
4.46532533945 0.0
4.46612867016 0.0
4.4669321454 0.0
4.46773576519 0.0
4.46853952955 0.0
4.46934343852 0.0
4.47014749211 0.0
4.47095169035 0.0
4.47175603327 0.0
4.4725605209 0.0
4.47336515326 0.0
4.47416993037 0.0
4.47497485227 0.0
4.47577991897 0.0
4.47658513051 0.0
4.47739048691 0.0
4.4781959882 0.0
4.4790016344 0.0
4.47980742554 0.0
4.48061336165 0.0
4.48141944274 0.0
4.48222566886 0.0
4.48303204002 0.0
4.48383855624 0.0
4.48464521757 0.0
4.48545202401 0.0
4.4862589756 0.0
4.48706607237 0.0
4.48787331433 0.0
4.48868070153 0.0
4.48948823397 0.0
4.4902959117 0.0
4.49110373472 0.0
4.49191170308 0.0
4.4927198168 0.0
4.4935280759 0.0
4.4943364804 0.0
4.49514503035 0.0
4.49595372575 0.0
4.49676256664 0.0
4.49757155305 0.0
4.498380685 0.0
4.49918996251 0.0
4.49999938561 0.0
4.50080895434 0.0
4.50161866871 0.0
4.50242852875 0.0
4.50323853448 0.0
4.50404868594 0.0
4.50485898315 0.0
4.50566942614 0.0
4.50648001493 0.0
4.50729074954 0.0
4.50810163001 0.0
4.50891265636 0.0
4.50972382862 0.0
4.51053514681 0.0
4.51134661096 0.0
4.5121582211 0.0
4.51296997725 0.0
4.51378187944 0.0
4.51459392769 0.0
4.51540612203 0.0
4.51621846249 0.0
4.51703094909 0.0
4.51784358187 0.0
4.51865636084 0.0
4.51946928603 0.0
4.52028235747 0.0
4.52109557518 0.0
4.5219089392 0.0
4.52272244954 0.0
4.52353610624 0.0
4.52434990932 0.0
4.5251638588 0.0
4.52597795472 0.0
4.5267921971 0.0
4.52760658596 0.0
4.52842112134 0.0
4.52923580325 0.0
4.53005063173 0.0
4.53086560679 0.0
4.53168072848 0.0
4.53249599681 0.0
4.53331141181 0.0
4.53412697351 0.0
4.53494268193 0.0
4.53575853709 0.0
4.53657453904 0.0
4.53739068779 0.0
4.53820698336 0.0
4.53902342579 0.0
4.5398400151 0.0
4.54065675132 0.0
4.54147363448 0.0
4.54229066459 0.0
4.54310784169 0.0
4.54392516581 0.0
4.54474263696 0.0
4.54556025518 0.0
4.5463780205 0.0
4.54719593293 0.0
4.54801399251 0.0
4.54883219927 0.0
4.54965055322 0.0
4.55046905439 0.0
4.55128770282 0.0
4.55210649853 0.0
4.55292544154 0.0
4.55374453188 0.0
4.55456376958 0.0
4.55538315467 0.0
4.55620268716 0.0
4.55702236709 0.0
4.55784219449 0.0
4.55866216938 0.0
4.55948229178 0.0
4.56030256173 0.0
4.56112297925 0.0
4.56194354436 0.0
4.5627642571 0.0
4.56358511748 0.0
4.56440612555 0.0
4.56522728131 0.0
4.56604858481 0.0
4.56687003606 0.0
4.56769163509 0.0
4.56851338193 0.0
4.56933527661 0.0
4.57015731915 0.0
4.57097950958 0.0
4.57180184793 0.0
4.57262433421 0.0
4.57344696847 0.0
4.57426975072 0.0
4.57509268099 0.0
4.57591575932 0.0
4.57673898571 0.0
4.57756236021 0.0
4.57838588284 0.0
4.57920955362 0.0
4.58003337259 0.0
4.58085733976 0.0
4.58168145517 0.0
4.58250571884 0.0
4.58333013079 0.0
4.58415469107 0.0
4.58497939968 0.0
4.58580425667 0.0
4.58662926205 0.0
4.58745441585 0.0
4.5882797181 0.0
4.58910516882 0.0
4.58993076805 0.0
4.5907565158 0.0
4.59158241211 0.0
4.59240845701 0.0
4.59323465051 0.0
4.59406099265 0.0
4.59488748345 0.0
4.59571412294 0.0
4.59654091114 0.0
4.59736784809 0.0
4.59819493381 0.0
4.59902216832 0.0
4.59984955166 0.0
4.60067708385 0.0
4.60150476491 0.0
4.60233259487 0.0
4.60316057377 0.0
4.60398870162 0.0
4.60481697846 0.0
4.60564540431 0.0
4.60647397919 0.0
4.60730270314 0.0
4.60813157618 0.0
4.60896059834 0.0
4.60978976964 0.0
4.61061909011 0.0
4.61144855978 0.0
4.61227817868 0.0
4.61310794683 0.0
4.61393786425 0.0
4.61476793099 0.0
4.61559814705 0.0
4.61642851248 0.0
4.61725902729 0.0
4.61808969151 0.0
4.61892050518 0.0
4.61975146831 0.0
4.62058258093 0.0
4.62141384308 0.0
4.62224525477 0.0
4.62307681604 0.0
4.6239085269 0.0
4.6247403874 0.0
4.62557239755 0.0
4.62640455739 0.0
4.62723686693 0.0
4.62806932621 0.0
4.62890193525 0.0
4.62973469408 0.0
4.63056760273 0.0
4.63140066122 0.0
4.63223386959 0.0
4.63306722785 0.0
4.63390073603 0.0
4.63473439417 0.0
4.63556820228 0.0
4.63640216041 0.0
4.63723626856 0.0
4.63807052677 0.0
4.63890493507 0.0
4.63973949348 0.0
4.64057420204 0.0
4.64140906076 0.0
4.64224406968 0.0
4.64307922881 0.0
4.6439145382 0.0
4.64474999786 0.0
4.64558560783 0.0
4.64642136812 0.0
4.64725727877 0.0
4.64809333981 0.0
4.64892955125 0.0
4.64976591314 0.0
4.65060242548 0.0
4.65143908832 0.0
4.65227590168 0.0
4.65311286559 0.0
4.65394998007 0.0
4.65478724515 0.0
4.65562466086 0.0
4.65646222722 0.0
4.65729994426 0.0
4.65813781202 0.0
4.6589758305 0.0
4.65981399976 0.0
4.6606523198 0.0
4.66149079066 0.0
4.66232941236 0.0
4.66316818493 0.0
4.66400710841 0.0
4.66484618281 0.0
4.66568540816 0.0
4.66652478449 0.0
4.66736431183 0.0
4.6682039902 0.0
4.66904381964 0.0
4.66988380017 0.0
4.67072393181 0.0
4.67156421459 0.0
4.67240464854 0.0
4.6732452337 0.0
4.67408597007 0.0
4.6749268577 0.0
4.67576789661 0.0
4.67660908682 0.0
4.67745042837 0.0
4.67829192128 0.0
4.67913356558 0.0
4.67997536129 0.0
4.68081730844 0.0
4.68165940707 0.0
4.68250165719 0.0
4.68334405884 0.0
4.68418661203 0.0
4.68502931681 0.0
4.68587217319 0.0
4.68671518121 0.0
4.68755834089 0.0
4.68840165225 0.0
4.68924511533 0.0
4.69008873015 0.0
4.69093249675 0.0
4.69177641513 0.0
4.69262048535 0.0
4.69346470741 0.0
4.69430908136 0.0
4.69515360721 0.0
4.69599828499 0.0
4.69684311474 0.0
4.69768809647 0.0
4.69853323022 0.0
4.69937851602 0.0
4.70022395388 0.0
4.70106954384 0.0
4.70191528593 0.0
4.70276118017 0.0
4.70360722659 0.0
4.70445342521 0.0
4.70529977607 0.0
4.7061462792 0.0
4.70699293461 0.0
4.70783974234 0.0
4.70868670241 0.0
4.70953381486 0.0
4.7103810797 0.0
4.71122849697 0.0
4.7120760667 0.0
4.7129237889 0.0
4.71377166362 0.0
4.71461969087 0.0
4.71546787069 0.0
4.71631620309 0.0
4.71716468812 0.0
4.71801332579 0.0
4.71886211613 0.0
4.71971105917 0.0
4.72056015495 0.0
4.72140940348 0.0
4.72225880479 0.0
4.72310835891 0.0
4.72395806587 0.0
4.7248079257 0.0
4.72565793842 0.0
4.72650810406 0.0
4.72735842265 0.0
4.72820889422 0.0
4.72905951879 0.0
4.72991029639 0.0
4.73076122705 0.0
4.73161231079 0.0
4.73246354765 0.0
4.73331493765 0.0
4.73416648082 0.0
4.73501817718 0.0
4.73587002677 0.0
4.73672202961 0.0
4.73757418573 0.0
4.73842649515 0.0
4.73927895791 0.0
4.74013157403 0.0
4.74098434354 0.0
4.74183726646 0.0
4.74269034284 0.0
4.74354357268 0.0
4.74439695602 0.0
4.74525049289 0.0
4.74610418331 0.0
4.74695802732 0.0
4.74781202494 0.0
4.74866617619 0.0
4.74952048111 0.0
4.75037493972 0.0
4.75122955206 0.0
4.75208431814 0.0
4.752939238 0.0
4.75379431166 0.0
4.75464953915 0.0
4.7555049205 0.0
4.75636045574 0.0
4.7572161449 0.0
4.75807198799 0.0
4.75892798506 0.0
4.75978413612 0.0
4.76064044121 0.0
4.76149690035 0.0
4.76235351357 0.0
4.7632102809 0.0
4.76406720236 0.0
4.76492427799 0.0
4.76578150781 0.0
4.76663889185 0.0
4.76749643014 0.0
4.7683541227 0.0
4.76921196956 0.0
4.77006997076 0.0
4.77092812631 0.0
4.77178643625 0.0
4.7726449006 0.0
4.77350351939 0.0
4.77436229265 0.0
4.77522122041 0.0
4.7760803027 0.0
4.77693953953 0.0
4.77779893095 0.0
4.77865847697 0.0
4.77951817763 0.0
4.78037803296 0.0
4.78123804297 0.0
4.78209820771 0.0
4.78295852719 0.0
4.78381900145 0.0
4.78467963051 0.0
4.7855404144 0.0
4.78640135315 0.0
4.78726244678 0.0
4.78812369533 0.0
4.78898509883 0.0
4.78984665729 0.0
4.79070837075 0.0
4.79157023924 0.0
4.79243226278 0.0
4.7932944414 0.0
4.79415677513 0.0
4.795019264 0.0
4.79588190804 0.0
4.79674470726 0.0
4.79760766171 0.0
4.79847077141 0.0
4.79933403639 0.0
4.80019745667 0.0
4.80106103228 0.0
4.80192476325 0.0
4.80278864961 0.0
4.80365269139 0.0
4.80451688862 0.0
4.80538124131 0.0
4.80624574951 0.0
4.80711041324 0.0
4.80797523252 0.0
4.80884020739 0.0
4.80970533787 0.0
4.81057062399 0.0
4.81143606578 0.0
4.81230166326 0.0
4.81316741647 0.0
4.81403332544 0.0
4.81489939018 0.0
4.81576561073 0.0
4.81663198712 0.0
4.81749851938 0.0
4.81836520752 0.0
4.81923205159 0.0
4.82009905161 0.0
4.8209662076 0.0
4.8218335196 0.0
4.82270098763 0.0
4.82356861172 0.0
4.8244363919 0.0
4.8253043282 0.0
4.82617242065 0.0
4.82704066926 0.0
4.82790907408 0.0
4.82877763513 0.0
4.82964635244 0.0
4.83051522603 0.0
4.83138425594 0.0
4.83225344219 0.0
4.83312278481 0.0
4.83399228382 0.0
4.83486193927 0.0
4.83573175116 0.0
4.83660171955 0.0
4.83747184444 0.0
4.83834212587 0.0
4.83921256387 0.0
4.84008315846 0.0
4.84095390968 0.0
4.84182481755 0.0
4.8426958821 0.0
4.84356710336 0.0
4.84443848135 0.0
4.84531001611 0.0
4.84618170766 0.0
4.84705355603 0.0
4.84792556125 0.0
4.84879772335 0.0
4.84967004236 0.0
4.85054251829 0.0
4.85141515119 0.0
4.85228794109 0.0
4.85316088799 0.0
4.85403399195 0.0
4.85490725298 0.0
4.85578067112 0.0
4.85665424638 0.0
4.85752797881 0.0
4.85840186842 0.0
4.85927591525 0.0
4.86015011933 0.0
4.86102448067 0.0
4.86189899932 0.0
4.8627736753 0.0
4.86364850864 0.0
4.86452349936 0.0
4.8653986475 0.0
4.86627395308 0.0
4.86714941613 0.0
4.86802503668 0.0
4.86890081476 0.0
4.86977675039 0.0
4.87065284361 0.0
4.87152909444 0.0
4.87240550292 0.0
4.87328206906 0.0
4.8741587929 0.0
4.87503567447 0.0
4.87591271379 0.0
4.87678991089 0.0
4.87766726581 0.0
4.87854477857 0.0
4.87942244919 0.0
4.88030027771 0.0
4.88117826416 0.0
4.88205640856 0.0
4.88293471094 0.0
4.88381317133 0.0
4.88469178976 0.0
4.88557056626 0.0
4.88644950085 0.0
4.88732859356 0.0
4.88820784443 0.0
4.88908725348 0.0
4.88996682074 0.0
4.89084654624 0.0
4.89172643 0.0
4.89260647206 0.0
4.89348667244 0.0
4.89436703118 0.0
4.89524754829 0.0
4.89612822381 0.0
4.89700905777 0.0
4.8978900502 0.0
4.89877120112 0.0
4.89965251056 0.0
4.90053397855 0.0
4.90141560513 0.0
4.90229739031 0.0
4.90317933413 0.0
4.90406143661 0.0
4.90494369779 0.0
4.90582611769 0.0
4.90670869634 0.0
4.90759143377 0.0
4.90847433001 0.0
4.90935738508 0.0
4.91024059902 0.0
4.91112397186 0.0
4.91200750362 0.0
4.91289119433 0.0
4.91377504401 0.0
4.91465905271 0.0
4.91554322044 0.0
4.91642754724 0.0
4.91731203313 0.0
4.91819667815 0.0
4.91908148232 0.0
4.91996644566 0.0
4.92085156822 0.0
4.92173685001 0.0
4.92262229107 0.0
4.92350789142 0.0
4.9243936511 0.0
4.92527957013 0.0
4.92616564854 0.0
4.92705188635 0.0
4.92793828361 0.0
4.92882484033 0.0
4.92971155655 0.0
4.93059843229 0.0
4.93148546759 0.0
4.93237266246 0.0
4.93326001695 0.0
4.93414753107 0.0
4.93503520486 0.0
4.93592303835 0.0
4.93681103156 0.0
4.93769918453 0.0
4.93858749728 0.0
4.93947596984 0.0
4.94036460224 0.0
4.94125339451 0.0
4.94214234668 0.0
4.94303145877 0.0
4.94392073082 0.0
4.94481016285 0.0
4.94569975489 0.0
4.94658950698 0.0
4.94747941913 0.0
4.94836949139 0.0
4.94925972377 0.0
4.95015011631 0.0
4.95104066903 0.0
4.95193138197 0.0
4.95282225515 0.0
4.95371328861 0.0
4.95460448236 0.0
4.95549583644 0.0
4.95638735088 0.0
4.95727902571 0.0
4.95817086096 0.0
4.95906285665 0.0
4.95995501281 0.0
4.96084732948 0.0
4.96173980667 0.0
4.96263244443 0.0
4.96352524278 0.0
4.96441820174 0.0
4.96531132136 0.0
4.96620460164 0.0
4.96709804264 0.0
4.96799164436 0.0
4.96888540685 0.0
4.96977933013 0.0
4.97067341424 0.0
4.97156765919 0.0
4.97246206502 0.0
4.97335663175 0.0
4.97425135943 0.0
4.97514624807 0.0
4.9760412977 0.0
4.97693650835 0.0
4.97783188006 0.0
4.97872741285 0.0
4.97962310675 0.0
4.98051896179 0.0
4.981414978 0.0
4.9823111554 0.0
4.98320749403 0.0
4.98410399391 0.0
4.98500065508 0.0
4.98589747756 0.0
4.98679446139 0.0
4.98769160658 0.0
4.98858891318 0.0
4.9894863812 0.0
4.99038401069 0.0
4.99128180166 0.0
4.99217975414 0.0
4.99307786817 0.0
4.99397614378 0.0
4.99487458099 0.0
4.99577317983 0.0
4.99667194034 0.0
4.99757086253 0.0
4.99846994645 0.0
4.99936919211 0.0
5.00026859955 0.0
5.0011681688 0.0
5.00206789989 0.0
5.00296779284 0.0
5.00386784768 0.0
5.00476806445 0.0
5.00566844317 0.0
5.00656898388 0.0
5.00746968659 0.0
5.00837055134 0.0
5.00927157817 0.0
5.01017276709 0.0
5.01107411814 0.0
5.01197563135 0.0
5.01287730674 0.0
5.01377914435 0.0
5.0146811442 0.0
5.01558330633 0.0
5.01648563076 0.0
5.01738811752 0.0
5.01829076664 0.0
5.01919357815 0.0
5.02009655208 0.0
5.02099968846 0.0
5.02190298732 0.0
5.02280644869 0.0
5.02371007259 0.0
5.02461385906 0.0
5.02551780812 0.0
5.02642191981 0.0
5.02732619415 0.0
5.02823063117 0.0
5.02913523091 0.0
5.03003999338 0.0
5.03094491863 0.0
5.03185000668 0.0
5.03275525756 0.0
5.03366067129 0.0
5.03456624791 0.0
5.03547198745 0.0
5.03637788994 0.0
5.0372839554 0.0
5.03819018387 0.0
5.03909657537 0.0
5.04000312993 0.0
5.04090984759 0.0
5.04181672837 0.0
5.0427237723 0.0
5.04363097941 0.0
5.04453834973 0.0
5.0454458833 0.0
5.04635358013 0.0
5.04726144026 0.0
5.04816946371 0.0
5.04907765053 0.0
5.04998600073 0.0
5.05089451435 0.0
5.05180319141 0.0
5.05271203195 0.0
5.05362103599 0.0
5.05453020357 0.0
5.0554395347 0.0
5.05634902944 0.0
5.05725868779 0.0
5.05816850979 0.0
5.05907849548 0.0
5.05998864487 0.0
5.06089895801 0.0
5.06180943491 0.0
5.06272007562 0.0
5.06363088015 0.0
5.06454184853 0.0
5.06545298081 0.0
5.066364277 0.0
5.06727573714 0.0
5.06818736125 0.0
5.06909914937 0.0
5.07001110152 0.0
5.07092321774 0.0
5.07183549805 0.0
5.07274794249 0.0
5.07366055107 0.0
5.07457332384 0.0
5.07548626082 0.0
5.07639936204 0.0
5.07731262753 0.0
5.07822605732 0.0
5.07913965145 0.0
5.08005340993 0.0
5.0809673328 0.0
5.08188142009 0.0
5.08279567182 0.0
5.08371008804 0.0
5.08462466876 0.0
5.08553941402 0.0
5.08645432384 0.0
5.08736939827 0.0
5.08828463731 0.0
5.08920004102 0.0
5.0901156094 0.0
5.0910313425 0.0
5.09194724035 0.0
5.09286330297 0.0
5.09377953039 0.0
5.09469592265 0.0
5.09561247977 0.0
5.09652920178 0.0
5.09744608872 0.0
5.0983631406 0.0
5.09928035747 0.0
5.10019773935 0.0
5.10111528627 0.0
5.10203299826 0.0
5.10295087535 0.0
5.10386891757 0.0
5.10478712495 0.0
5.10570549752 0.0
5.10662403531 0.0
5.10754273834 0.0
5.10846160666 0.0
5.10938064028 0.0
5.11029983924 0.0
5.11121920357 0.0
5.1121387333 0.0
5.11305842845 0.0
5.11397828907 0.0
5.11489831516 0.0
5.11581850678 0.0
5.11673886394 0.0
5.11765938668 0.0
5.11858007502 0.0
5.119500929 0.0
5.12042194864 0.0
5.12134313398 0.0
5.12226448504 0.0
5.12318600186 0.0
5.12410768447 0.0
5.12502953289 0.0
5.12595154715 0.0
5.12687372729 0.0
5.12779607333 0.0
5.1287185853 0.0
5.12964126324 0.0
5.13056410718 0.0
5.13148711713 0.0
5.13241029314 0.0
5.13333363523 0.0
5.13425714344 0.0
5.13518081779 0.0
5.13610465831 0.0
5.13702866503 0.0
5.13795283799 0.0
5.13887717721 0.0
5.13980168272 0.0
5.14072635456 0.0
5.14165119274 0.0
5.14257619731 0.0
5.14350136829 0.0
5.14442670572 0.0
5.14535220961 0.0
5.14627788001 0.0
5.14720371694 0.0
5.14812972043 0.0
5.14905589052 0.0
5.14998222722 0.0
5.15090873058 0.0
5.15183540062 0.0
5.15276223737 0.0
5.15368924086 0.0
5.15461641113 0.0
5.15554374819 0.0
5.15647125209 0.0
5.15739892285 0.0
5.1583267605 0.0
5.15925476507 0.0
5.1601829366 0.0
5.16111127511 0.0
5.16203978063 0.0
5.16296845319 0.0
5.16389729282 0.0
5.16482629956 0.0
5.16575547343 1.35582465701e-24
5.16668481446 3.79296832328e-24
5.16761432268 4.87866045437e-24
5.16854399812 4.88736583013e-24
5.16947384082 4.89634218454e-24
5.1704038508 4.90961349902e-24
5.17133402809 4.92307235841e-24
5.17226437273 4.93552196753e-24
5.17319488474 4.95186850186e-24
5.17412556415 4.96931217744e-24
5.17505641099 4.98401364122e-24
5.1759874253 4.99e-24
5.1769186071 4.99006805943e-24
5.17784995643 4.99875077107e-24
5.17878147331 5.01984989972e-24
5.17971315777 5.03922096768e-24
5.18064500984 5.04805377959e-24
5.18157702956 5.05e-24
5.18250921696 5.05213374603e-24
5.18344157206 5.06251106258e-24
5.18437409489 5.07514447324e-24
5.18530678549 5.08791304525e-24
5.18623964388 5.1050302909e-24
5.1871726701 5.12520343545e-24
5.18810586417 5.1454332654e-24
5.18903922613 5.16005448398e-24
5.18997275601 5.17372350408e-24
5.19090645383 5.18594754338e-24
5.19184031962 5.19462434568e-24
5.19277435343 5.20321507299e-24
5.19370855527 5.21186651186e-24
5.19464292517 5.2254397494e-24
5.19557746318 5.24587014321e-24
5.19651216931 5.2646694285e-24
5.1974470436 5.27655493154e-24
5.19838208607 5.28523280773e-24
5.19931729677 5.29800310788e-24
5.20025267571 5.31511129723e-24
5.20118822293 5.33524080766e-24
5.20212393846 5.35539027863e-24
5.20305982233 5.36981756503e-24
5.20399587457 5.38349005266e-24
5.20493209521 5.39575670694e-24
5.20586848428 5.40441386706e-24
5.2068050418 5.41308098541e-24
5.20774176782 5.42171982811e-24
5.20867866236 5.43509014722e-24
5.20961572545 5.45532670708e-24
5.21055295713 5.4751345475e-24
5.21149035741 5.49216069385e-24
5.21242792634 5.50486738873e-24
5.21336566394 5.51350282968e-24
5.21430357024 5.52215809031e-24
5.21524164528 5.53078441449e-24
5.21617988908 5.5413174602e-24
5.21711830167 5.55494080056e-24
5.21805688309 5.56670950253e-24
5.21899563336 5.57533378485e-24
5.21993455252 5.59203242397e-24
5.22087364059 5.61747815713e-24
5.22181289761 5.64340719652e-24
5.22275232361 5.66721839265e-24
5.22369191861 5.68541995394e-24
5.22463168265 5.6976416631e-24
5.22557161576 5.71127524176e-24
5.22651171796 5.72852042788e-24
5.22745198929 5.74212977036e-24
5.22839242978 5.75439425102e-24
5.22933303947 5.76795298067e-24
5.23027381837 5.7786154291e-24
5.23121476652 5.78724330929e-24
5.23215588395 5.79584170323e-24
5.23309717069 5.80445446383e-24
5.23403862677 5.81675109261e-24
5.23498025223 5.83034445064e-24
5.23592204709 5.84258452712e-24
5.23686401138 5.85614320651e-24
5.23780614513 5.86821064968e-24
5.23874844838 5.88182633939e-24
5.23969092115 5.89459529001e-24
5.24063356348 5.90693950306e-24
5.24157637539 5.9205502622e-24
5.24251935692 5.93271211889e-24
5.24346250809 5.9479645088e-24
5.24440582894 5.96512045336e-24
5.2453493195 5.98233038384e-24
5.24629297979 5.99950037413e-24
5.24723680986 6.02025459211e-24
5.24818080972 6.03931518612e-24
5.24912497942 6.05041164775e-24
5.25006931897 6.0573496679e-24
5.25101382841 6.06e-24
5.25195850778 6.05980391997e-24
5.2529033571 6.05527534473e-24
5.25384837639 6.05425445039e-24
5.25479356571 6.06181035977e-24
5.25573892506 6.07266189993e-24
5.25668445449 6.0862483642e-24
5.25763015403 6.09836065545e-24
5.2585760237 6.11214161734e-24
5.25952206353 6.1292704908e-24
5.26046827356 6.1388757305e-24
5.26141465382 6.14301653043e-24
5.26236120434 6.15031734064e-24
5.26330792515 6.15889312753e-24
5.26425481627 6.16742145643e-24
5.26520187774 6.17589571955e-24
5.2661491096 6.18445471001e-24
5.26709651186 6.19665756598e-24
5.26804408457 6.21312325727e-24
5.26899182775 6.23245768283e-24
5.26993974143 6.25599214515e-24
5.27088782565 6.28015326922e-24
5.27183608043 6.29576075448e-24
5.2727845058 6.29999576846e-24
5.27373310181 6.30355455918e-24
5.27468186846 6.31412031573e-24
5.27563080581 6.32761728314e-24
5.27657991387 6.3397262803e-24
5.27752919268 6.35324981808e-24
5.27847864227 6.36546176451e-24
5.27942826267 6.37400009523e-24
5.28037805391 6.38932909915e-24
5.28132801602 6.41319609091e-24
5.28227814904 6.43674523971e-24
5.28322845299 6.45489140469e-24
5.2841789279 6.46612655183e-24
5.2851295738 6.47e-24
5.28608039073 6.47e-24
5.28703137872 6.47e-24
5.28798253779 6.47e-24
5.28893386798 6.47343431036e-24
5.28988536932 6.48533930654e-24
5.29083704184 6.50240301162e-24
5.29178888557 6.51942531517e-24
5.29274090054 6.53628226006e-24
5.29369308678 6.55325417975e-24
5.29464544432 6.57030526403e-24
5.29559797319 6.58729326308e-24
5.29655067343 6.58982426167e-24
5.29750354507 6.50808929305e-24
5.29845658813 6.43538210281e-24
5.29940980264 6.44268364708e-24
5.30036318865 6.45111542623e-24
5.30131674617 6.45956854523e-24
5.30227047524 6.46808210015e-24
5.30322437589 6.47656387193e-24
5.30417844815 6.48506804442e-24
5.30513269205 6.49356910146e-24
5.30608710763 6.50204588899e-24
5.3070416949 6.51055172376e-24
5.30799645392 6.51902562008e-24
5.3089513847 6.52752862269e-24
5.30990648727 6.53599760886e-24
5.31086176167 6.54439750831e-24
5.31181720793 6.5528670502e-24
5.31277282608 6.5613637645e-24
5.31372861614 6.56982835708e-24
5.31468457816 6.57832224487e-24
5.31564071216 6.58678395454e-24
5.31659701817 6.59527043618e-24
5.31755349623 6.60374975585e-24
5.31851014636 6.61220649044e-24
5.31946696859 6.62069267961e-24
5.32042396296 6.62911280564e-24
5.3213811295 6.63751341241e-24
5.32233846824 6.64599537962e-24
5.32329597921 6.65445843152e-24
5.32425366243 6.66290868612e-24
5.32521151795 6.67138578282e-24
5.32616954579 6.67983036388e-24
5.32712774598 6.68830464668e-24
5.32808611856 6.69673693697e-24
5.32904466355 6.70510828065e-24
5.33000338099 6.71355608541e-24
5.33096227091 6.72202410233e-24
5.33192133333 6.73045942124e-24
5.3328805683 6.73892462999e-24
5.33383997583 6.7473570847e-24
5.33479955597 6.75581948779e-24
5.33575930874 6.76426461575e-24
5.33671923417 6.77269299248e-24
5.33767933229 6.78115053423e-24
5.33863960315 6.78953725168e-24
5.33960004675 6.79791312158e-24
5.34056066315 6.80636646917e-24
5.34152145237 6.81479708597e-24
5.34248241443 6.82322181894e-24
5.34344354938 6.83167030932e-24
5.34440485724 6.84008570971e-24
5.34536633804 6.8485314047e-24
5.34632799181 6.85694395392e-24
5.3472898186 6.86538317371e-24
5.34825181842 6.87381298011e-24
5.3492139913 6.88215601852e-24
5.35017633729 6.89054165895e-24
5.3511388564 6.89897832127e-24
5.35210154868 6.90738165645e-24
5.35306441415 6.9158155317e-24
5.35402745284 6.92423202589e-24
5.35499066479 6.93263110595e-24
5.35595405002 6.94106013336e-24
5.35691760857 6.9494191152e-24
5.35788134047 6.95776484822e-24
5.35884524575 6.9661897096e-24
5.35980932444 6.97459344376e-24
5.36077357657 6.98298714037e-24
5.36173800217 6.99140715813e-24
5.36270260128 6.99979351436e-24
5.36366737392 7.00821075545e-24
5.36463232013 7.01659427965e-24
5.36559743994 7.02500101324e-24
5.36656273337 7.03340597871e-24
5.36752820047 7.04172455468e-24
5.36849384126 7.05007693703e-24
5.36945965577 7.05848518743e-24
5.37042564403 7.06685954045e-24
5.37139180608 7.07525988594e-24
5.37235814195 7.0836532865e-24
5.37332465167 7.09202270572e-24
5.37429133526 7.10042335378e-24
5.37525819276 7.10876025596e-24
5.37622522421 7.117070473e-24
5.37719242963 7.12546388334e-24
5.37815980905 7.13384626945e-24
5.37912736251 7.14220653532e-24
5.38009509004 7.15059821605e-24
5.38106299166 7.15895566662e-24
5.38203106742 7.16734458965e-24
5.38299931733 7.17570078329e-24
5.38396774144 7.18406954095e-24
5.38493633977 7.19245363745e-24
5.38590511235 7.20075339754e-24
5.38687405923 7.20906715432e-24
5.38784318041 7.21744712923e-24
5.38881247595 7.22579331571e-24
5.38978194587 7.23415395535e-24
5.3907515902 7.24252910809e-24
5.39172140897 7.25339811068e-24
5.39269140222 7.26677051632e-24
5.39366156998 7.278446094e-24
5.39463191227 7.29181575513e-24
5.39560242913 7.30430018283e-24
5.39657312059 7.31591600961e-24
5.39754398668 7.3292315111e-24
5.39851502743 7.33924540214e-24
5.39948624288 7.34843510357e-24
5.40045763305 7.3617958463e-24
5.40142919798 7.37427664057e-24
5.4024009377 7.38600107998e-24
5.40337285224 7.39935701033e-24
5.40434494163 7.41093015682e-24
5.40531720591 7.42419994203e-24
5.4062896451 7.43590361764e-24
5.40726225923 7.44839923951e-24
5.40823504834 7.46167717279e-24
5.40920801246 7.47337123252e-24
5.41018115162 7.48668313625e-24
5.41115446586 7.49751832657e-24
5.41212795519 7.50582795651e-24
5.41310161966 7.51833095639e-24
5.4140754593 7.53167045392e-24
5.41504947414 7.54317957577e-24
5.4160236642 7.55644801447e-24
5.41699802952 7.56811885694e-24
5.41797257014 7.58130605975e-24
5.41894728608 7.59385182658e-24
5.41992217738 7.60551306887e-24
5.42089724406 7.61880823452e-24
5.42187248617 7.63046404291e-24
5.42284790372 7.64374304053e-24
5.42382349675 7.65542478642e-24
5.4247992653 7.66768624823e-24
5.42577520939 7.68100800667e-24
5.42675132906 7.69033524685e-24
5.42772762434 7.7000635787e-24
5.42870409526 7.71334693906e-24
5.42968074184 7.72524827325e-24
5.43065756414 7.73738446888e-24
5.43163456216 7.75066294038e-24
5.43261173595 7.76228603913e-24
5.43358908554 7.77553626352e-24
5.43456661096 7.78696839116e-24
5.43554431224 7.79981348346e-24
5.43652218941 7.81275195948e-24
5.4375002425 7.82429087143e-24
5.43847847156 7.83759358865e-24
5.43945687659 7.84804398956e-24
5.44043545765 7.85660501533e-24
5.44141421476 7.86924148728e-24
5.44239314795 7.88224774552e-24
5.44337225726 7.89383822153e-24
5.44435154271 7.9070615399e-24
5.44533100434 7.9184812601e-24
5.44631064218 7.93177246797e-24
5.44729045626 7.94417982332e-24
5.44827044661 7.95573006668e-24
5.44925061326 7.9690164972e-24
5.45023095626 7.98051667489e-24
5.45121147562 7.99380041918e-24
5.45219217138 8.00550519269e-24
5.45317304357 8.01368579563e-24
5.45415409222 8.02496325303e-24
5.45513531737 8.03824089003e-24
5.45611671905 8.04972312813e-24
5.45709829728 8.06299808513e-24
5.4580800521 8.07496707694e-24
5.45906198355 8.08689834595e-24
5.46004409165 8.10016853375e-24
5.46102637643 8.11163557439e-24
5.46200883793 8.12490308708e-24
5.46299147618 8.13635866389e-24
5.46397429121 8.14875210007e-24
5.46495728306 8.16183532649e-24
5.46594045175 8.17335816501e-24
5.46692379731 8.18658274103e-24
5.46790731978 8.19735116487e-24
5.46889101919 8.20557646474e-24
5.46987489558 8.2177962175e-24
5.47085894896 8.23105020696e-24
5.47184317939 8.24248420118e-24
5.47282758688 8.25573552671e-24
5.47381217146 8.2671474558e-24
5.47479693318 8.27977708145e-24
5.47578187207 8.29258899224e-24
5.47676698814 8.30407948442e-24
5.47775228145 8.31728756293e-24
5.47873775201 8.32877273987e-24
5.47972339986 8.3419781079e-24
5.48070922503 8.35423254508e-24
5.48169522756 8.36246959594e-24
5.48268140748 8.37296733088e-24
5.48366776481 8.38613135317e-24
5.48465429959 8.39759908455e-24
5.48564101185 8.41044739168e-24
5.48662790163 8.4230748439e-24
5.48761496896 8.43453307962e-24
5.48860221386 8.44772470652e-24
5.48958963637 8.45917764959e-24
5.49057723652 8.47236657756e-24
5.49156501434 8.48447597568e-24
5.49255296987 8.49607884478e-24
5.49354110314 8.50921303895e-24
5.49452941418 8.51897843489e-24
5.49551790301 8.52785824521e-24
5.49650656969 8.54076371622e-24
5.49749541422 8.55329339931e-24
5.49848443666 8.56471946917e-24
5.49947363702 8.57789469072e-24
5.50046301534 8.5893154907e-24
5.50145257166 8.60248399385e-24
5.50244230601 8.61444820056e-24
5.50343221841 8.62599202462e-24
5.5044223089 8.63919638161e-24
5.50541257751 8.65052912118e-24
5.50640302427 8.66373084965e-24
5.50739364922 8.6753633737e-24
5.50838445239 8.68737066035e-24
5.50937543381 8.70056765802e-24
5.51036659351 8.71188538372e-24
5.51135793152 8.72617769732e-24
5.51234944788 8.74234003274e-24
5.51334114262 8.75433351538e-24
5.51433301576 8.76578910139e-24
5.51532506735 8.7813551541e-24
5.51631729741 8.79765522915e-24
5.51730970598 8.81346325069e-24
5.51830229309 8.82516859223e-24
5.51929505877 8.83704596767e-24
5.52028800305 8.85301313712e-24
5.52128112597 8.86929823946e-24
5.52227442755 8.88469047098e-24
5.52326790783 8.89597013189e-24
5.52426156685 8.90808546547e-24
5.52525540462 8.92435840679e-24
5.5262494212 8.9407031678e-24
5.5272436166 8.9569706728e-24
5.52823799086 8.97292812183e-24
5.52923254401 8.98479786678e-24
5.53022727608 8.9964537916e-24
5.53122218712 9.01219968055e-24
5.53221727714 9.02838642794e-24
5.53321254618 9.04388120971e-24
5.53420799428 9.05542527005e-24
5.53520362146 9.06737413473e-24
5.53619942776 9.08338329485e-24
5.5371954132 9.09969621887e-24
5.53819157783 9.11593124904e-24
5.53918792168 9.13212600475e-24
5.54018444477 9.1442515539e-24
5.54118114714 9.15559467469e-24
5.54217802882 9.1710315751e-24
5.54317508984 9.18719817932e-24
5.54417233024 9.20296386109e-24
5.54516975005 9.21478646378e-24
5.54616734929 9.22640061969e-24
5.54716512801 9.24205385178e-24
5.54816308623 9.25833503279e-24
5.54916122399 9.27453768411e-24
5.55015954132 9.29080353177e-24
5.55115803826 9.30327609895e-24
5.55215671482 9.31446916481e-24
5.55315557105 9.32950954945e-24
5.55415460698 9.3456596811e-24
5.55515382264 9.3617211423e-24
5.55615321806 9.37390805903e-24
5.55715279328 9.38516273784e-24
5.55815254833 9.40037080941e-24
5.55915248323 9.41662034215e-24
5.56015259803 9.43258526392e-24
5.56115289276 9.44450320138e-24
5.56215336744 9.45594076436e-24
5.56315402211 9.47130417327e-24
5.5641548568 9.48739387849e-24
5.56515587155 9.50362634866e-24
5.56615706638 9.51980111475e-24
5.56715844133 9.5324379388e-24
5.56815999644 9.54366104107e-24
5.56916173172 9.55833490668e-24
5.57016364723 9.57455288666e-24
5.57116574298 9.59070393444e-24
5.57216801902 9.60311064695e-24
5.57317047536 9.6143192669e-24
5.57417311206 9.62913037967e-24
5.57517592913 9.64516591536e-24
5.57617892661 9.66136203337e-24
5.57718210454 9.67752746678e-24
5.57818546294 9.69070446474e-24
5.57918900186 9.70189608655e-24
5.58019272131 9.71594688969e-24
5.58119662133 9.73213341314e-24
5.58220070197 9.74827675157e-24
5.58320496324 9.76119508121e-24
5.58420940518 9.77225618356e-24
5.58521402782 9.78649227228e-24
5.5862188312 9.8025862633e-24
5.58722381535 9.81872385085e-24
5.5882289803 9.83488352055e-24
5.58923432608 9.84870819865e-24
5.59023985273 9.85986843686e-24
5.59124556027 9.87320751169e-24
5.59225144875 9.88933688384e-24
5.59325751819 9.90547607879e-24
5.59426376863 9.91909386518e-24
5.59527020009 9.93009451211e-24
5.59627681262 9.94359364434e-24
5.59728360624 9.95967913929e-24
5.59829058099 9.97575466893e-24
5.5992977369 9.98940957273e-24
5.60030507399 9.99747910423e-24
5.60131259232 1e-23
5.6023202919 1e-23
5.60332817276 1.003576436e-23
5.60433623495 1.008576436e-23
5.6053444785 1.01e-23
5.60635290343 1.01e-23
5.60736150978 1.01e-23
5.60837029759 1.01e-23
5.60937926688 1.01e-23
5.61038841768 1.01164736709e-23
5.61139775004 1.01664736709e-23
5.61240726398 1.02e-23
5.61341695954 1.02e-23
5.61442683674 1.02e-23
5.61543689563 1.02e-23
5.61644713623 1.02068458481e-23
5.61745755858 1.02533958025e-23
5.6184681627 1.02965499544e-23
5.61947894864 1.03e-23
5.62048991642 1.03e-23
5.62150106608 1.03e-23
5.62251239765 1.03e-23
5.62352391116 1.03e-23
5.62453560665 1.03272724458e-23
5.62554748415 1.03772724458e-23
5.62655954369 1.04e-23
5.6275717853 1.04e-23
5.62858420901 1.04e-23
5.62959681487 1.04e-23
5.6306096029 1.04e-23
5.63162257313 1.04067847544e-23
5.63263572561 1.0453974823e-23
5.63364906035 1.04971900686e-23
5.63466257739 1.05e-23
5.63567627677 1.05e-23
5.63669015852 1.05065603675e-23
5.63770422267 1.0552682126e-23
5.63871846926 1.05961217585e-23
5.63973289831 1.06262202056e-23
5.64074750986 1.06762202056e-23
5.64176230395 1.07e-23
5.6427772806 1.07e-23
5.64379243985 1.07360575866e-23
5.64480778173 1.07860575866e-23
5.64582330628 1.08e-23
5.64683901352 1.08049486831e-23
5.64785490349 1.08501931225e-23
5.64887097623 1.08952444394e-23
5.64988723176 1.09e-23
5.65090367012 1.09147649276e-23
5.65192029134 1.09647649276e-23
5.65293709545 1.1e-23
5.6539540825 1.10341277429e-23
5.6549712525 1.10841277429e-23
5.6559886055 1.11e-23
5.65700614152 1.11034285393e-23
5.6580238606 1.1146275242e-23
5.65904176277 1.11928467028e-23
5.66005984807 1.12e-23
5.66107811653 1.12123061531e-23
5.66209656818 1.12623061531e-23
5.66311520305 1.13e-23
5.66413402117 1.13e-23
5.66515302259 1.13215786743e-23
5.66617220733 1.13715786743e-23
5.66719157542 1.14003047174e-23
5.66821112691 1.14407587802e-23
5.66923086181 1.14904540627e-23
5.67025078017 1.15e-23
5.67127088202 1.15096463976e-23
5.67229116739 1.15586140296e-23
5.67331163631 1.1598967632e-23
5.67433228882 1.16e-23
5.67535312495 1.16182468772e-23
5.67637414473 1.16682468772e-23
5.67739534819 1.17e-23
5.67841673538 1.17367352612e-23
5.67943830631 1.17867352612e-23
5.68046006104 1.18e-23
5.68148199958 1.18056385854e-23
5.68250412197 1.18513274269e-23
5.68352642824 1.18956888415e-23
5.68454891843 1.19e-23
5.68557159258 1.19144782695e-23
5.6865944507 1.19644782695e-23
5.68761749284 1.2e-23
5.68864071903 1.2e-23
5.68966412931 1.20223186107e-23
5.6906877237 1.20723186107e-23
5.69171150224 1.21016991677e-23
5.69273546496 1.21425754761e-23
5.6937596119 1.21908763083e-23
5.69478394308 1.22e-23
5.69580845855 1.22095606784e-23
5.69683315833 1.22590722698e-23
5.69785804246 1.22995115914e-23
5.69888311096 1.23e-23
5.69990836389 1.23172730698e-23
5.70093380126 1.23672730698e-23
5.70195942311 1.24e-23
5.70298522947 1.24e-23
5.70401122039 1.24253735516e-23
5.70503739588 1.24753735516e-23
5.70606375598 1.25045564302e-23
5.70709030073 1.25481924672e-23
5.70811703017 1.2593636037e-23
5.70914394431 1.26e-23
5.7101710432 1.2611832859e-23
5.71119832687 1.2661832859e-23
5.71222579535 1.27e-23
5.71325344868 1.27e-23
5.71428128689 1.2719385162e-23
5.71530931001 1.2769385162e-23
5.71633751807 1.28e-23
5.71736591112 1.28378042696e-23
5.71839448917 1.28878042696e-23
5.71942325228 1.29e-23
5.72045220046 1.2905138973e-23
5.72148133375 1.29500551351e-23
5.72251065219 1.29949161621e-23
5.72354015581 1.3e-23
5.72456984463 1.30129194798e-23
5.72559971871 1.30629194798e-23
5.72662977806 1.31e-23
5.72766002273 1.31e-23
5.72869045274 1.31200932402e-23
5.72972106813 1.31700932402e-23
5.73075186893 1.32e-23
5.73178285517 1.32374475973e-23
5.7328140269 1.32874475973e-23
5.73384538414 1.33e-23
5.73487692692 1.3305246391e-23
5.73590865528 1.33501699418e-23
5.73694056925 1.33949235508e-23
5.73797266887 1.34e-23
5.73900495417 1.34126327073e-23
5.74003742518 1.34626327073e-23
5.74107008194 1.35e-23
5.74210292448 1.35e-23
5.74313595283 1.35190127051e-23
5.74416916702 1.35690127051e-23
5.7452025671 1.36e-23
5.74623615308 1.36364752048e-23
5.74726992502 1.36864752048e-23
5.74830388293 1.37e-23
5.74933802686 1.37039550031e-23
5.75037235683 1.37474868849e-23
5.75140687289 1.37935318818e-23
5.75244157505 1.38e-23
5.75347646337 1.3810179785e-23
5.75451153787 1.38599102157e-23
5.75554679858 1.38997304307e-23
5.75658224553 1.39277836606e-23
5.75761787877 1.39777836606e-23
5.75865369833 1.4e-23
5.75968970423 1.4e-23
5.76072589651 1.40341343225e-23
5.76176227521 1.40841343225e-23
5.76279884036 1.41e-23
5.76383559199 1.41012430055e-23
5.76487253014 1.41411726506e-23
5.76590965483 1.41899296452e-23
5.76694696611 1.42e-23
5.76798446401 1.42e-23
5.76902214856 1.42e-23
5.77006001979 1.42352658751e-23
5.77109807773 1.42852658751e-23
5.77213632243 1.43e-23
5.77317475391 1.43e-23
5.77421337222 1.43e-23
5.77525217737 1.43e-23
5.77629116941 1.43190402567e-23
5.77733034836 1.43690402567e-23
5.77836971427 1.44e-23
5.77940926717 1.44e-23
5.78044900709 1.44e-23
5.78148893405 1.44139952414e-23
5.78252904811 1.44639952414e-23
5.78356934929 1.45e-23
5.78460983762 1.45e-23
5.78565051314 1.45e-23
5.78669137588 1.45e-23
5.78773242588 1.45e-23
5.78877366317 1.45358402459e-23
5.78981508778 1.45858402459e-23
5.79085669975 1.46e-23
5.7918984991 1.46e-23
5.79294048588 1.46e-23
5.79398266012 1.46e-23
5.79502502185 1.46192504068e-23
5.79606757111 1.46692504068e-23
5.79711030792 1.47e-23
5.79815323233 1.47e-23
5.79919634436 1.47e-23
5.80023964406 1.47e-23
5.80128313145 1.47016774644e-23
5.80232680656 1.47425765459e-23
5.80337066944 1.47908990815e-23
5.80441472011 1.48e-23
5.80545895861 1.48e-23
5.80650338498 1.48e-23
5.80754799924 1.48e-23
5.80859280143 1.48230263131e-23
5.80963779159 1.48730263131e-23
5.81068296974 1.49e-23
5.81172833593 1.49e-23
5.81277389018 1.49e-23
5.81381963253 1.49167833029e-23
5.81486556301 1.49667833029e-23
5.81591168167 1.5e-23
5.81695798852 1.5e-23
5.81800448361 1.5e-23
5.81905116697 1.5e-23
5.82009803862 1.5e-23
5.82114509862 1.50375433189e-23
5.82219234699 1.50875433189e-23
5.82323978376 1.51e-23
5.82428740897 1.51e-23
5.82533522265 1.51e-23
5.82638322484 1.51e-23
5.82743141557 1.51195324703e-23
5.82847979487 1.51695324703e-23
5.82952836278 1.52e-23
5.83057711933 1.52e-23
5.83162606455 1.52e-23
5.83267519849 1.52e-23
5.83372452117 1.52010279056e-23
5.83477403263 1.52402787992e-23
5.8358237329 1.52892508936e-23
5.83687362201 1.53e-23
5.83792370001 1.53e-23
5.83897396691 1.53e-23
5.84002442277 1.53e-23
5.8410750676 1.53204541071e-23
5.84212590146 1.53704541071e-23
5.84317692436 1.54e-23
5.84422813634 1.54e-23
5.84527953744 1.54e-23
5.8463311277 1.54132691671e-23
5.84738290713 1.54632691671e-23
5.84843487579 1.55e-23
5.8494870337 1.55e-23
5.8505393809 1.55e-23
5.85159191743 1.55e-23
5.8526446433 1.55e-23
5.85369755857 1.55321209021e-23
5.85475066326 1.55821209021e-23
5.85580395741 1.56e-23
5.85685744105 1.56e-23
5.85791111422 1.56e-23
5.85896497694 1.56e-23
5.86001902926 1.56128413917e-23
5.86107327121 1.56628413917e-23
5.86212770282 1.57e-23
5.86318232413 1.57e-23
5.86423713517 1.57e-23
5.86529213598 1.57e-23
5.86634732658 1.57e-23
5.86740270702 1.57314417445e-23
5.86845827732 1.57814417445e-23
5.86951403753 1.58e-23
5.87056998767 1.58e-23
5.87162612778 1.58e-23
5.8726824579 1.58e-23
5.87373897805 1.58117429027e-23
5.87479568827 1.58614521987e-23
5.87585258861 1.5899709296e-23
5.87690967908 1.59e-23
5.87796695973 1.59e-23
5.87902443059 1.59025488476e-23
5.88008209169 1.59438008678e-23
5.88113994307 1.59912520201e-23
5.88219798476 1.6e-23
5.88325621679 1.6e-23
5.88431463921 1.6e-23
5.88537325204 1.6e-23
5.88643205532 1.6020863716e-23
5.88749104908 1.6070863716e-23
5.88855023337 1.61e-23
5.8896096082 1.61e-23
5.89066917362 1.61e-23
5.89172892966 1.61e-23
5.89278887635 1.61000592198e-23
5.89384901373 1.61379578775e-23
5.89490934184 1.61878986577e-23
5.8959698607 1.62e-23
5.89703057035 1.62e-23
5.89809147083 1.62e-23
5.89915256218 1.62e-23
5.90021384441 1.62168049095e-23
5.90127531758 1.62668049095e-23
5.90233698171 1.63e-23
5.90339883683 1.63e-23
5.90446088299 1.63e-23
5.90552312022 1.63e-23
5.90658554854 1.63e-23
5.907648168 1.63338981959e-23
5.90871097863 1.63838981959e-23
5.90977398047 1.64e-23
5.91083717354 1.64e-23
5.91190055789 1.64e-23
5.91296413354 1.64e-23
5.91402790054 1.64e-23
5.91509185891 1.64003050764e-23
5.91615600869 1.64383069708e-23
5.91722034992 1.64880018944e-23
5.91828488263 1.65e-23
5.91934960685 1.65e-23
5.92041452261 1.65e-23
5.92147962997 1.65e-23
5.92254492893 1.65160526365e-23
5.92361041956 1.65660526365e-23
5.92467610186 1.66e-23
5.92574197589 1.66e-23
5.92680804167 1.66e-23
5.92787429925 1.66e-23
5.92894074864 1.66e-23
5.9300073899 1.66e-23
5.93107422305 1.66200746466e-23
5.93214124812 1.66700746466e-23
5.93320846516 1.67e-23
5.9342758742 1.67e-23
5.93534347526 1.67e-23
5.9364112684 1.67e-23
5.93747925363 1.67e-23
5.938547431 1.67351143857e-23
5.93961580053 1.67851143857e-23
5.94068436228 1.68e-23
5.94175311626 1.68e-23
5.94282206251 1.68e-23
5.94389120107 1.68e-23
5.94496053198 1.68e-23
5.94603005526 1.68e-23
5.94709977095 1.68380876738e-23
5.94816967909 1.68880876738e-23
5.94923977971 1.69e-23
5.95031007285 1.69e-23
5.95138055853 1.69e-23
5.95245123681 1.69e-23
5.9535221077 1.69e-23
5.95459317124 1.69026579667e-23
5.95566442747 1.69427634677e-23
5.95673587643 1.6990105501e-23
5.95780751815 1.7e-23
5.95887935265 1.7e-23
5.95995137999 1.7e-23
5.96102360019 1.7e-23
5.96209601328 1.70169963449e-23
5.96316861931 1.70669963449e-23
5.9642414183 1.71e-23
5.96531441029 1.71e-23
5.96638759532 1.71e-23
5.96746097342 1.71e-23
5.96853454463 1.71e-23
5.96960830897 1.71e-23
5.97068226649 1.71186815637e-23
5.97175641722 1.71686815637e-23
5.9728307612 1.72e-23
5.97390529845 1.72e-23
5.97498002901 1.72e-23
5.97605495293 1.72e-23
5.97713007023 1.72e-23
5.97820538094 1.72326287619e-23
5.97928088511 1.72826287619e-23
5.98035658277 1.73e-23
5.98143247395 1.73e-23
5.98250855868 1.73e-23
5.98358483701 1.73e-23
5.98466130897 1.73e-23
5.98573797459 1.73e-23
5.9868148339 1.73331957119e-23
5.98789188694 1.73831957119e-23
5.98896913376 1.74e-23
5.99004657437 1.74e-23
5.99112420882 1.74e-23
5.99220203714 1.74e-23
5.99328005936 1.74e-23
5.99435827553 1.74e-23
5.99543668567 1.74336597804e-23
5.99651528983 1.74836597804e-23
5.99759408802 1.75e-23
5.9986730803 1.75e-23
5.9997522667 1.75e-23
6.00083164724 1.75e-23
6.00191122197 1.75090493265e-23
6.00299099092 1.75552531938e-23
6.00407095412 1.75962038673e-23
6.00515111162 1.76e-23
6.00623146343 1.76e-23
6.00731200961 1.76e-23
6.00839275019 1.76e-23
6.00947368519 1.76e-23
6.01055481466 1.76082563544e-23
6.01163613862 1.76543708077e-23
6.01271765713 1.76961144533e-23
6.0137993702 1.77e-23
6.01488127788 1.77e-23
6.01596338019 1.77e-23
6.01704567718 1.77e-23
6.01812816888 1.77200521419e-23
6.01921085533 1.77700521419e-23
6.02029373655 1.78e-23
6.02137681259 1.78e-23
6.02246008348 1.78e-23
6.02354354926 1.78e-23
6.02462720995 1.78e-23
6.0257110656 1.78e-23
6.02679511625 1.781889232e-23
6.02787936191 1.786889232e-23
6.02896380264 1.79e-23
6.03004843846 1.79e-23
6.03113326941 1.79e-23
6.03221829553 1.79e-23
6.03330351685 1.79e-23
6.0343889334 1.79e-23
6.03547454523 1.79177076561e-23
6.03656035236 1.79677076561e-23
6.03764635483 1.8e-23
6.03873255268 1.8e-23
6.03981894594 1.8e-23
6.04090553465 1.8e-23
6.04199231883 1.8e-23
6.04307929854 1.80281968144e-23
6.0441664738 1.80781968144e-23
6.04525384464 1.81e-23
6.04634141111 1.81e-23
6.04742917324 1.81e-23
6.04851713106 1.81e-23
6.0496052846 1.81015028541e-23
6.05069363391 1.81398645682e-23
6.05178217902 1.81883617141e-23
6.05287091997 1.82130630133e-23
6.05395985678 1.82629691558e-23
6.05504898949 1.82999061425e-23
6.05613831815 1.83e-23
6.05722784278 1.83116190871e-23
6.05831756342 1.83608057271e-23
6.05940748011 1.83991866399e-23
6.06049759287 1.84e-23
6.06158790176 1.84106042155e-23
6.06267840679 1.84579976862e-23
6.06376910801 1.84973934707e-23
6.06486000545 1.85e-23
6.06595109915 1.8508716065e-23
6.06704238914 1.855419424e-23
6.06813387546 1.85954781749e-23
6.06922555814 1.86e-23
6.07031743722 1.86068593729e-23
6.07140951273 1.86512035675e-23
6.07250178472 1.86943441946e-23
6.0735942532 1.87e-23
6.07468691823 1.87056223654e-23
6.07577977983 1.87479528526e-23
6.07687283804 1.87923304872e-23
6.0779660929 1.88e-23
6.07905954444 1.88034171544e-23
6.08015319269 1.88435152281e-23
6.0812470377 1.88900980737e-23
6.08234107949 1.89e-23
6.08343531811 1.8901129014e-23
6.08452975359 1.8939659944e-23
6.08562438595 1.898853093e-23
6.08671921525 1.9e-23
6.08781424151 1.9e-23
6.08890946477 1.90360376543e-23
6.09000488507 1.90860376543e-23
6.09110050244 1.91e-23
6.09219631691 1.91e-23
6.09329232853 1.91e-23
6.09438853732 1.91207798711e-23
6.09548494333 1.91707798711e-23
6.09658154658 1.92e-23
6.09767834712 1.92e-23
6.09877534497 1.92186840596e-23
6.09987254018 1.92686840596e-23
6.10096993278 1.93e-23
6.10206752281 1.93e-23
6.10316531029 1.93e-23
6.10426329528 1.93e-23
6.10536147779 1.93e-23
6.10645985787 1.93e-23
6.10755843556 1.93e-23
6.10865721089 1.93e-23
6.10975618388 1.93e-23
6.11085535459 1.93235208608e-23
6.11195472305 1.93735208608e-23
6.11305428928 1.94e-23
6.11415405334 1.94e-23
6.11525401524 1.94e-23
6.11635417503 1.94e-23
6.11745453275 1.94e-23
6.11855508842 1.94e-23
6.11965584209 1.94e-23
6.12075679379 1.94e-23
6.12185794355 1.94e-23
6.12295929142 1.93714364566e-23
6.12406083742 1.93214364566e-23
6.1251625816 1.9298573612e-23
6.12626452398 1.92600000574e-23
6.12736666461 1.92114264454e-23
6.12846900352 1.91881690219e-23
6.12957154074 1.91392071795e-23
6.13067427632 1.91010381575e-23
6.13177721028 1.91e-23
6.13288034266 1.91e-23
6.1339836735 1.91e-23
6.13508720284 1.91e-23
6.13619093071 1.91191605859e-23
6.13729485714 1.91691605859e-23
6.13839898217 1.92e-23
6.13950330584 1.92287374084e-23
6.14060782818 1.92787374084e-23
6.14171254922 1.93018372539e-23
6.14281746902 1.93407216995e-23
6.14392258759 1.93888844456e-23
6.14502790498 1.94119416581e-23
6.14613342122 1.94609141517e-23
6.14723913634 1.94989724936e-23
6.14834505039 1.95e-23
6.1494511634 1.95079769499e-23
6.1505574754 1.95529566692e-23
6.15166398643 1.95949797194e-23
6.15277069653 1.961794212e-23
6.15387760573 1.966794212e-23
6.15498471407 1.97e-23
6.15609202158 1.97278483746e-23
6.1571995283 1.97778483746e-23
6.15830723427 1.9800748783e-23
6.15941513951 1.98384445131e-23
6.16052324407 1.98876957301e-23
6.16163154799 1.99103425414e-23
6.16274005129 1.99568768291e-23
6.16384875402 1.99965342878e-23
6.16495765621 2e-23
6.1660667579 2.00061900691e-23
6.16717605911 2.00492825374e-23
6.1682855599 2.00930924683e-23
6.16939526029 2.01158560146e-23
6.17050516031 2.01658560146e-23
6.17161526002 2.02e-23
6.17272555943 2.02249537652e-23
6.1738360586 2.02749537652e-23
6.17494675754 2.03e-23
6.17605765631 2.02656889014e-23
6.17716875493 2.01948553839e-23
6.17828005344 2.0121648839e-23
6.17939155188 2.00488715225e-23
6.18050325029 2.00366910639e-23
6.18161514869 2.01138537823e-23
6.18272724713 2.02364616595e-23
6.18383954564 2.03426213104e-23
6.18495204425 2.04416649086e-23
6.18606474301 2.05639849454e-23
6.18717764195 2.06601125305e-23
6.1882907411 2.07328972519e-23
6.18940404051 2.08059703488e-23
6.1905175402 2.08711540553e-23
6.19163124021 2.09e-23
6.19274514059 2.09302190315e-23
6.19385924136 2.09967782568e-23
6.19497354256 2.10697913716e-23
6.19608804423 2.11424586643e-23
6.1972027464 2.1189226518e-23
6.19831764911 2.12121983573e-23
6.1994327524 2.12603748889e-23
6.2005480563 2.13323206312e-23
6.20166356084 2.13841440997e-23
6.20277926607 2.14070655535e-23
6.20389517202 2.1450081552e-23
6.20501127873 2.15225655501e-23
6.20612758623 2.15636533021e-23
6.20724409456 2.15303699432e-23
6.20836080375 2.14192203909e-23
6.20947771384 2.12982846498e-23
6.21059482487 2.12253304515e-23
6.21171213687 2.12e-23
6.21282964989 2.12e-23
6.21394736394 2.12e-23
6.21506527908 2.12e-23
6.21618339534 2.12e-23
6.21730171275 2.12e-23
6.21842023135 2.12140639108e-23
6.21953895117 2.12640639108e-23
6.22065787226 2.13e-23
6.22177699465 2.13e-23
6.22289631837 2.13091845102e-23
6.22401584346 2.13542039884e-23
6.22513556996 2.13950194782e-23
6.2262554979 2.14e-23
6.22737562733 2.14034837551e-23
6.22849595827 2.14427746468e-23
6.22961649076 2.14892908917e-23
6.23073722484 2.15e-23
6.23185816054 2.15e-23
6.23297929791 2.15341425901e-23
6.23410063697 2.15841425901e-23
6.23522217777 2.16061296981e-23
6.23634392033 2.16487524108e-23
6.23746586471 2.16926227127e-23
6.23858801092 2.17e-23
6.23971035902 2.17000237767e-23
6.24083290902 2.17365121167e-23
6.24195566098 2.178648834e-23
6.24307861493 2.18e-23
6.24420177091 2.18e-23
6.24532512894 2.18306442967e-23
6.24644868907 2.18806442967e-23
6.24757245133 2.19e-23
6.24869641576 2.19e-23
6.2498205824 2.19244276863e-23
6.25094495128 2.19744276863e-23
6.25206952244 2.2e-23
6.25319429591 2.2e-23
6.25431927174 2.20184784294e-23
6.25544444995 2.20684784294e-23
6.25656983059 2.21e-23
6.25769541369 2.21e-23
6.25882119929 2.21e-23
6.25994718741 2.21e-23
6.26107337811 2.21e-23
6.26219977142 2.21e-23
6.26332636737 2.21061641988e-23
6.264453166 2.21479309256e-23
6.26558016734 2.21917667269e-23
6.26670737143 2.22e-23
6.26783477832 2.22e-23
6.26896238803 2.22358301743e-23
6.2700902006 2.22858301743e-23
6.27121821607 2.23e-23
6.27234643447 2.23e-23
6.27347485585 2.23293581522e-23
6.27460348023 2.23793581522e-23
6.27573230766 2.24004544156e-23
6.27686133817 2.24371641957e-23
6.27799057179 2.24867097801e-23
6.27912000857 2.25e-23
6.28024964854 2.25e-23
6.28137949174 2.25300410965e-23
6.2825095382 2.25800410965e-23
6.28363978796 2.26e-23
6.28477024106 2.26e-23
6.28590089753 2.26234745843e-23
6.28703175741 2.26734745843e-23
6.28816282074 2.27e-23
6.28929408754 2.27e-23
6.29042555787 2.27161911569e-23
6.29155723176 2.27661911569e-23
6.29268910924 2.28e-23
6.29382119035 2.28e-23
6.29495347512 2.28e-23
6.2960859636 2.28e-23
6.29721865581 2.28310904554e-23
6.2983515518 2.28979704104e-23
6.29948465161 2.29692137965e-23
6.30061795526 2.30407869887e-23
6.3017514628 2.31125284024e-23
6.30288517427 2.31929998305e-23
6.30401908969 2.33086095911e-23
6.30515320911 2.34821764814e-23
6.30628753256 2.36756527969e-23
6.30742206008 2.38371274062e-23
6.30855679171 2.3980079582e-23
6.30969172748 2.41233981189e-23
6.31082686743 2.42747894909e-23
6.3119622116 2.4463180262e-23
6.31309776002 2.46469698392e-23
6.31423351273 2.47932338419e-23
6.31536946976 2.4935882265e-23
6.31650563116 2.51159699653e-23
6.31764199696 2.53078227273e-23
6.3187785672 2.54625223435e-23
6.31991534191 2.56054757306e-23
6.32105232113 2.57482875971e-23
6.3221895049 2.59056023803e-23
6.32332689325 2.60987062242e-23
6.32446448622 2.62758106199e-23
6.32560228385 2.64177443498e-23
6.32674028618 2.65607681275e-23
6.32787849324 2.67028765809e-23
6.32901690506 2.68152649482e-23
6.33015552169 2.68926766413e-23
6.33129434317 2.69641401541e-23
6.33243336952 2.70353057811e-23
6.33357260078 2.71061557382e-23
6.334712037 2.71775792966e-23
6.33585167821 2.72485723847e-23
6.33699152445 2.73471542015e-23
6.33813157574 2.74685378357e-23
6.33927183214 2.75617258983e-23
6.34041229368 2.76327711346e-23
6.34155296038 2.77041148746e-23
6.3426938323 2.77747638211e-23
6.34383490947 2.7845085964e-23
6.34497619192 2.79416952476e-23
6.34611767969 2.80629908368e-23
6.34725937283 2.81579735121e-23
6.34840127135 2.8228890158e-23
6.34954337531 2.83001459325e-23
6.35068568474 2.83708065139e-23
6.35182819967 2.84418163802e-23
6.35297092015 2.85371256287e-23
6.35411384621 2.8657556739e-23
6.35525697788 2.87536017289e-23
6.35640031521 2.88243835138e-23
6.35754385823 2.88955515307e-23
6.35868760698 2.89661226124e-23
6.3598315615 2.90369949247e-23
6.36097572181 2.91298342051e-23
6.36212008797 2.92503647915e-23
6.36326466 2.93496036935e-23
6.36440943794 2.94205573942e-23
6.36555442184 2.94910475164e-23
6.36669961172 2.95620974473e-23
6.36784500763 2.96328895154e-23
6.3689906096 2.9721936637e-23
6.37013641766 2.98379699604e-23
6.37128243187 2.99e-23
6.37242865224 2.99250025994e-23
6.37357507883 2.99750025994e-23
6.37472171166 3e-23
6.37586855078 3.00309639284e-23
6.37701559621 3.0113491913e-23
6.37816284801 3.02401644785e-23
6.3793103062 3.04551124457e-23
6.38045797083 3.07347715847e-23
6.38160584192 3.10149483142e-23
6.38275391952 3.12979295639e-23
6.38390220366 3.15808886948e-23
6.38505069439 3.18748170443e-23
6.38619939173 3.22066051782e-23
6.38734829573 3.25261030894e-23
6.38849740642 3.280854946e-23
6.38964672384 3.30918245955e-23
6.39079624803 3.33735479891e-23
6.39194597903 3.36546688702e-23
6.39309591686 3.39377864823e-23
6.39424606157 3.42188989196e-23
6.3953964132 3.47056358632e-23
6.39654697178 3.55435429886e-23
6.39769773735 3.66687467708e-23
6.39884870995 3.74426663014e-23
6.39999988962 3.77231121565e-23
6.40115127638 3.8005883276e-23
6.40230287029 3.8286961699e-23
6.40345467137 3.85677114529e-23
6.40460667967 3.88274423146e-23
6.40575889522 3.90154042065e-23
6.40691131805 3.91559287554e-23
6.40806394821 3.92802825224e-23
6.40921678574 3.93702267881e-23
6.41036983066 3.94762847105e-23
6.41152308302 3.96163043063e-23
6.41267654286 3.97574386779e-23
6.41383021021 3.98976811715e-23
6.41498408511 4.00378450992e-23
6.4161381676 4.0178901164e-23
6.41729245771 4.03188536121e-23
6.41844695548 4.04266715265e-23
6.41960166095 4.05176493478e-23
6.42075657415 4.06397997156e-23
6.42191169514 4.07787329613e-23
6.42306702393 4.09185238747e-23
6.42422256057 4.10594078832e-23
6.42537830509 4.11993793846e-23
6.42653425754 4.13393070255e-23
6.42769041795 4.14675095644e-23
6.42884678636 4.1559901056e-23
6.43000336281 4.16625665466e-23
6.43116014732 4.18005921283e-23
6.43231713995 4.1940094249e-23
6.43347434073 4.20802885346e-23
6.43463174969 4.22208454858e-23
6.43578936687 4.23599692271e-23
6.43694719231 4.24985799528e-23
6.43810522605 4.26110923494e-23
6.43926346813 4.27016489798e-23
6.44042191858 4.28182541823e-23
6.44158057743 4.29580471172e-23
6.44273944474 4.30985259662e-23
6.44389852053 4.32377740757e-23
6.44505780485 4.33776916144e-23
6.44621729772 4.34960895309e-23
6.44737699919 4.35849918273e-23
6.4485369093 4.36952873807e-23
6.44969702808 4.38346666309e-23
6.45085735557 4.39749747976e-23
6.4520178918 4.41142143389e-23
6.45317863683 4.42537128846e-23
6.45433959067 4.43939435033e-23
6.45550075338 4.45324227121e-23
6.45666212498 4.46362770188e-23
6.45782370552 4.47269257923e-23
6.45898549504 4.48516029957e-23
6.46014749356 4.49913333467e-23
6.46130970113 4.51060502216e-23
6.46247211779 4.51751553504e-23
6.46363474357 4.52e-23
6.46479757851 4.52e-23
6.46596062266 4.52e-23
6.46712387603 4.52e-23
6.46828733869 4.52e-23
6.46945101065 4.52372181729e-23
6.47061489196 4.53435037742e-23
6.47177898267 4.54828994496e-23
6.47294328279 4.56226057241e-23
6.47410779238 4.5761190887e-23
6.47527251147 4.59006915249e-23
6.47643744009 4.60401469331e-23
6.47760257829 4.61664138809e-23
6.47876792611 4.62579455247e-23
6.47993348358 4.63586412074e-23
6.48109925073 4.64944869571e-23
6.48226522761 4.66328996557e-23
6.48343141426 4.67719355564e-23
6.4845978107 4.69115013816e-23
6.48576441699 4.70451346368e-23
6.48693123315 4.71444844666e-23
6.48809825923 4.72385080327e-23
6.48926549526 4.73661907998e-23
6.49043294129 4.75036597905e-23
6.49160059734 4.76422187145e-23
6.49276846345 4.77816329595e-23
6.49393653968 4.79199086456e-23
6.49510482604 4.80264302993e-23
6.49627332258 4.81157678385e-23
6.49744202934 4.8235981425e-23
6.49861094636 4.83747224081e-23
6.49978007366 4.85139376395e-23
6.5009494113 4.86519436391e-23
6.50211895931 4.87907722795e-23
6.50328871773 4.8905070533e-23
6.50445868658 4.89926320483e-23
6.50562886593 4.91044636684e-23
6.50679925579 4.92427049269e-23
6.50796985621 4.93817981279e-23
6.50914066722 4.95197495733e-23
6.51031168887 4.96580732292e-23
6.51148292119 4.97970900319e-23
6.51265436422 4.99340025015e-23
6.513826018 5.00366254539e-23
6.51499788256 5.01263775999e-23
6.51616995795 5.02498376756e-23
6.5173422442 5.03883193951e-23
6.51851474134 5.05270034976e-23
6.51968744943 5.06642712535e-23
6.52086036849 5.0801098547e-23
6.52203349856 5.09118661366e-23
6.52320683968 5.10006397137e-23
6.5243803919 5.1115423592e-23
6.52555415523 5.12841176368e-23
6.52672812974 5.15187078892e-23
6.52790231545 5.18238194563e-23
6.52907671239 5.213457084e-23
6.53025132062 5.24123474743e-23
6.53142614017 5.26897432851e-23
6.53260117106 5.29999686892e-23
6.53377641336 5.33218701837e-23
6.53495186708 5.3643527556e-23
6.53612753227 5.4121084236e-23
6.53730340897 5.50155343037e-23
6.53847949721 5.62950910877e-23
6.53965579704 5.76694057599e-23
6.54083230849 5.90448297792e-23
6.5420090316 6.04156482931e-23
6.5431859664 6.17408215251e-23
6.54436311294 6.30798303214e-23
6.54554047126 6.44599350064e-23
6.54671804138 6.58301176802e-23
6.54789582336 6.71927107547e-23
6.54907381722 6.85437327081e-23
6.55025202301 6.9875874363e-23
6.55143044077 7.12190081469e-23
6.55260907052 7.25893633563e-23
6.55378791232 7.39707497306e-23
6.5549669662 7.53431051427e-23
6.55614623219 7.66888832292e-23
6.55732571034 7.80195150102e-23
6.55850540068 7.93650027214e-23
6.55968530325 8.07251214846e-23
6.56086541809 8.20897473049e-23
6.56204574524 8.34680675301e-23
6.56322628473 8.48121235251e-23
6.56440703661 8.6128580617e-23
6.56558800091 8.74879665851e-23
6.56676917767 8.8860690478e-23
6.56795056693 9.02263796955e-23
6.56913216872 9.16046131528e-23
6.5703139831 9.2975435115e-23
6.57149601008 9.43206575834e-23
6.57267824972 9.56481396312e-23
6.57386070204 9.69877930055e-23
6.5750433671 9.83216399923e-23
6.57622624492 9.96312307661e-23
6.57740933554 1.00977512694e-22
6.57859263901 1.02350856545e-22
6.57977615536 1.03714106165e-22
6.58095988463 1.05087686956e-22
6.58214382686 1.06459204299e-22
6.58332798208 1.07821689312e-22
6.58451235034 1.09195624727e-22
6.58569693167 1.10565338078e-22
6.58688172611 1.11927059197e-22
6.5880667337 1.13301327032e-22
6.58925195448 1.14669258896e-22
6.59043738848 1.16023073016e-22
6.59162303575 1.17377222988e-22
6.59280889632 1.18744893648e-22
6.59399497024 1.20117357243e-22
6.59518125753 1.21477414456e-22
6.59636775824 1.22845365683e-22
6.59755447241 1.24216100542e-22
6.59874140007 1.25511906672e-22
6.59992854127 1.26471803036e-22
6.60111589604 1.27404321401e-22
6.60230346441 1.28667665825e-22
6.60349124644 1.30018818112e-22
6.60467924215 1.31380332939e-22
6.60586745159 1.32750956221e-22
6.6070558748 1.34110722232e-22
6.6082445118 1.35472443717e-22
6.60943336265 1.36842323039e-22
6.61062242737 1.38200442412e-22
6.61181170601 1.39562348433e-22
6.61300119861 1.40931484504e-22
6.6141909052 1.42287979678e-22
6.61538082583 1.43650048124e-22
6.61657096053 1.45018441655e-22
6.61776130934 1.46373322398e-22
6.61895187229 1.47721291019e-22
6.62014264944 1.49076537764e-22
6.62133364081 1.50444057188e-22
6.62252484644 1.51803723847e-22
6.62371626638 1.53159081414e-22
6.62490790066 1.54525860153e-22
6.62609974932 1.55883977583e-22
6.6272918124 1.57239423903e-22
6.62848408993 1.58605462673e-22
6.62967658196 1.59962053266e-22
6.63086928853 1.61307561111e-22
6.63206220966 1.62656186283e-22
6.63325534541 1.64018323555e-22
6.63444869581 1.65379786822e-22
6.6356422609 1.66731383135e-22
6.63683604071 1.68093550406e-22
6.6380300353 1.69453539278e-22
6.63922424468 1.70804382726e-22
6.64041866891 1.72166557964e-22
6.64161330802 1.73525094798e-22
6.64280816205 1.74875186117e-22
6.64400323104 1.76237347304e-22
6.64519851503 1.77594454445e-22
6.64639401406 1.78937581219e-22
6.64758972816 1.80279794247e-22
6.64878565737 1.8163489831e-22
6.64998180174 1.8299651922e-22
6.6511781613 1.84344977276e-22
6.65237473609 1.85700015931e-22
6.65357152615 1.87060747559e-22
6.65476853151 1.88408456146e-22
6.65596575222 1.89763407416e-22
6.65716318832 1.91122783976e-22
6.65836083984 1.92469743837e-22
6.65955870682 1.93824585758e-22
6.66075678931 1.95182629549e-22
6.66195508733 1.96575948699e-22
6.66315360093 1.98298814526e-22
6.66435233015 2.00320303073e-22
6.66555127503 2.02295036092e-22
6.6667504356 2.03921496268e-22
6.66794981191 2.05505849148e-22
6.66914940399 2.07440232967e-22
6.67034921188 2.09462425793e-22
6.67154923562 2.11233185202e-22
6.67274947525 2.12768829826e-22
6.67394993081 2.14539360312e-22
6.67515060233 2.16544242184e-22
6.67635148986 2.18460708098e-22
6.67755259344 2.20056501394e-22
6.6787539131 2.21678391832e-22
6.67995544888 2.23626665132e-22
6.68115720082 2.25656635014e-22
6.68235916897 2.27683013907e-22
6.68356135335 2.29578332057e-22
6.68476375401 2.31150139862e-22
6.68596637099 2.32792055337e-22
6.68716920432 2.34761329331e-22
6.68837225405 2.36790478094e-22
6.68957552021 2.38510795723e-22
6.69077900284 2.40012865414e-22
6.69198270199 2.41815382958e-22
6.69318661769 2.43833407236e-22
6.69439074997 2.45716926176e-22
6.69559509889 2.47248579866e-22
6.69679966447 2.4891168272e-22
6.69800444676 2.50918403134e-22
6.69920944579 2.52927121237e-22
6.70041466161 2.54617065622e-22
6.70162009425 2.56143990734e-22
6.70282574375 2.57978138922e-22
6.70403161016 2.59994554811e-22
6.7052376935 2.62020393698e-22
6.70644399383 2.64021967998e-22
6.70765051117 2.65680752883e-22
6.70885724557 2.6718980749e-22
6.71006419707 2.69050805648e-22
6.7112713657 2.71064600033e-22
6.71247875151 2.72889622713e-22
6.71368635453 2.74413111218e-22
6.71489417481 2.76104843112e-22
6.71610221237 2.7810862483e-22
6.71731046727 2.80106693907e-22
6.71851893954 2.81761240157e-22
6.71972762921 2.83277124041e-22
6.72093653634 2.85125967974e-22
6.72214566095 2.87138431602e-22
6.72335500309 2.89157670963e-22
6.72456456279 2.91132167476e-22
6.7257743401 2.92779750378e-22
6.72698433506 2.9491848924e-22
6.72819454769 2.98525767519e-22
6.72940497805 3.04390953981e-22
6.73061562617 3.11987437379e-22
6.73182649209 3.19813640236e-22
6.73303757585 3.27481236243e-22
6.73424887749 3.35076625168e-22
6.73546039705 3.42890362717e-22
6.73667213457 3.50468266318e-22
6.73788409008 3.57795780755e-22
6.73909626363 3.6522820231e-22
6.74030865525 3.72945258619e-22
6.74152126499 3.80728838481e-22
6.74273409288 3.88288332303e-22
6.74394713897 3.9600318854e-22
6.74516040328 4.03780825465e-22
6.74637388587 4.11290943769e-22
6.74758758677 4.18627579868e-22
6.74880150601 4.26104574594e-22
6.75001564365 4.33882803918e-22
6.75122999972 4.41527720073e-22
6.75244457425 4.4910364544e-22
6.75365936729 4.56905786065e-22
6.75487437888 4.64545868087e-22
6.75608960905 4.71910521397e-22
6.75730505785 4.79247209106e-22
6.75852072531 4.86965836019e-22
6.75973661147 4.94787940835e-22
6.76095271638 5.02206811179e-22
6.76216904007 5.09546171328e-22
6.76338558258 5.17110118883e-22
6.76460234396 5.24891980178e-22
6.76581932423 5.32437748492e-22
6.76703652345 5.39933210393e-22
6.76825394164 5.47793665579e-22
6.76947157885 5.5540853275e-22
6.77068943512 5.6269960717e-22
6.77190751049 5.70090047789e-22
6.77312580499 5.77764635738e-22
6.77434431867 5.85517428394e-22
6.77556305157 5.93038500539e-22
6.77678200372 6.00707169009e-22
6.77800117516 6.08457756948e-22
6.77922056594 6.18073131574e-22
6.7804401761 6.51844816516e-22
6.78166000566 7.09062462091e-22
6.78288005468 7.68604957863e-22
6.78410032319 8.29748371665e-22
6.78532081123 8.80885688491e-22
6.78654151885 9.12709931767e-22
6.78776244607 9.2794551683e-22
6.78898359294 9.3528075056e-22
6.79020495951 9.42543107027e-22
6.7914265458 9.49843961456e-22
6.79264835186 9.57002521463e-22
6.79387037773 9.63760453149e-22
6.79509262344 9.70655842417e-22
6.79631508904 9.77911425946e-22
6.79753777457 9.85240012404e-22
6.79876068007 9.92532145595e-22
6.79998380557 9.99627594632e-22
6.80120715112 1.00646056716e-21
6.80243071675 1.01308742278e-21
6.80365450251 1.0196757907e-21
6.80487850843 1.02632846981e-21
6.80610273455 1.0329530784e-21
6.80732718092 1.03953786144e-21
6.80855184757 1.04618554348e-21
6.80977673454 1.05280801434e-21
6.81100184188 1.06068077958e-21
6.81222716962 1.0718222518e-21
6.8134527178 1.08210962895e-21
6.81467848646 1.08916307248e-21
6.81590447564 1.0957498521e-21
6.81713068538 1.1023504611e-21
6.81835711572 1.10899305104e-21
6.81958376671 1.11557798393e-21
6.82081063837 1.12217323955e-21
6.82203773075 4.46355146846e-21
6.82326504389 1.80557694382e-20
6.82449257783 3.05376253637e-20
6.82572033261 3.29407236242e-20
6.82694830826 3.33121493124e-20
6.82817650484 3.37041397872e-20
6.82940492237 3.40891815798e-20
6.8306335609 3.44448418857e-20
6.83186242046 3.47995046407e-20
6.83309150111 3.51842382198e-20
6.83432080287 3.55806969483e-20
6.83555032578 3.59545846204e-20
6.83678006989 3.62979618586e-20
6.83801003524 3.66669368543e-20
6.83924022187 3.70418987405e-20
6.84047062981 3.73845334023e-20
6.84170125911 3.77474783814e-20
6.8429321098 3.81410083615e-20
6.84416318192 3.85349979155e-20
6.84539447552 3.88939391509e-20
6.84662599064 3.92402072941e-20
6.84785772731 3.96227765172e-20
6.84908968558 4.00173428412e-20
6.85032186548 4.03928378654e-20
6.85155426705 4.07395155499e-20
6.85278689034 4.11013263305e-20
6.85401973538 4.14937389967e-20
6.85525280222 4.18900992021e-20
6.85648609089 4.22529155692e-20
6.85771960144 4.25933165451e-20
6.8589533339 4.29652224407e-20
6.86018728831 4.33589651507e-20
6.86142146471 4.37423440508e-20
6.86265586315 4.40895985663e-20
6.86389048366 4.44456547839e-20
6.86512532629 4.48255557998e-20
6.86636039107 4.51743191607e-20
6.86759567804 4.55284542064e-20
6.86883118725 4.59178019035e-20
6.87006691873 4.63102169536e-20
6.87130287252 4.66997470276e-20
6.87253904866 4.7125763079e-20
6.8737754472 4.77212321022e-20
6.87501206817 4.84444093826e-20
6.87624891162 4.91668245276e-20
6.87748597758 4.992733866e-20
6.87872326609 5.06950766774e-20
6.8799607772 5.14231613528e-20
6.88119851094 5.21443775739e-20
6.88243646735 5.28675429861e-20
6.88367464647 5.35856054888e-20
6.88491304835 5.43409282338e-20
6.88615167303 5.51122601115e-20
6.88739052053 5.58431994436e-20
