#xsec (eV,cm2) for O2 -> O + O(1D)
1.01283033864 0.0
1.03882025108 0.0
1.06547708229 0.0
1.09281794584 0.0
1.12086039446 0.0
1.14962243131 0.0
1.1791225215 0.0
1.20937960399 0.0
1.2404131037 0.0
1.27224294404 0.0
1.30488955964 0.0
1.3383739095 0.0
1.37271749046 0.0
1.40794235097 0.0
1.44407110525 0.0
1.48112694784 0.0
1.51913366844 0.0
1.55811566724 0.0
1.59809797053 0.0
1.6391062468 0.0
1.68116682321 0.0
1.7243067025 0.0
1.7685535803 0.0
1.81393586296 0.0
1.86048268573 0.0
1.9082239315 0.0
1.95719024997 0.0
2.00741307733 0.0
2.05892465645 0.0
2.11175805759 0.0
2.16594719958 0.0
2.22152687165 0.0
2.27853275575 0.0
2.33700144945 0.0
2.39697048942 0.0
2.45847837558 0.0
2.52156459575 0.0
2.58626965106 0.0
2.65263508191 0.0
2.72070349466 0.0
2.79051858899 0.0
2.86212518592 0.0
2.93556925662 0.0
3.01089795192 0.0
3.08815963256 0.0
3.16740390025 0.0
3.24868162952 0.0
3.33204500037 0.0
3.41754753178 0.0
3.50524411605 0.0
3.59519105407 0.0
3.68744609143 0.0
3.78206845554 0.0
3.87911889359 0.0
3.97865971161 0.0
4.08075481444 0.0
4.18546974675 0.0
4.29287173515 0.0
4.40302973131 0.0
4.51601445626 0.0
4.63189844577 0.0
4.75075609694 0.0
4.87266371593 0.0
4.997699567 0.0
5.12594392268 0.0
5.25747911539 0.0
5.39238959022 0.0
5.53076195922 0.0
5.67268505691 0.0
5.81824999742 0.0
5.96755023288 0.0
6.1206816135 0.0
6.27774244906 0.0
6.43883357203 0.0
6.60405840233 0.0
6.77352301366 0.0
6.9473362017 0.0
7.12560955386 2.72285471169e-19
7.30845752098 9.42985821556e-19
7.49599749077 2.06106465764e-18
7.68834986321 3.93994647309e-18
7.88563812779 6.41846104179e-18
8.08798894286 9.12021216411e-18
8.29553221689 1.1738626965e-17
8.5084011919 1.37778332411e-17
8.72673252897 1.43038158592e-17
8.95066639602 1.21878715187e-17
9.18034655777 6.31392832225e-18
9.41592046802 1.37084497583e-18
9.65753936436 3.31352888633e-19
9.90535836521 2.86197847078e-19
10.1595365695 3.41885727345e-18
10.4202371586 3.70718635926e-18
10.6876275014 5.17670515233e-19
10.9618792615 1.98309950518e-19
11.2431685075 4.16641435979e-19
11.5316758261 6.57896603202e-19
11.8275864379 8.03433688194e-19
12.1310903163 6.92872579644e-19
12.4423823099 7.46878446593e-19
