#xsec (eV,cm2) for O3 -> O(1D) + O2
1.01283033864 0.0
1.03882025108 0.0
1.06547708229 0.0
1.09281794584 0.0
1.12086039446 0.0
1.14962243131 0.0
1.1791225215 0.0
1.20937960399 0.0
1.2404131037 0.0
1.27224294404 0.0
1.30488955964 0.0
1.3383739095 0.0
1.37271749046 0.0
1.40794235097 0.0
1.44407110525 0.0
1.48112694784 0.0
1.51913366844 0.0
1.55811566724 0.0
1.59809797053 0.0
1.6391062468 0.0
1.68116682321 0.0
1.7243067025 0.0
1.7685535803 0.0
1.81393586296 0.0
1.86048268573 0.0
1.9082239315 0.0
1.95719024997 0.0
2.00741307733 0.0
2.05892465645 0.0
2.11175805759 0.0
2.16594719958 0.0
2.22152687165 0.0
2.27853275575 0.0
2.33700144945 0.0
2.39697048942 0.0
2.45847837558 0.0
2.52156459575 0.0
2.58626965106 0.0
2.65263508191 0.0
2.72070349466 0.0
2.79051858899 0.0
2.86212518592 0.0
2.93556925662 0.0
3.01089795192 0.0
3.08815963256 0.0
3.16740390025 0.0
3.24868162952 0.0
3.33204500037 0.0
3.41754753178 0.0
3.50524411605 0.0
3.59519105407 0.0
3.68744609143 0.0
3.78206845554 0.0
3.87911889359 2.63942379575e-21
3.97865971161 5.89390962702e-20
4.08075481444 2.60175720316e-19
4.18546974675 7.53058114131e-19
4.29287173515 1.82073125282e-18
4.40302973131 3.57902915895e-18
4.51601445626 6.01725129207e-18
4.63189844577 8.46458016509e-18
4.75075609694 1.01769928067e-17
4.87266371593 1.09090888712e-17
4.997699567 1.02835212362e-17
5.12594392268 8.6534679072e-18
5.25747911539 6.57210714293e-18
5.39238959022 4.49129431755e-18
5.53076195922 2.81435969476e-18
5.67268505691 1.63341066895e-18
5.81824999742 8.3836104631e-19
5.96755023288 4.29727228522e-19
6.1206816135 3.41655987683e-19
6.27774244906 3.54946334481e-19
6.43883357203 4.57922949886e-19
6.60405840233 5.9176670405e-19
6.77352301366 7.11656808746e-19
6.9473362017 7.8178281604e-19
7.12560955386 8.20199296913e-19
7.30845752098 8.28773005967e-19
7.49599749077 8.85572521728e-19
7.68834986321 1.13621019523e-18
7.88563812779 1.72767377711e-18
8.08798894286 2.73870532465e-18
8.29553221689 3.99820747031e-18
8.5084011919 5.14938062548e-18
8.72673252897 6.30708496098e-18
8.95066639602 9.77702940157e-18
9.18034655777 1.43479419249e-17
9.41592046802 1.27914085735e-17
9.65753936436 7.65389904892e-18
9.90535836521 1.0352231871e-17
10.1595365695 1.65019592047e-17
10.4202371586 1.29729973481e-17
10.6876275014 7.44291416018e-18
10.9618792615 9.79881857171e-18
11.2431685075 1.11158914191e-17
11.5316758261 9.0992825037e-18
11.8275864379 9.29401051949e-18
12.1310903163 1.09329198658e-17
12.4423823099 1.26330936166e-17
