#xsec (eV,cm2) for O3 -> O(1D) + O2
1.05160472762 0.0
1.37760219318 0.0
1.45863761631 0.0
1.54980246733 0.0
1.68685982838 0.0
1.7712028198 0.0
1.90744919056 0.0
2.06640328977 0.0
2.25425813429 0.0
2.47968394772 0.0
2.75520438636 0.0
3.09960493466 0.0
3.44400548295 0.0
3.54240563961 0.0
3.60943806073 0.0
3.62526892942 0.0
3.64659404077 0.0
3.6681715203 0.0
3.67905630226 0.0
3.7010208175 0.0
3.72324917076 0.0
3.73446377669 0.0
3.7457461446 0.0
3.75709689049 0.0
3.76279809973 0.0
3.76851663788 0.0
3.77425258406 0.0
3.78000601787 0.0
3.78577701943 0.0
3.7915656693 0.0
3.79737204858 0.0
3.80319623884 0.0
3.80903832216 0.0
3.81489838111 0.0
3.8207764988 0.0
3.82667275883 0.0
3.83258724532 0.0
3.83852004292 0.0
3.84447123678 0.0
3.85044091262 0.0
3.85642915665 0.0
3.86243605565 0.0
3.86846169692 0.0
3.87450616832 0.0
3.88056955825 0.0
3.88665195568 3e-23
3.89275345012 1.28e-22
3.89887413164 4.02e-22
3.9050140909 8.43e-22
3.91117341912 1.58e-21
3.9173522081 2.21e-21
3.9235505502 3.56e-21
3.92976853839 5.83e-21
3.93600626623 7.31e-21
3.94226382786 9.79e-21
3.94854131803 1.3e-20
3.9548388321 1.75e-20
3.96115646601 1.95e-20
3.96749431636 2.49e-20
3.97385248033 2.88e-20
3.98023105574 3.55e-20
3.98663014104 4.35e-20
3.9930498353 5.03e-20
3.99949023826 5.87e-20
4.00595145028 7.1e-20
4.01243357237 8.18e-20
4.0189367062 9.16e-20
4.0254609541 1.06e-19
4.03200641906 1.18e-19
4.03857320476 1.35e-19
4.04516141554 1.53e-19
4.05177115641 1.68e-19
4.0584025331 1.82e-19
4.06505565201 2.01e-19
4.07173062024 2.12e-19
4.0784275456 2.32e-19
4.08514653661 2.52e-19
4.09188770252 2.71e-19
4.09865115326 2.91e-19
4.10543699954 3.13e-19
4.11224535278 3.31e-19
4.11907632512 3.55e-19
4.12593002949 3.85e-19
4.13280657954 4.09e-19
4.13970608969 4.36e-19
4.14662867512 4.67e-19
4.1535744518 4.92e-19
4.16054353645 5.14e-19
4.1675360466 5.75e-19
4.27531715125 1.37e-18
4.42800704951 3.86e-18
4.5920073106 7.88e-18
4.76862297639 1.08e-17
4.95936789545 1.1e-17
5.16600822443 8.14e-18
5.39061727766 4.29e-18
5.63564533574 1.71e-18
5.90400939934 4.29e-19
6.19920986931 3.1e-19
6.35816396852 4e-19
6.52548407296 5.2e-19
6.70184850736 6.8e-19
6.8880109659 7.7e-19
7.08481127921 8.2e-19
7.09900929781 8.4e-19
7.1605080789 8.57e-19
7.25265851923 8.17e-19
7.37562149829 8.14e-19
7.5005564057 8.66e-19
7.6251043903 9.77e-19
7.74901233664 1.2e-18
7.87451237766 1.63e-18
7.99898047653 2.19e-18
8.12212233123 2.93e-18
8.24637162529 3.69e-18
8.37165411116 4.47e-18
8.49497755301 5.23e-18
8.61899182386 5.66e-18
8.74359643062 6.28e-18
8.8655128628 7.17e-18
8.9583957649 7.97e-18
9.02031265087 1.05e-17
9.08309138361 1.35e-17
9.11648510193 1.49e-17
9.1840146212 1.71e-17
9.25255204375 1.75e-17
9.32212010423 1.53e-17
9.39274222623 1.53e-17
9.46444254857 1.56e-17
9.53724595279 9.3e-18
9.61117809195 7.25e-18
9.6862654208 6.32e-18
9.76253522726 5.58e-18
9.84001566557 6.7e-18
9.9187357909 8.18e-18
9.99872559566 1.12e-17
10.0800160477 2.05e-17
10.16263913 2.27e-17
10.2466278832 2.12e-17
10.3320164489 1.49e-17
10.4188401165 9.3e-18
10.5071353717 7.63e-18
10.5969399475 8e-18
10.6882928781 5.58e-18
10.7812345553 7.07e-18
10.8758067883 7.07e-18
10.972052866 1.26e-17
11.0700176238 1.38e-17
11.1697475123 9.67e-18
11.2712906715 8.93e-18
11.3746970079 9.67e-18
11.4800182765 1e-17
11.5873081669 8.18e-18
11.6966223949 8.56e-18
16.720727901 3.6e-17
19.8121120783 3.4e-17
49.8729675729 1.6e-17
101.876908288 4.8e-18
199.652491765 1e-18
504.000802383 1.1e-19
525.356768586 9.5e-20
548.602643302 1.7e-18
984.001566557 3.9e-19
1999.74511913 5.3e-20
5166.00822443 3.5e-21
11271.2906715 4.3e-22
20664.0328977 4.5e-23
