#xsec (eV,cm2) for OCS -> O3
4.76862297639 0.0
4.76898982176 0.0
4.76935672358 0.0
4.76972368186 0.0
4.77009069661 0.0
4.77045776784 0.0
4.77082489558 0.0
4.77119207982 0.0
4.77155932059 0.0
4.7719266179 0.0
4.77229397176 0.0
4.77266138218 0.0
4.77302884918 0.0
4.77339637277 0.0
4.77376395296 0.0
4.77413158977 0.0
4.7744992832 0.0
4.77486703328 0.0
4.77523484002 0.0
4.77560270342 0.0
4.77597062351 0.0
4.77633860029 0.0
4.77670663377 0.0
4.77707472398 0.0
4.77744287092 0.0
4.77781107461 0.0
4.77817933506 0.0
4.77854765229 0.0
4.7789160263 0.0
4.7792844571 0.0
4.77965294473 0.0
4.78002148917 0.0
4.78039009046 0.0
4.7807587486 0.0
4.78112746361 0.0
4.78149623549 0.0
4.78186506426 0.0
4.78223394994 0.0
4.78260289254 0.0
4.78297189207 0.0
4.78334094854 0.0
4.78371006197 0.0
4.78407923237 0.0
4.78444845976 0.0
4.78481774414 0.0
4.78518708553 0.0
4.78555648395 0.0
4.7859259394 0.0
4.78629545191 0.0
4.78666502147 0.0
4.78703464812 0.0
4.78740433185 0.0
4.78777407268 0.0
4.78814387063 0.0
4.78851372571 0.0
4.78888363794 0.0
4.78925360732 0.0
4.78962363386 0.0
4.78999371759 0.0
4.79036385852 0.0
4.79073405665 0.0
4.79110431201 0.0
4.7914746246 0.0
4.79184499444 0.0
4.79221542154 0.0
4.79258590592 0.0
4.79295644759 0.0
4.79332704656 0.0
4.79369770284 0.0
4.79406841645 0.0
4.7944391874 0.0
4.79481001571 0.0
4.79518090138 0.0
4.79555184444 0.0
4.79592284489 0.0
4.79629390275 0.0
4.79666501804 0.0
4.79703619075 0.0
4.79740742092 0.0
4.79777870854 0.0
4.79815005365 0.0
4.79852145624 0.0
4.79889291633 0.0
4.79926443393 0.0
4.79963600907 0.0
4.80000764174 0.0
4.80037933197 0.0
4.80075107977 0.0
4.80112288515 0.0
4.80149474813 0.0
4.80186666871 0.0
4.80223864692 0.0
4.80261068276 0.0
4.80298277625 0.0
4.80335492741 0.0
4.80372713623 0.0
4.80409940275 0.0
4.80447172697 0.0
4.80484410891 0.0
4.80521654857 0.0
4.80558904598 0.0
4.80596160114 0.0
4.80633421407 0.0
4.80670688479 0.0
4.8070796133 0.0
4.80745239962 0.0
4.80782524376 0.0
4.80819814575 0.0
4.80857110558 0.0
4.80894412327 0.0
4.80931719884 0.0
4.80969033231 0.0
4.81006352367 0.0
4.81043677296 0.0
4.81081008017 0.0
4.81118344533 0.0
4.81155686845 0.0
4.81193034954 0.0
4.81230388861 0.0
4.81267748568 0.0
4.81305114077 0.0
4.81342485388 0.0
4.81379862503 0.0
4.81417245423 0.0
4.8145463415 0.0
4.81492028684 0.0
4.81529429028 0.0
4.81566835183 0.0
4.8160424715 0.0
4.8164166493 0.0
4.81679088525 0.0
4.81716517935 0.0
4.81753953164 0.0
4.81791394211 0.0
4.81828841078 0.0
4.81866293767 0.0
4.81903752278 0.0
4.81941216614 0.0
4.81978686776 0.0
4.82016162764 0.0
4.82053644581 0.0
4.82091132227 0.0
4.82128625705 0.0
4.82166125014 0.0
4.82203630158 0.0
4.82241141137 0.0
4.82278657952 0.0
4.82316180605 0.0
4.82353709097 0.0
4.82391243429 0.0
4.82428783604 0.0
4.82466329622 0.0
4.82503881484 0.0
4.82541439193 0.0
4.82579002749 0.0
4.82616572153 0.0
4.82654147408 0.0
4.82691728514 0.0
4.82729315473 0.0
4.82766908287 0.0
4.82804506956 0.0
4.82842111481 0.0
4.82879721866 0.0
4.82917338109 0.0
4.82954960214 0.0
4.82992588182 0.0
4.83030222013 0.0
4.83067861709 0.0
4.83105507272 0.0
4.83143158702 0.0
4.83180816002 0.0
4.83218479173 0.0
4.83256148216 0.0
4.83293823132 0.0
4.83331503923 0.0
4.8336919059 0.0
4.83406883134 0.0
4.83444581557 0.0
4.83482285861 0.0
4.83519996046 0.0
4.83557712115 0.0
4.83595434067 0.0
4.83633161906 0.0
4.83670895632 0.0
4.83708635246 0.0
4.8374638075 0.0
4.83784132145 0.0
4.83821889433 0.0
4.83859652616 0.0
4.83897421693 0.0
4.83935196667 0.0
4.8397297754 0.0
4.84010764312 0.0
4.84048556985 0.0
4.84086355561 0.0
4.8412416004 0.0
4.84161970424 0.0
4.84199786715 0.0
4.84237608913 0.0
4.84275437021 0.0
4.8431327104 0.0
4.8435111097 0.0
4.84388956814 0.0
4.84426808573 0.0
4.84464666248 0.0
4.84502529841 0.0
4.84540399352 0.0
4.84578274784 0.0
4.84616156137 0.0
4.84654043414 0.0
4.84691936615 0.0
4.84729835742 0.0
4.84767740797 0.0
4.8480565178 0.0
4.84843568693 0.0
4.84881491538 0.0
4.84919420315 0.0
4.84957355027 0.0
4.84995295674 0.0
4.85033242259 0.0
4.85071194782 0.0
4.85109153244 0.0
4.85147117648 0.0
4.85185087995 0.0
4.85223064285 0.0
4.85261046521 0.0
4.85299034704 0.0
4.85337028835 0.0
4.85375028916 0.0
4.85413034947 0.0
4.85451046931 0.0
4.85489064869 0.0
4.85527088762 0.0
4.85565118611 0.0
4.85603154419 0.0
4.85641196186 0.0
4.85679243913 0.0
4.85717297603 0.0
4.85755357257 0.0
4.85793422875 0.0
4.8583149446 0.0
4.85869572013 0.0
4.85907655535 0.0
4.85945745027 0.0
4.85983840492 0.0
4.86021941929 0.0
4.86060049342 0.0
4.86098162731 0.0
4.86136282098 0.0
4.86174407443 0.0
4.86212538769 0.0
4.86250676077 0.0
4.86288819369 0.0
4.86326968644 0.0
4.86365123906 0.0
4.86403285156 0.0
4.86441452394 0.0
4.86479625623 0.0
4.86517804843 0.0
4.86555990057 0.0
4.86594181265 0.0
4.86632378469 0.0
4.8667058167 0.0
4.8670879087 0.0
4.8674700607 0.0
4.86785227272 0.0
4.86823454477 0.0
4.86861687686 0.0
4.86899926902 0.0
4.86938172124 0.0
4.86976423355 0.0
4.87014680596 0.0
4.87052943849 0.0
4.87091213115 0.0
4.87129488395 0.0
4.8716776969 0.0
4.87206057003 0.0
4.87244350335 0.0
4.87282649686 0.0
4.87320955059 0.0
4.87359266455 0.0
4.87397583875 0.0
4.87435907321 0.0
4.87474236794 0.0
4.87512572296 0.0
4.87550913827 0.0
4.8758926139 0.0
4.87627614985 0.0
4.87665974615 0.0
4.87704340281 0.0
4.87742711984 0.0
4.87781089725 0.0
4.87819473506 0.0
4.87857863328 0.0
4.87896259193 0.0
4.87934661103 0.0
4.87973069058 0.0
4.8801148306 0.0
4.88049903111 0.0
4.88088329211 0.0
4.88126761363 0.0
4.88165199568 0.0
4.88203643827 0.0
4.88242094141 0.0
4.88280550513 0.0
4.88319012943 0.0
4.88357481433 0.0
4.88395955984 0.0
4.88434436599 0.0
4.88472923277 0.0
4.88511416021 0.0
4.88549914833 0.0
4.88588419712 0.0
4.88626930662 0.0
4.88665447683 0.0
4.88703970777 0.0
4.88742499946 0.0
4.8878103519 0.0
4.88819576511 0.0
4.88858123911 0.0
4.8889667739 0.0
4.88935236952 0.0
4.88973802596 0.0
4.89012374324 0.0
4.89050952139 0.0
4.8908953604 0.0
4.8912812603 0.0
4.89166722111 0.0
4.89205324283 0.0
4.89243932548 0.0
4.89282546907 0.0
4.89321167362 0.0
4.89359793915 0.0
4.89398426566 0.0
4.89437065317 0.0
4.89475710171 0.0
4.89514361127 0.0
4.89553018188 0.0
4.89591681354 0.0
4.89630350629 0.0
4.89669026012 0.0
4.89707707505 0.0
4.89746395111 0.0
4.89785088829 0.0
4.89823788662 0.0
4.89862494612 0.0
4.89901206679 0.0
4.89939924864 0.0
4.89978649171 0.0
4.90017379599 0.0
4.90056116151 0.0
4.90094858828 0.0
4.9013360763 0.0
4.90172362561 0.0
4.90211123621 0.0
4.90249890811 0.0
4.90288664134 0.0
4.9032744359 0.0
4.90366229181 0.0
4.90405020909 0.0
4.90443818775 0.0
4.9048262278 0.0
4.90521432925 0.0
4.90560249213 0.0
4.90599071645 0.0
4.90637900222 0.0
4.90676734946 0.0
4.90715575818 0.0
4.9075442284 0.0
4.90793276012 0.0
4.90832135337 0.0
4.90871000816 0.0
4.90909872451 0.0
4.90948750242 0.0
4.90987634192 0.0
4.91026524302 0.0
4.91065420573 0.0
4.91104323006 0.0
4.91143231604 0.0
4.91182146368 0.0
4.91221067299 0.0
4.91259994398 0.0
4.91298927668 0.0
4.91337867109 0.0
4.91376812723 0.0
4.91415764511 0.0
4.91454722476 0.0
4.91493686618 0.0
4.91532656939 0.0
4.9157163344 0.0
4.91610616123 0.0
4.91649604989 0.0
4.9168860004 0.0
4.91727601278 0.0
4.91766608703 0.0
4.91805622317 0.0
4.91844642122 0.0
4.9188366812 0.0
4.9192270031 0.0
4.91961738696 0.0
4.92000783279 0.0
4.92039834059 0.0
4.92078891039 0.0
4.9211795422 0.0
4.92157023604 0.0
4.92196099191 0.0
4.92235180984 0.0
4.92274268984 0.0
4.92313363192 0.0
4.9235246361 0.0
4.92391570239 0.0
4.92430683081 0.0
4.92469802138 0.0
4.9250892741 0.0
4.925480589 0.0
4.92587196608 0.0
4.92626340536 0.0
4.92665490687 0.0
4.9270464706 0.0
4.92743809658 0.0
4.92782978483 0.0
4.92822153534 0.0
4.92861334816 0.0
4.92900522327 0.0
4.92939716071 0.0
4.92978916049 0.0
4.93018122261 0.0
4.9305733471 0.0
4.93096553397 0.0
4.93135778324 0.0
4.93175009492 0.0
4.93214246902 0.0
4.93253490556 0.0
4.93292740456 0.0
4.93331996603 0.0
4.93371258998 0.0
4.93410527643 0.0
4.9344980254 0.0
4.9348908369 0.0
4.93528371094 0.0
4.93567664754 0.0
4.93606964672 0.0
4.93646270848 0.0
4.93685583285 0.0
4.93724901984 0.0
4.93764226946 0.0
4.93803558174 0.0
4.93842895667 0.0
4.93882239429 0.0
4.9392158946 0.0
4.93960945762 0.0
4.94000308336 0.0
4.94039677184 0.0
4.94079052308 0.0
4.94118433709 0.0
4.94157821388 0.0
4.94197215347 0.0
4.94236615587 0.0
4.94276022111 0.0
4.94315434918 0.0
4.94354854012 0.0
4.94394279393 0.0
4.94433711063 0.0
4.94473149024 0.0
4.94512593276 0.0
4.94552043822 0.0
4.94591500663 0.0
4.946309638 0.0
4.94670433236 0.0
4.94709908971 0.0
4.94749391006 0.0
4.94788879345 0.0
4.94828373987 0.0
4.94867874935 0.0
4.9490738219 0.0
4.94946895753 0.0
4.94986415627 0.0
4.95025941812 0.0
4.9506547431 0.0
4.95105013123 0.0
4.95144558252 0.0
4.95184109698 0.0
4.95223667464 0.0
4.9526323155 0.0
4.95302801958 0.0
4.9534237869 0.0
4.95381961748 0.0
4.95421551132 0.0
4.95461146844 0.0
4.95500748886 0.0
4.95540357259 0.0
4.95579971965 0.0
4.95619593005 0.0
4.95659220381 0.0
4.95698854095 0.0
4.95738494147 0.0
4.9577814054 0.0
4.95817793274 0.0
4.95857452352 0.0
4.95897117775 0.0
4.95936789545 0.0
4.95976467662 0.0
4.96016152129 0.0
4.96055842947 0.0
4.96095540118 0.0
4.96135243642 0.0
4.96174953523 0.0
4.9621466976 0.0
4.96254392356 0.0
4.96294121312 0.0
4.9633385663 0.0
4.96373598311 0.0
4.96413346357 0.0
4.9645310077 0.0
4.9649286155 0.0
4.96532628699 0.0
4.9657240222 0.0
4.96612182113 0.0
4.96651968379 0.0
4.96691761022 0.0
4.96731560041 0.0
4.96771365439 0.0
4.96811177217 0.0
4.96850995376 0.0
4.96890819919 0.0
4.96930650847 0.0
4.9697048816 0.0
4.97010331862 0.0
4.97050181952 0.0
4.97090038434 0.0
4.97129901308 0.0
4.97169770576 0.0
4.97209646239 0.0
4.972495283 0.0
4.97289416758 0.0
4.97329311617 0.0
4.97369212878 0.0
4.97409120542 0.0
4.9744903461 0.0
4.97488955085 0.0
4.97528881967 0.0
4.97568815259 0.0
4.97608754962 0.0
4.97648701077 0.0
4.97688653606 0.0
4.9772861255 0.0
4.97768577912 0.0
4.97808549692 0.0
4.97848527892 0.0
4.97888512514 0.0
4.97928503559 0.0
4.97968501029 0.0
4.98008504925 0.0
4.98048515249 0.0
4.98088532003 0.0
4.98128555188 0.0
4.98168584805 0.0
4.98208620856 0.0
4.98248663343 0.0
4.98288712267 0.0
4.98328767629 0.0
4.98368829432 0.0
4.98408897677 0.0
4.98448972366 0.0
4.98489053499 0.0
4.98529141078 0.0
4.98569235106 0.0
4.98609335584 0.0
4.98649442512 0.0
4.98689555893 0.0
4.98729675729 0.0
4.9876980202 0.0
4.98809934769 0.0
4.98850073977 0.0
4.98890219645 0.0
4.98930371775 0.0
4.98970530369 0.0
4.99010695429 0.0
4.99050866955 0.0
4.99091044949 0.0
4.99131229413 0.0
4.99171420349 0.0
4.99211617757 0.0
4.99251821641 0.0
4.99292032 0.0
4.99332248837 0.0
4.99372472153 0.0
4.9941270195 0.0
4.9945293823 0.0
4.99493180994 0.0
4.99533430243 0.0
4.99573685979 0.0
4.99613948204 0.0
4.99654216919 0.0
4.99694492126 0.0
4.99734773826 0.0
4.99775062021 0.0
4.99815356713 0.0
4.99855657903 0.0
4.99895965592 0.0
4.99936279783 0.0
4.99976600477 0.0
5.00016927675 0.0
5.00057261379 0.0
5.0009760159 0.0
5.00137948311 0.0
5.00178301542 0.0
5.00218661285 0.0
5.00259027543 0.0
5.00299400316 0.0
5.00339779605 0.0
5.00380165414 0.0
5.00420557742 0.0
5.00460956592 0.0
5.00501361966 0.0
5.00541773864 0.0
5.00582192289 0.0
5.00622617242 0.0
5.00663048725 0.0
5.00703486739 0.0
5.00743931285 0.0
5.00784382366 0.0
5.00824839983 0.0
5.00865304138 0.0
5.00905774831 0.0
5.00946252065 0.0
5.00986735842 0.0
5.01027226163 0.0
5.01067723029 0.0
5.01108226442 0.0
5.01148736403 0.0
5.01189252915 0.0
5.01229775979 0.0
5.01270305596 0.0
5.01310841769 0.0
5.01351384497 0.0
5.01391933784 0.0
5.01432489631 0.0
5.01473052039 0.0
5.0151362101 0.0
5.01554196546 0.0
5.01594778648 0.0
5.01635367318 0.0
5.01675962556 0.0
5.01716564366 0.0
5.01757172749 0.0
5.01797787705 0.0
5.01838409237 0.0
5.01879037347 0.0
5.01919672036 0.0
5.01960313304 0.0
5.02000961156 0.0
5.0204161559 0.0
5.02082276611 0.0
5.02122944218 0.0
5.02163618413 0.0
5.02204299199 0.0
5.02244986576 0.0
5.02285680547 0.0
5.02326381113 0.0
5.02367088275 0.0
5.02407802035 0.0
5.02448522395 0.0
5.02489249356 0.0
5.02529982921 0.0
5.0257072309 0.0
5.02611469865 0.0
5.02652223247 0.0
5.0269298324 0.0
5.02733749843 0.0
5.02774523058 0.0
5.02815302888 0.0
5.02856089334 0.0
5.02896882397 0.0
5.02937682079 0.0
5.02978488382 0.0
5.03019301307 0.0
5.03060120856 0.0
5.03100947031 0.0
5.03141779832 0.0
5.03182619262 0.0
5.03223465323 0.0
5.03264318015 0.0
5.03305177341 0.0
5.03346043302 0.0
5.033869159 0.0
5.03427795136 0.0
5.03468681013 0.0
5.03509573531 0.0
5.03550472692 0.0
5.03591378498 0.0
5.03632290951 0.0
5.03673210051 0.0
5.03714135802 0.0
5.03755068203 0.0
5.03796007258 0.0
5.03836952967 0.0
5.03877905333 0.0
5.03918864356 0.0
5.03959830039 0.0
5.04000802383 0.0
5.0404178139 0.0
5.04082767061 0.0
5.04123759397 0.0
5.04164758402 0.0
5.04205764076 0.0
5.0424677642 0.0
5.04287795437 0.0
5.04328821128 0.0
5.04369853495 0.0
5.0441089254 0.0
5.04451938263 0.0
5.04492990667 0.0
5.04534049753 0.0
5.04575115523 0.0
5.04616187978 0.0
5.04657267121 0.0
5.04698352952 0.0
5.04739445474 0.0
5.04780544688 0.0
5.04821650595 0.0
5.04862763198 0.0
5.04903882498 0.0
5.04945008496 0.0
5.04986141195 0.0
5.05027280596 0.0
5.050684267 0.0
5.05109579509 0.0
5.05150739025 0.0
5.05191905249 0.0
5.05233078183 0.0
5.0527425783 0.0
5.05315444189 0.0
5.05356637263 0.0
5.05397837054 0.0
5.05439043564 0.0
5.05480256793 0.0
5.05521476744 0.0
5.05562703418 0.0
5.05603936817 0.0
5.05645176942 0.0
5.05686423796 0.0
5.05727677379 0.0
5.05768937694 0.0
5.05810204741 0.0
5.05851478524 0.0
5.05892759043 0.0
5.059340463 0.0
5.05975340296 0.0
5.06016641034 0.0
5.06057948515 0.0
5.06099262741 0.0
5.06140583712 0.0
5.06181911432 0.0
5.06223245902 0.0
5.06264587122 0.0
5.06305935096 0.0
5.06347289824 0.0
5.06388651308 0.0
5.0643001955 0.0
5.06471394552 0.0
5.06512776314 0.0
5.0655416484 0.0
5.0659556013 0.0
5.06636962186 0.0
5.0667837101 0.0
5.06719786604 0.0
5.06761208968 0.0
5.06802638106 0.0
5.06844074018 0.0
5.06885516706 0.0
5.06926966171 0.0
5.06968422417 0.0
5.07009885443 0.0
5.07051355252 0.0
5.07092831845 0.0
5.07134315225 0.0
5.07175805392 0.0
5.07217302349 0.0
5.07258806097 0.0
5.07300316638 0.0
5.07341833973 0.0
5.07383358104 0.0
5.07424889033 0.0
5.07466426761 0.0
5.0750797129 0.0
5.07549522622 0.0
5.07591080759 0.0
5.07632645702 0.0
5.07674217452 0.0
5.07715796012 0.0
5.07757381383 0.0
5.07798973567 0.0
5.07840572566 0.0
5.0788217838 0.0
5.07923791013 0.0
5.07965410465 0.0
5.08007036738 0.0
5.08048669834 0.0
5.08090309754 0.0
5.08131956501 0.0
5.08173610075 0.0
5.0821527048 0.0
5.08256937715 0.0
5.08298611783 0.0
5.08340292686 0.0
5.08381980426 0.0
5.08423675003 0.0
5.0846537642 0.0
5.08507084678 0.0
5.08548799779 0.0
5.08590521725 0.0
5.08632250518 0.0
5.08673986158 0.0
5.08715728648 0.0
5.0875747799 0.0
5.08799234185 0.0
5.08840997235 0.0
5.08882767141 0.0
5.08924543905 0.0
5.0896632753 0.0
5.09008118015 0.0
5.09049915365 0.0
5.09091719579 0.0
5.0913353066 0.0
5.09175348609 0.0
5.09217173428 0.0
5.09259005119 0.0
5.09300843683 0.0
5.09342689123 0.0
5.09384541439 0.0
5.09426400634 0.0
5.09468266709 0.0
5.09510139666 0.0
5.09552019506 0.0
5.09593906232 0.0
5.09635799845 0.0
5.09677700346 0.0
5.09719607738 0.0
5.09761522022 0.0
5.098034432 0.0
5.09845371273 0.0
5.09887306244 0.0
5.09929248113 0.0
5.09971196883 0.0
5.10013152555 0.0
5.10055115132 0.0
5.10097084614 0.0
5.10139061003 0.0
5.10181044302 0.0
5.10223034511 0.0
5.10265031633 0.0
5.10307035669 0.0
5.10349046621 0.0
5.10391064491 0.0
5.1043308928 0.0
5.10475120991 0.0
5.10517159624 0.0
5.10559205181 0.0
5.10601257665 0.0
5.10643317077 0.0
5.10685383418 0.0
5.10727456691 0.0
5.10769536896 0.0
5.10811624037 0.0
5.10853718114 0.0
5.10895819129 0.0
5.10937927084 0.0
5.10980041981 0.0
5.11022163821 0.0
5.11064292606 0.0
5.11106428338 0.0
5.11148571018 0.0
5.11190720649 0.0
5.11232877232 0.0
5.11275040768 0.0
5.1131721126 0.0
5.11359388708 0.0
5.11401573116 0.0
5.11443764484 0.0
5.11485962814 0.0
5.11528168109 0.0
5.11570380369 0.0
5.11612599596 0.0
5.11654825793 0.0
5.11697058961 0.0
5.11739299101 0.0
5.11781546216 0.0
5.11823800306 0.0
5.11866061375 0.0
5.11908329423 0.0
5.11950604452 0.0
5.11992886464 0.0
5.12035175461 0.0
5.12077471445 0.0
5.12119774416 0.0
5.12162084378 0.0
5.12204401331 0.0
5.12246725278 0.0
5.12289056219 0.0
5.12331394158 0.0
5.12373739095 4.3e-24
5.12416091032 4.3e-24
5.12458449972 4.3e-24
5.12500815915 4.29e-24
5.12543188864 4.29e-24
5.1258556882 4.3e-24
5.12627955785 4.31e-24
5.12670349761 4.32e-24
5.12712750749 4.33e-24
5.12755158752 4.34e-24
5.1279757377 4.35e-24
5.12839995807 4.36e-24
5.12882424862 4.37e-24
5.12924860939 4.37e-24
5.12967304039 4.38e-24
5.13009754163 4.38e-24
5.13052211314 4.39e-24
5.13094675493 4.39e-24
5.13137146702 4.4e-24
5.13179624943 4.4e-24
5.13222110217 4.41e-24
5.13264602526 4.41e-24
5.13307101872 4.42e-24
5.13349608257 4.43e-24
5.13392121682 4.43e-24
5.13434642149 4.44e-24
5.1347716966 4.44e-24
5.13519704217 4.45e-24
5.13562245821 4.45e-24
5.13604794475 4.46e-24
5.13647350179 4.46e-24
5.13689912936 4.46e-24
5.13732482747 4.46e-24
5.13775059615 4.47e-24
5.1381764354 4.47e-24
5.13860234525 4.47e-24
5.13902832572 4.47e-24
5.13945437681 4.48e-24
5.13988049856 4.49e-24
5.14030669097 4.5e-24
5.14073295407 4.51e-24
5.14115928787 4.51e-24
5.14158569239 4.52e-24
5.14201216764 4.53e-24
5.14243871365 4.53e-24
5.14286533044 4.54e-24
5.14329201801 4.54e-24
5.14371877639 4.55e-24
5.1441456056 4.55e-24
5.14457250565 4.56e-24
5.14499947656 4.57e-24
5.14542651835 4.57e-24
5.14585363104 4.58e-24
5.14628081464 4.59e-24
5.14670806917 4.59e-24
5.14713539465 4.6e-24
5.14756279109 4.6e-24
5.14799025852 4.61e-24
5.14841779695 4.62e-24
5.1488454064 4.62e-24
5.14927308689 4.63e-24
5.14970083844 4.63e-24
5.15012866105 4.64e-24
5.15055655476 4.64e-24
5.15098451958 4.64e-24
5.15141255552 4.65e-24
5.1518406626 4.65e-24
5.15226884085 4.65e-24
5.15269709028 4.66e-24
5.1531254109 4.67e-24
5.15355380274 4.68e-24
5.15398226581 4.69e-24
5.15441080013 4.7e-24
5.15483940571 4.71e-24
5.15526808259 4.72e-24
5.15569683076 4.72e-24
5.15612565026 4.72e-24
5.1565545411 4.72e-24
5.15698350329 4.73e-24
5.15741253686 4.73e-24
5.15784164183 4.73e-24
5.1582708182 4.74e-24
5.158700066 4.74e-24
5.15912938525 4.75e-24
5.15955877596 4.76e-24
5.15998823815 4.77e-24
5.16041777184 4.78e-24
5.16084737705 4.79e-24
5.16127705379 4.8e-24
5.16170680209 4.8e-24
5.16213662196 4.81e-24
5.16256651342 4.82e-24
5.16299647648 4.82e-24
5.16342651117 4.83e-24
5.1638566175 4.83e-24
5.16428679549 4.84e-24
5.16471704516 4.85e-24
5.16514736653 4.85e-24
5.16557775961 4.86e-24
5.16600822443 4.87e-24
5.16643876099 4.87e-24
5.16686936932 4.87e-24
5.16730004944 4.88e-24
5.16773080136 4.88e-24
5.1681616251 4.89e-24
5.16859252069 4.89e-24
5.16902348813 4.89e-24
5.16945452744 4.9e-24
5.16988563865 4.9e-24
5.17031682178 4.91e-24
5.17074807683 4.91e-24
5.17117940383 4.92e-24
5.1716108028 4.92e-24
5.17204227374 4.93e-24
5.1724738167 4.94e-24
5.17290543167 4.95e-24
5.17333711868 4.96e-24
5.17376887774 4.97e-24
5.17420070888 4.97e-24
5.17463261211 4.98e-24
5.17506458745 4.98e-24
5.17549663492 4.99e-24
5.17592875454 4.99e-24
5.17636094632 4.99e-24
5.17679321028 4.99e-24
5.17722554644 4.99e-24
5.17765795482 5e-24
5.17809043544 5.01e-24
5.17852298831 5.02e-24
5.17895561346 5.02e-24
5.1793883109 5.03e-24
5.17982108064 5.04e-24
5.18025392271 5.05e-24
5.18068683713 5.05e-24
5.18111982391 5.05e-24
5.18155288307 5.05e-24
5.18198601464 5.05e-24
5.18241921862 5.05e-24
5.18285249503 5.05e-24
5.18328584391 5.06e-24
5.18371926525 5.06e-24
5.18415275908 5.07e-24
5.18458632542 5.08e-24
5.18501996429 5.09e-24
5.18545367571 5.09e-24
5.18588745969 5.1e-24
5.18632131625 5.11e-24
5.18675524541 5.12e-24
5.18718924718 5.13e-24
5.1876233216 5.14e-24
5.18805746867 5.15e-24
5.18849168841 5.15e-24
5.18892598084 5.16e-24
5.18936034598 5.16e-24
5.18979478385 5.17e-24
5.19022929447 5.17e-24
5.19066387785 5.18e-24
5.19109853401 5.18e-24
5.19153326297 5.19e-24
5.19196806475 5.19e-24
5.19240293937 5.2e-24
5.19283788684 5.2e-24
5.19327290719 5.21e-24
5.19370800043 5.21e-24
5.19414316658 5.21e-24
5.19457840566 5.22e-24
5.19501371768 5.23e-24
5.19544910267 5.24e-24
5.19588456065 5.25e-24
5.19632009163 5.26e-24
5.19675569562 5.27e-24
5.19719137266 5.28e-24
5.19762712276 5.28e-24
5.19806294593 5.29e-24
5.19849884219 5.29e-24
5.19893481157 5.29e-24
5.19937085407 5.3e-24
5.19980696973 5.3e-24
5.20024315855 5.31e-24
5.20067942056 5.32e-24
5.20111575578 5.33e-24
5.20155216421 5.34e-24
5.20198864589 5.35e-24
5.20242520083 5.36e-24
5.20286182905 5.37e-24
5.20329853056 5.37e-24
5.20373530539 5.38e-24
5.20417215355 5.39e-24
5.20460907507 5.39e-24
5.20504606995 5.4e-24
5.20548313822 5.4e-24
5.2059202799 5.41e-24
5.20635749501 5.41e-24
5.20679478356 5.41e-24
5.20723214558 5.42e-24
5.20766958107 5.42e-24
5.20810709007 5.42e-24
5.20854467258 5.43e-24
5.20898232864 5.44e-24
5.20942005824 5.45e-24
5.20985786143 5.46e-24
5.2102957382 5.47e-24
5.21073368859 5.48e-24
5.2111717126 5.49e-24
5.21160981027 5.49e-24
5.2120479816 5.5e-24
5.21248622661 5.5e-24
5.21292454533 5.51e-24
5.21336293778 5.51e-24
5.21380140396 5.51e-24
5.21423994391 5.52e-24
5.21467855763 5.52e-24
5.21511724515 5.53e-24
5.21555600649 5.53e-24
5.21599484166 5.54e-24
5.21643375068 5.55e-24
5.21687273358 5.55e-24
5.21731179036 5.56e-24
5.21775092106 5.56e-24
5.21819012568 5.57e-24
5.21862940425 5.57e-24
5.21906875679 5.58e-24
5.2195081833 5.58e-24
5.21994768382 5.59e-24
5.22038725837 5.61e-24
5.22082690695 5.62e-24
5.22126662959 5.63e-24
5.22170642631 5.64e-24
5.22214629712 5.65e-24
5.22258624205 5.66e-24
5.22302626111 5.67e-24
5.22346635432 5.68e-24
5.22390652171 5.69e-24
5.22434676328 5.69e-24
5.22478707906 5.7e-24
5.22522746907 5.71e-24
5.22566793333 5.72e-24
5.22610847185 5.72e-24
5.22654908466 5.73e-24
5.22698977176 5.74e-24
5.22743053319 5.74e-24
5.22787136896 5.75e-24
5.22831227908 5.75e-24
5.22875326359 5.76e-24
5.22919432249 5.76e-24
5.2296354558 5.77e-24
5.23007666355 5.77e-24
5.23051794576 5.78e-24
5.23095930243 5.79e-24
5.2314007336 5.79e-24
5.23184223927 5.79e-24
5.23228381947 5.8e-24
5.23272547422 5.8e-24
5.23316720354 5.81e-24
5.23360900744 5.81e-24
5.23405088594 5.82e-24
5.23449283907 5.82e-24
5.23493486684 5.83e-24
5.23537696927 5.84e-24
5.23581914638 5.84e-24
5.23626139818 5.85e-24
5.23670372471 5.85e-24
5.23714612597 5.86e-24
5.23758860199 5.87e-24
5.23803115278 5.87e-24
5.23847377836 5.88e-24
5.23891647875 5.88e-24
5.23935925398 5.89e-24
5.23980210406 5.89e-24
5.240245029 5.9e-24
5.24068802884 5.91e-24
5.24113110358 5.91e-24
5.24157425324 5.92e-24
5.24201747785 5.93e-24
5.24246077743 5.93e-24
5.24290415199 5.94e-24
5.24334760155 5.95e-24
5.24379112613 5.96e-24
5.24423472575 5.96e-24
5.24467840043 5.97e-24
5.24512215019 5.98e-24
5.24556597505 5.99e-24
5.24600987502 6e-24
5.24645385013 6e-24
5.24689790039 6.01e-24
5.24734202583 6.02e-24
5.24778622645 6.03e-24
5.24823050229 6.04e-24
5.24867485337 6.04e-24
5.24911927969 6.05e-24
5.24956378128 6.05e-24
5.25000835816 6.06e-24
5.25045301034 6.06e-24
5.25089773785 6.06e-24
5.25134254071 6.06e-24
5.25178741893 6.06e-24
5.25223237254 6.06e-24
5.25267740155 6.06e-24
5.25312250598 6.06e-24
5.25356768586 6.05e-24
5.25401294119 6.05e-24
5.254458272 6.06e-24
5.25490367832 6.06e-24
5.25534916015 6.07e-24
5.25579471752 6.07e-24
5.25624035044 6.08e-24
5.25668605894 6.08e-24
5.25713184304 6.09e-24
5.25757770275 6.1e-24
5.25802363809 6.11e-24
5.25846964909 6.11e-24
5.25891573576 6.12e-24
5.25936189812 6.13e-24
5.25980813619 6.14e-24
5.26025444999 6.14e-24
5.26070083954 6.14e-24
5.26114730485 6.14e-24
5.26159384596 6.14e-24
5.26204046287 6.14e-24
5.26248715561 6.15e-24
5.2629339242 6.15e-24
5.26338076865 6.16e-24
5.26382768898 6.16e-24
5.26427468522 6.17e-24
5.26472175738 6.17e-24
5.26516890548 6.18e-24
5.26561612954 6.18e-24
5.26606342959 6.19e-24
5.26651080563 6.19e-24
5.2669582577 6.2e-24
5.2674057858 6.2e-24
5.26785338996 6.21e-24
5.26830107021 6.21e-24
5.26874882654 6.22e-24
5.269196659 6.23e-24
5.26964456759 6.25e-24
5.27009255233 6.26e-24
5.27054061325 6.27e-24
5.27098875037 6.28e-24
5.2714369637 6.29e-24
5.27188525326 6.3e-24
5.27233361908 6.3e-24
5.27278206116 6.3e-24
5.27323057954 6.3e-24
5.27367917423 6.3e-24
5.27412784525 6.31e-24
5.27457659262 6.31e-24
5.27502541636 6.32e-24
5.27547431649 6.32e-24
5.27592329303 6.33e-24
5.276372346 6.34e-24
5.27682147541 6.34e-24
5.27727068129 6.35e-24
5.27771996366 6.35e-24
5.27816932253 6.36e-24
5.27861875793 6.37e-24
5.27906826987 6.37e-24
5.27951785838 6.38e-24
5.27996752347 6.38e-24
5.28041726517 6.39e-24
5.28086708349 6.4e-24
5.28131697845 6.42e-24
5.28176695008 6.43e-24
5.28221699839 6.44e-24
5.2826671234 6.45e-24
5.28311732513 6.46e-24
5.28356760361 6.47e-24
5.28401795884 6.47e-24
5.28446839085 6.47e-24
5.28491889967 6.47e-24
5.2853694853 6.47e-24
5.28582014777 6.47e-24
5.28627088711 6.47e-24
5.28672170332 6.47e-24
5.28717259643 6.47e-24
5.28762356645 6.47e-24
5.28807461342 6.47e-24
5.28852573734 6.47e-24
5.28897693824 6.47e-24
5.28942821614 6.48e-24
5.28987957105 6.49e-24
5.290331003 6.49e-24
5.290782512 6.5e-24
5.29123409808 6.51e-24
5.29168576126 6.52e-24
5.29213750155 6.53e-24
5.29258931897 6.53e-24
5.29304121355 6.54e-24
5.2934931853 6.55e-24
5.29394523425 6.56e-24
5.29439736042 6.56e-24
5.29484956381 6.57e-24
5.29530184446 6.4e-24
5.29575420238 6.41e-24
5.2962066376 6.41e-24
5.29665915013 6.42e-24
5.29711173999 6.42e-24
5.2975644072 6.42e-24
5.29801715179 6.43e-24
5.29846997377 6.43e-24
5.29892287316 6.44e-24
5.29937584998 6.44e-24
5.29982890426 6.44e-24
5.300282036 6.45e-24
5.30073524524 6.45e-24
5.30118853199 6.46e-24
5.30164189627 6.46e-24
5.3020953381 6.46e-24
5.30254885751 6.47e-24
5.3030024545 6.47e-24
5.3034561291 6.48e-24
5.30390988134 6.48e-24
5.30436371123 6.48e-24
5.30481761878 6.49e-24
5.30527160403 6.49e-24
5.30572566699 6.5e-24
5.30617980768 6.5e-24
5.30663402612 6.5e-24
5.30708832233 6.51e-24
5.30754269633 6.51e-24
5.30799714814 6.52e-24
5.30845167778 6.52e-24
5.30890628527 6.52e-24
5.30936097063 6.53e-24
5.30981573388 6.53e-24
5.31027057505 6.54e-24
5.31072549414 6.54e-24
5.31118049118 6.55e-24
5.3116355662 6.55e-24
5.3120907192 6.55e-24
5.31254595022 6.56e-24
5.31300125927 6.56e-24
5.31345664636 6.57e-24
5.31391211153 6.57e-24
5.31436765479 6.57e-24
5.31482327616 6.58e-24
5.31527897566 6.58e-24
5.31573475331 6.59e-24
5.31619060913 6.59e-24
5.31664654315 6.59e-24
5.31710255537 6.6e-24
5.31755864583 6.6e-24
5.31801481454 6.61e-24
5.31847106152 6.61e-24
5.3189273868 6.61e-24
5.31938379038 6.62e-24
5.3198402723 6.62e-24
5.32029683257 6.63e-24
5.32075347121 6.63e-24
5.32121018825 6.63e-24
5.3216669837 6.64e-24
5.32212385758 6.64e-24
5.32258080992 6.65e-24
5.32303784073 6.65e-24
5.32349495003 6.65e-24
5.32395213785 6.66e-24
5.3244094042 6.66e-24
5.32486674911 6.67e-24
5.32532417259 6.67e-24
5.32578167467 6.67e-24
5.32623925536 6.68e-24
5.32669691469 6.68e-24
5.32715465267 6.69e-24
5.32761246933 6.69e-24
5.32807036468 6.69e-24
5.32852833876 6.7e-24
5.32898639157 6.7e-24
5.32944452313 6.71e-24
5.32990273348 6.71e-24
5.33036102262 6.71e-24
5.33081939058 6.72e-24
5.33127783738 6.72e-24
5.33173636304 6.73e-24
5.33219496758 6.73e-24
5.33265365102 6.73e-24
5.33311241338 6.74e-24
5.33357125468 6.74e-24
5.33403017494 6.75e-24
5.33448917418 6.75e-24
5.33494825242 6.76e-24
5.33540740968 6.76e-24
5.33586664599 6.76e-24
5.33632596136 6.77e-24
5.33678535581 6.77e-24
5.33724482937 6.78e-24
5.33770438205 6.78e-24
5.33816401387 6.78e-24
5.33862372486 6.79e-24
5.33908351504 6.79e-24
5.33954338442 6.8e-24
5.34000333303 6.8e-24
5.34046336088 6.8e-24
5.340923468 6.81e-24
5.34138365441 6.81e-24
5.34184392013 6.82e-24
5.34230426518 6.82e-24
5.34276468957 6.82e-24
5.34322519334 6.83e-24
5.34368577649 6.83e-24
5.34414643906 6.84e-24
5.34460718106 6.84e-24
5.34506800251 6.84e-24
5.34552890343 6.85e-24
5.34598988385 6.85e-24
5.34645094378 6.86e-24
5.34691208324 6.86e-24
5.34737330226 6.86e-24
5.34783460085 6.87e-24
5.34829597904 6.87e-24
5.34875743685 6.88e-24
5.34921897429 6.88e-24
5.3496805914 6.88e-24
5.35014228818 6.89e-24
5.35060406466 6.89e-24
5.35106592085 6.9e-24
5.35152785679 6.9e-24
5.35198987249 6.9e-24
5.35245196798 6.91e-24
5.35291414326 6.91e-24
5.35337639837 6.92e-24
5.35383873332 6.92e-24
5.35430114813 6.92e-24
5.35476364284 6.93e-24
5.35522621744 6.93e-24
5.35568887197 6.94e-24
5.35615160645 6.94e-24
5.3566144209 6.95e-24
5.35707731534 6.95e-24
5.35754028979 6.95e-24
5.35800334426 6.96e-24
5.35846647879 6.96e-24
5.35892969339 6.97e-24
5.35939298808 6.97e-24
5.35985636288 6.97e-24
5.36031981782 6.98e-24
5.36078335291 6.98e-24
5.36124696818 6.99e-24
5.36171066365 6.99e-24
5.36217443933 6.99e-24
5.36263829525 7e-24
5.36310223143 7e-24
5.36356624789 7.01e-24
5.36403034465 7.01e-24
5.36449452173 7.01e-24
5.36495877915 7.02e-24
5.36542311694 7.02e-24
5.36588753511 7.03e-24
5.36635203368 7.03e-24
5.36681661268 7.03e-24
5.36728127213 7.04e-24
5.36774601204 7.04e-24
5.36821083245 7.05e-24
5.36867573336 7.05e-24
5.3691407148 7.05e-24
5.3696057768 7.06e-24
5.37007091936 7.06e-24
5.37053614252 7.07e-24
5.37100144629 7.07e-24
5.3714668307 7.07e-24
5.37193229576 7.08e-24
5.3723978415 7.08e-24
5.37286346794 7.09e-24
5.3733291751 7.09e-24
5.37379496299 7.09e-24
5.37426083165 7.1e-24
5.37472678109 7.1e-24
5.37519281133 7.11e-24
5.3756589224 7.11e-24
5.37612511431 7.11e-24
5.37659138709 7.12e-24
5.37705774075 7.12e-24
5.37752417532 7.13e-24
5.37799069082 7.13e-24
5.37845728727 7.13e-24
5.37892396469 7.14e-24
5.37939072311 7.14e-24
5.37985756254 7.15e-24
5.380324483 7.15e-24
5.38079148452 7.16e-24
5.38125856711 7.16e-24
5.3817257308 7.16e-24
5.38219297561 7.17e-24
5.38266030156 7.17e-24
5.38312770868 7.18e-24
5.38359519697 7.18e-24
5.38406276647 7.18e-24
5.38453041719 7.19e-24
5.38499814916 7.19e-24
5.38546596239 7.2e-24
5.38593385692 7.2e-24
5.38640183275 7.2e-24
5.38686988991 7.21e-24
5.38733802843 7.21e-24
5.38780624831 7.22e-24
5.3882745496 7.22e-24
5.38874293229 7.22e-24
5.38921139643 7.23e-24
5.38967994202 7.23e-24
5.39014856909 7.24e-24
5.39061727766 7.24e-24
5.39108606775 7.25e-24
5.39155493939 7.25e-24
5.39202389259 7.26e-24
5.39249292738 7.26e-24
5.39296204377 7.27e-24
5.39343124179 7.28e-24
5.39390052146 7.28e-24
5.3943698828 7.29e-24
5.39483932583 7.29e-24
5.39530885057 7.3e-24
5.39577845705 7.3e-24
5.39624814529 7.31e-24
5.3967179153 7.32e-24
5.39718776712 7.32e-24
5.39765770075 7.33e-24
5.39812771622 7.33e-24
5.39859781356 7.34e-24
5.39906799278 7.35e-24
5.39953825391 7.35e-24
5.40000859696 7.36e-24
5.40047902196 7.36e-24
5.40094952893 7.37e-24
5.4014201179 7.38e-24
5.40189078887 7.38e-24
5.40236154188 7.39e-24
5.40283237695 7.39e-24
5.40330329409 7.4e-24
5.40377429333 7.4e-24
5.40424537469 7.41e-24
5.4047165382 7.42e-24
5.40518778386 7.42e-24
5.40565911171 7.43e-24
5.40613052177 7.43e-24
5.40660201405 7.44e-24
5.40707358858 7.45e-24
5.40754524539 7.45e-24
5.40801698448 7.46e-24
5.40848880589 7.46e-24
5.40896070963 7.47e-24
5.40943269573 7.48e-24
5.40990476421 7.48e-24
5.41037691509 7.49e-24
5.41084914839 7.49e-24
5.41132146413 7.5e-24
5.41179386234 7.5e-24
5.41226634303 7.51e-24
5.41273890623 7.52e-24
5.41321155197 7.52e-24
5.41368428025 7.53e-24
5.4141570911 7.53e-24
5.41462998455 7.54e-24
5.41510296061 7.55e-24
5.41557601932 7.55e-24
5.41604916068 7.56e-24
5.41652238472 7.56e-24
5.41699569146 7.57e-24
5.41746908093 7.58e-24
5.41794255315 7.58e-24
5.41841610813 7.59e-24
5.4188897459 7.59e-24
5.41936346648 7.6e-24
5.4198372699 7.6e-24
5.42031115617 7.61e-24
5.42078512532 7.62e-24
5.42125917736 7.62e-24
5.42173331232 7.63e-24
5.42220753023 7.63e-24
5.4226818311 7.64e-24
5.42315621495 7.65e-24
5.42363068181 7.65e-24
5.4241052317 7.66e-24
5.42457986464 7.66e-24
5.42505458065 7.67e-24
5.42552937976 7.68e-24
5.42600426198 7.68e-24
5.42647922734 7.69e-24
5.42695427586 7.69e-24
5.42742940756 7.7e-24
5.42790462246 7.7e-24
5.42837992059 7.71e-24
5.42885530196 7.72e-24
5.42933076661 7.72e-24
5.42980631454 7.73e-24
5.43028194579 7.73e-24
5.43075766037 7.74e-24
5.43123345831 7.75e-24
5.43170933962 7.75e-24
5.43218530434 7.76e-24
5.43266135248 7.76e-24
5.43313748406 7.77e-24
5.43361369911 7.78e-24
5.43408999764 7.78e-24
5.43456637969 7.79e-24
5.43504284527 7.79e-24
5.4355193944 7.8e-24
5.4359960271 7.8e-24
5.43647274341 7.81e-24
5.43694954333 7.82e-24
5.4374264269 7.82e-24
5.43790339413 7.83e-24
5.43838044505 7.83e-24
5.43885757967 7.84e-24
5.43933479803 7.85e-24
5.43981210013 7.85e-24
5.44028948601 7.86e-24
5.44076695569 7.86e-24
5.44124450918 7.87e-24
5.44172214652 7.88e-24
5.44219986771 7.88e-24
5.44267767279 7.89e-24
5.44315556178 7.89e-24
5.44363353469 7.9e-24
5.44411159156 7.9e-24
5.4445897324 7.91e-24
5.44506795723 7.92e-24
5.44554626608 7.92e-24
5.44602465897 7.93e-24
5.44650313593 7.93e-24
5.44698169696 7.94e-24
5.4474603421 7.95e-24
5.44793907137 7.95e-24
5.44841788479 7.96e-24
5.44889678238 7.96e-24
5.44937576416 7.97e-24
5.44985483016 7.97e-24
5.4503339804 7.98e-24
5.4508132149 7.99e-24
5.45129253369 7.99e-24
5.45177193678 8e-24
5.4522514242 8e-24
5.45273099596 8.01e-24
5.4532106521 8.02e-24
5.45369039264 8.02e-24
5.45417021759 8.03e-24
5.45465012698 8.03e-24
5.45513012083 8.04e-24
5.45561019916 8.05e-24
5.45609036201 8.05e-24
5.45657060937 8.06e-24
5.45705094129 8.06e-24
5.45753135779 8.07e-24
5.45801185888 8.07e-24
5.45849244458 8.08e-24
5.45897311493 8.09e-24
5.45945386993 8.09e-24
5.45993470963 8.1e-24
5.46041563403 8.1e-24
5.46089664316 8.11e-24
5.46137773704 8.12e-24
5.46185891569 8.12e-24
5.46234017914 8.13e-24
5.46282152741 8.13e-24
5.46330296053 8.14e-24
5.4637844785 8.15e-24
5.46426608137 8.15e-24
5.46474776914 8.16e-24
5.46522954184 8.16e-24
5.4657113995 8.17e-24
5.46619334213 8.17e-24
5.46667536976 8.18e-24
5.46715748242 8.19e-24
5.46763968011 8.19e-24
5.46812196287 8.2e-24
5.46860433073 8.2e-24
5.46908678369 8.21e-24
5.46956932178 8.22e-24
5.47005194504 8.22e-24
5.47053465347 8.23e-24
5.4710174471 8.23e-24
5.47150032596 8.24e-24
5.47198329006 8.25e-24
5.47246633943 8.25e-24
5.4729494741 8.26e-24
5.47343269408 8.26e-24
5.47391599939 8.27e-24
5.47439939007 8.27e-24
5.47488286612 8.28e-24
5.47536642758 8.29e-24
5.47585007447 8.29e-24
5.47633380681 8.3e-24
5.47681762462 8.3e-24
5.47730152793 8.31e-24
5.47778551675 8.32e-24
5.47826959112 8.32e-24
5.47875375105 8.33e-24
5.47923799656 8.33e-24
5.47972232769 8.34e-24
5.48020674444 8.35e-24
5.48069124685 8.35e-24
5.48117583493 8.36e-24
5.48166050872 8.36e-24
5.48214526823 8.37e-24
5.48263011348 8.37e-24
5.4831150445 8.38e-24
5.48360006131 8.39e-24
5.48408516393 8.39e-24
5.48457035239 8.4e-24
5.48505562671 8.4e-24
5.48554098691 8.41e-24
5.48602643302 8.42e-24
5.48651196505 8.42e-24
5.48699758303 8.43e-24
5.48748328699 8.43e-24
5.48796907694 8.44e-24
5.48845495291 8.45e-24
5.48894091492 8.45e-24
5.489426963 8.46e-24
5.48991309716 8.46e-24
5.49039931743 8.47e-24
5.49088562384 8.47e-24
5.4913720164 8.48e-24
5.49185849514 8.49e-24
5.49234506008 8.49e-24
5.49283171124 8.5e-24
5.49331844866 8.5e-24
5.49380527234 8.51e-24
5.49429218232 8.52e-24
5.49477917861 8.52e-24
5.49526626124 8.53e-24
5.49575343024 8.53e-24
5.49624068562 8.54e-24
5.49672802741 8.55e-24
5.49721545563 8.55e-24
5.4977029703 8.56e-24
5.49819057145 8.56e-24
5.4986782591 8.57e-24
5.49916603327 8.57e-24
5.49965389399 8.58e-24
5.50014184128 8.59e-24
5.50062987516 8.59e-24
5.50111799566 8.6e-24
5.5016062028 8.6e-24
5.50209449659 8.61e-24
5.50258287707 8.62e-24
5.50307134426 8.62e-24
5.50355989818 8.63e-24
5.50404853885 8.63e-24
5.5045372663 8.64e-24
5.50502608055 8.65e-24
5.50551498163 8.65e-24
5.50600396954 8.66e-24
5.50649304433 8.66e-24
5.50698220601 8.67e-24
5.50747145461 8.67e-24
5.50796079015 8.68e-24
5.50845021264 8.69e-24
5.50893972213 8.69e-24
5.50942931862 8.7e-24
5.50991900214 8.7e-24
5.51040877272 8.71e-24
5.51089863038 8.72e-24
5.51138857513 8.72e-24
5.51187860702 8.73e-24
5.51236872605 8.74e-24
5.51285893225 8.75e-24
5.51334922564 8.75e-24
5.51383960625 8.76e-24
5.51433007411 8.77e-24
5.51482062922 8.77e-24
5.51531127163 8.78e-24
5.51580200134 8.79e-24
5.51629281839 8.8e-24
5.5167837228 8.8e-24
5.51727471459 8.81e-24
5.51776579378 8.82e-24
5.5182569604 8.82e-24
5.51874821447 8.83e-24
5.51923955601 8.84e-24
5.51973098505 8.85e-24
5.52022250161 8.85e-24
5.52071410572 8.86e-24
5.52120579739 8.87e-24
5.52169757665 8.87e-24
5.52218944353 8.88e-24
5.52268139805 8.89e-24
5.52317344023 8.9e-24
5.52366557009 8.9e-24
5.52415778766 8.91e-24
5.52465009296 8.92e-24
5.52514248602 8.92e-24
5.52563496685 8.93e-24
5.52612753549 8.94e-24
5.52662019195 8.95e-24
5.52711293626 8.95e-24
5.52760576844 8.96e-24
5.52809868852 8.97e-24
5.52859169652 8.97e-24
5.52908479246 8.98e-24
5.52957797637 8.99e-24
5.53007124827 9e-24
5.53056460818 9e-24
5.53105805613 9.01e-24
5.53155159214 9.02e-24
5.53204521623 9.03e-24
5.53253892843 9.03e-24
5.53303272877 9.04e-24
5.53352661725 9.05e-24
5.53402059392 9.05e-24
5.53451465879 9.06e-24
5.53500881188 9.07e-24
5.53550305323 9.08e-24
5.53599738285 9.08e-24
5.53649180076 9.09e-24
5.53698630699 9.1e-24
5.53748090157 9.1e-24
5.53797558452 9.11e-24
5.53847035586 9.12e-24
5.53896521561 9.13e-24
5.5394601638 9.13e-24
5.53995520046 9.14e-24
5.5404503256 9.15e-24
5.54094553925 9.15e-24
5.54144084143 9.16e-24
5.54193623217 9.17e-24
5.5424317115 9.18e-24
5.54292727943 9.18e-24
5.54342293598 9.19e-24
5.54391868119 9.2e-24
5.54441451508 9.2e-24
5.54491043767 9.21e-24
5.54540644898 9.22e-24
5.54590254903 9.23e-24
5.54639873786 9.23e-24
5.54689501549 9.24e-24
5.54739138193 9.25e-24
5.54788783722 9.25e-24
5.54838438138 9.26e-24
5.54888101442 9.27e-24
5.54937773638 9.28e-24
5.54987454728 9.28e-24
5.55037144714 9.29e-24
5.55086843599 9.3e-24
5.55136551384 9.3e-24
5.55186268074 9.31e-24
5.55235993669 9.32e-24
5.55285728172 9.33e-24
5.55335471586 9.33e-24
5.55385223912 9.34e-24
5.55434985155 9.35e-24
5.55484755315 9.35e-24
5.55534534395 9.36e-24
5.55584322397 9.37e-24
5.55634119325 9.38e-24
5.5568392518 9.38e-24
5.55733739965 9.39e-24
5.55783563682 9.4e-24
5.55833396334 9.4e-24
5.55883237922 9.41e-24
5.5593308845 9.42e-24
5.5598294792 9.43e-24
5.56032816334 9.43e-24
5.56082693695 9.44e-24
5.56132580005 9.45e-24
5.56182475266 9.45e-24
5.56232379481 9.46e-24
5.56282292652 9.47e-24
5.56332214782 9.48e-24
5.56382145872 9.48e-24
5.56432085927 9.49e-24
5.56482034947 9.5e-24
5.56531992936 9.5e-24
5.56581959895 9.51e-24
5.56631935827 9.52e-24
5.56681920735 9.53e-24
5.56731914622 9.53e-24
5.56781917488 9.54e-24
5.56831929337 9.55e-24
5.56881950172 9.55e-24
5.56931979994 9.56e-24
5.56982018806 9.57e-24
5.57032066611 9.58e-24
5.5708212341 9.58e-24
5.57132189207 9.59e-24
5.57182264004 9.6e-24
5.57232347803 9.6e-24
5.57282440607 9.61e-24
5.57332542418 9.62e-24
5.57382653238 9.63e-24
5.5743277307 9.63e-24
5.57482901916 9.64e-24
5.5753303978 9.65e-24
5.57583186662 9.66e-24
5.57633342566 9.66e-24
5.57683507495 9.67e-24
5.57733681449 9.68e-24
5.57783864433 9.68e-24
5.57834056448 9.69e-24
5.57884257497 9.7e-24
5.57934467583 9.71e-24
5.57984686707 9.71e-24
5.58034914872 9.72e-24
5.58085152081 9.73e-24
5.58135398335 9.73e-24
5.58185653639 9.74e-24
5.58235917993 9.75e-24
5.582861914 9.76e-24
5.58336473864 9.76e-24
5.58386765386 9.77e-24
5.58437065968 9.78e-24
5.58487375614 9.78e-24
5.58537694325 9.79e-24
5.58588022104 9.8e-24
5.58638358954 9.81e-24
5.58688704877 9.81e-24
5.58739059875 9.82e-24
5.58789423951 9.83e-24
5.58839797107 9.83e-24
5.58890179346 9.84e-24
5.58940570671 9.85e-24
5.58990971083 9.86e-24
5.59041380585 9.86e-24
5.5909179918 9.87e-24
5.5914222687 9.88e-24
5.59192663658 9.88e-24
5.59243109545 9.89e-24
5.59293564535 9.9e-24
5.5934402863 9.91e-24
5.59394501833 9.91e-24
5.59444984145 9.92e-24
5.5949547557 9.93e-24
5.59545976109 9.93e-24
5.59596485766 9.94e-24
5.59647004542 9.95e-24
5.5969753244 9.96e-24
5.59748069464 9.96e-24
5.59798615614 9.97e-24
5.59849170894 9.98e-24
5.59899735306 9.98e-24
5.59950308853 9.99e-24
5.60000891537 1e-23
5.6005148336 1e-23
5.60102084325 1e-23
5.60152694435 1e-23
5.60203313692 1e-23
5.60253942098 1e-23
5.60304579656 1e-23
5.60355226368 1e-23
5.60405882237 1.01e-23
5.60456547266 1.01e-23
5.60507221457 1.01e-23
5.60557904812 1.01e-23
5.60608597333 1.01e-23
5.60659299024 1.01e-23
5.60710009887 1.01e-23
5.60760729924 1.01e-23
5.60811459138 1.01e-23
5.60862197531 1.01e-23
5.60912945106 1.01e-23
5.60963701865 1.01e-23
5.61014467811 1.01e-23
5.61065242946 1.01e-23
5.61116027273 1.02e-23
5.61166820794 1.02e-23
5.61217623512 1.02e-23
5.61268435429 1.02e-23
5.61319256547 1.02e-23
5.6137008687 1.02e-23
5.614209264 1.02e-23
5.61471775139 1.02e-23
5.6152263309 1.02e-23
5.61573500255 1.02e-23
5.61624376636 1.02e-23
5.61675262237 1.02e-23
5.6172615706 1.02e-23
5.61777061107 1.02e-23
5.6182797438 1.03e-23
5.61878896883 1.03e-23
5.61929828618 1.03e-23
5.61980769587 1.03e-23
5.62031719792 1.03e-23
5.62082679238 1.03e-23
5.62133647924 1.03e-23
5.62184625856 1.03e-23
5.62235613034 1.03e-23
5.62286609461 1.03e-23
5.62337615141 1.03e-23
5.62388630074 1.03e-23
5.62439654265 1.03e-23
5.62490687715 1.03e-23
5.62541730427 1.04e-23
5.62592782404 1.04e-23
5.62643843648 1.04e-23
5.62694914161 1.04e-23
5.62745993946 1.04e-23
5.62797083006 1.04e-23
5.62848181343 1.04e-23
5.62899288959 1.04e-23
5.62950405858 1.04e-23
5.63001532042 1.04e-23
5.63052667512 1.04e-23
5.63103812273 1.04e-23
5.63154966325 1.04e-23
5.63206129673 1.04e-23
5.63257302318 1.05e-23
5.63308484263 1.05e-23
5.6335967551 1.05e-23
5.63410876062 1.05e-23
5.63462085922 1.05e-23
5.63513305091 1.05e-23
5.63564533574 1.05e-23
5.63615771371 1.05e-23
5.63667018486 1.05e-23
5.63718274921 1.05e-23
5.63769540679 1.06e-23
5.63820815763 1.06e-23
5.63872100174 1.06e-23
5.63923393915 1.06e-23
5.6397469699 1.06e-23
5.640260094 1.06e-23
5.64077331147 1.06e-23
5.64128662236 1.07e-23
5.64180002667 1.07e-23
5.64231352445 1.07e-23
5.6428271157 1.07e-23
5.64334080046 1.07e-23
5.64385457876 1.07e-23
5.64436845062 1.08e-23
5.64488241605 1.08e-23
5.6453964751 1.08e-23
5.64591062779 1.08e-23
5.64642487413 1.08e-23
5.64693921417 1.08e-23
5.64745364791 1.08e-23
5.64796817539 1.09e-23
5.64848279664 1.09e-23
5.64899751167 1.09e-23
5.64951232052 1.09e-23
5.65002722321 1.09e-23
5.65054221977 1.09e-23
5.65105731022 1.09e-23
5.65157249459 1.1e-23
5.65208777289 1.1e-23
5.65260314517 1.1e-23
5.65311861144 1.1e-23
5.65363417174 1.1e-23
5.65414982608 1.1e-23
5.65466557449 1.1e-23
5.655181417 1.11e-23
5.65569735363 1.11e-23
5.65621338441 1.11e-23
5.65672950936 1.11e-23
5.65724572852 1.11e-23
5.6577620419 1.11e-23
5.65827844953 1.12e-23
5.65879495145 1.12e-23
5.65931154766 1.12e-23
5.65982823821 1.12e-23
5.66034502311 1.12e-23
5.66086190239 1.12e-23
5.66137887608 1.12e-23
5.66189594421 1.13e-23
5.66241310679 1.13e-23
5.66293036385 1.13e-23
5.66344771543 1.13e-23
5.66396516154 1.13e-23
5.66448270222 1.13e-23
5.66500033749 1.13e-23
5.66551806736 1.14e-23
5.66603589188 1.14e-23
5.66655381107 1.14e-23
5.66707182495 1.14e-23
5.66758993354 1.14e-23
5.66810813688 1.14e-23
5.66862643499 1.14e-23
5.6691448279 1.15e-23
5.66966331563 1.15e-23
5.67018189821 1.15e-23
5.67070057566 1.15e-23
5.67121934801 1.15e-23
5.67173821529 1.15e-23
5.67225717752 1.16e-23
5.67277623473 1.16e-23
5.67329538694 1.16e-23
5.67381463418 1.16e-23
5.67433397649 1.16e-23
5.67485341387 1.16e-23
5.67537294636 1.16e-23
5.67589257399 1.17e-23
5.67641229678 1.17e-23
5.67693211475 1.17e-23
5.67745202794 1.17e-23
5.67797203637 1.17e-23
5.67849214007 1.17e-23
5.67901233905 1.17e-23
5.67953263336 1.18e-23
5.68005302301 1.18e-23
5.68057350803 1.18e-23
5.68109408844 1.18e-23
5.68161476428 1.18e-23
5.68213553557 1.18e-23
5.68265640234 1.18e-23
5.6831773646 1.19e-23
5.6836984224 1.19e-23
5.68421957575 1.19e-23
5.68474082468 1.19e-23
5.68526216921 1.19e-23
5.68578360938 1.19e-23
5.68630514521 1.2e-23
5.68682677673 1.2e-23
5.68734850395 1.2e-23
5.68787032692 1.2e-23
5.68839224565 1.2e-23
5.68891426017 1.2e-23
5.68943637051 1.2e-23
5.6899585767 1.21e-23
5.69048087875 1.21e-23
5.6910032767 1.21e-23
5.69152577058 1.21e-23
5.6920483604 1.21e-23
5.6925710462 1.21e-23
5.693093828 1.21e-23
5.69361670583 1.22e-23
5.69413967972 1.22e-23
5.69466274969 1.22e-23
5.69518591577 1.22e-23
5.69570917798 1.22e-23
5.69623253635 1.22e-23
5.69675599091 1.22e-23
5.69727954169 1.23e-23
5.6978031887 1.23e-23
5.69832693199 1.23e-23
5.69885077157 1.23e-23
5.69937470747 1.23e-23
5.69989873971 1.23e-23
5.70042286833 1.23e-23
5.70094709335 1.24e-23
5.7014714148 1.24e-23
5.7019958327 1.24e-23
5.70252034708 1.24e-23
5.70304495797 1.24e-23
5.70356966539 1.24e-23
5.70409446937 1.25e-23
5.70461936994 1.25e-23
5.70514436712 1.25e-23
5.70566946094 1.25e-23
5.70619465143 1.25e-23
5.70671993861 1.25e-23
5.70724532251 1.25e-23
5.70777080316 1.26e-23
5.70829638058 1.26e-23
5.7088220548 1.26e-23
5.70934782585 1.26e-23
5.70987369376 1.26e-23
5.71039965854 1.26e-23
5.71092572023 1.26e-23
5.71145187886 1.27e-23
5.71197813444 1.27e-23
5.71250448702 1.27e-23
5.71303093661 1.27e-23
5.71355748324 1.27e-23
5.71408412693 1.27e-23
5.71461086773 1.27e-23
5.71513770564 1.28e-23
5.71566464071 1.28e-23
5.71619167295 1.28e-23
5.71671880239 1.28e-23
5.71724602906 1.28e-23
5.71777335299 1.28e-23
5.7183007742 1.29e-23
5.71882829272 1.29e-23
5.71935590858 1.29e-23
5.7198836218 1.29e-23
5.72041143242 1.29e-23
5.72093934045 1.29e-23
5.72146734593 1.29e-23
5.72199544887 1.3e-23
5.72252364932 1.3e-23
5.7230519473 1.3e-23
5.72358034282 1.3e-23
5.72410883593 1.3e-23
5.72463742664 1.3e-23
5.72516611499 1.3e-23
5.725694901 1.31e-23
5.72622378469 1.31e-23
5.72675276611 1.31e-23
5.72728184526 1.31e-23
5.72781102218 1.31e-23
5.7283402969 1.31e-23
5.72886966945 1.31e-23
5.72939913984 1.32e-23
5.72992870812 1.32e-23
5.73045837429 1.32e-23
5.7309881384 1.32e-23
5.73151800047 1.32e-23
5.73204796053 1.32e-23
5.7325780186 1.33e-23
5.73310817471 1.33e-23
5.73363842889 1.33e-23
5.73416878116 1.33e-23
5.73469923155 1.33e-23
5.7352297801 1.33e-23
5.73576042682 1.33e-23
5.73629117175 1.34e-23
5.73682201491 1.34e-23
5.73735295633 1.34e-23
5.73788399603 1.34e-23
5.73841513405 1.34e-23
5.7389463704 1.34e-23
5.73947770513 1.34e-23
5.74000913825 1.35e-23
5.74054066979 1.35e-23
5.74107229979 1.35e-23
5.74160402826 1.35e-23
5.74213585523 1.35e-23
5.74266778074 1.35e-23
5.74319980481 1.35e-23
5.74373192746 1.36e-23
5.74426414873 1.36e-23
5.74479646864 1.36e-23
5.74532888722 1.36e-23
5.7458614045 1.36e-23
5.7463940205 1.36e-23
5.74692673525 1.37e-23
5.74745954878 1.37e-23
5.74799246111 1.37e-23
5.74852547228 1.37e-23
5.74905858232 1.37e-23
5.74959179124 1.37e-23
5.75012509907 1.37e-23
5.75065850585 1.38e-23
5.75119201161 1.38e-23
5.75172561636 1.38e-23
5.75225932014 1.38e-23
5.75279312297 1.38e-23
5.75332702488 1.38e-23
5.75386102591 1.38e-23
5.75439512607 1.39e-23
5.75492932539 1.39e-23
5.75546362391 1.39e-23
5.75599802164 1.39e-23
5.75653251863 1.39e-23
5.75706711489 1.39e-23
5.75760181045 1.39e-23
5.75813660534 1.4e-23
5.75867149959 1.4e-23
5.75920649323 1.4e-23
5.75974158628 1.4e-23
5.76027677877 1.4e-23
5.76081207073 1.4e-23
5.76134746218 1.41e-23
5.76188295317 1.41e-23
5.7624185437 1.41e-23
5.76295423381 1.41e-23
5.76349002353 1.41e-23
5.76402591289 1.41e-23
5.76456190191 1.41e-23
5.76509799062 1.42e-23
5.76563417905 1.42e-23
5.76617046722 1.42e-23
5.76670685517 1.42e-23
5.76724334293 1.42e-23
5.76777993051 1.42e-23
5.76831661795 1.42e-23
5.76885340528 1.42e-23
5.76939029252 1.42e-23
5.7699272797 1.43e-23
5.77046436685 1.43e-23
5.771001554 1.43e-23
5.77153884118 1.43e-23
5.77207622841 1.43e-23
5.77261371572 1.43e-23
5.77315130314 1.43e-23
5.7736889907 1.43e-23
5.77422677842 1.43e-23
5.77476466633 1.43e-23
5.77530265447 1.43e-23
5.77584074286 1.43e-23
5.77637893152 1.44e-23
5.77691722049 1.44e-23
5.7774556098 1.44e-23
5.77799409946 1.44e-23
5.77853268951 1.44e-23
5.77907137999 1.44e-23
5.7796101709 1.44e-23
5.78014906229 1.44e-23
5.78068805419 1.44e-23
5.78122714661 1.44e-23
5.78176633959 1.44e-23
5.78230563316 1.44e-23
5.78284502734 1.45e-23
5.78338452217 1.45e-23
5.78392411766 1.45e-23
5.78446381386 1.45e-23
5.78500361078 1.45e-23
5.78554350846 1.45e-23
5.78608350692 1.45e-23
5.78662360619 1.45e-23
5.7871638063 1.45e-23
5.78770410728 1.45e-23
5.78824450916 1.45e-23
5.78878501196 1.45e-23
5.78932561572 1.46e-23
5.78986632045 1.46e-23
5.7904071262 1.46e-23
5.79094803299 1.46e-23
5.79148904084 1.46e-23
5.79203014978 1.46e-23
5.79257135985 1.46e-23
5.79311267107 1.46e-23
5.79365408347 1.46e-23
5.79419559707 1.46e-23
5.79473721192 1.46e-23
5.79527892803 1.46e-23
5.79582074543 1.47e-23
5.79636266415 1.47e-23
5.79690468423 1.47e-23
5.79744680568 1.47e-23
5.79798902854 1.47e-23
5.79853135283 1.47e-23
5.79907377859 1.47e-23
5.79961630584 1.47e-23
5.80015893461 1.47e-23
5.80070166493 1.47e-23
5.80124449683 1.47e-23
5.80178743033 1.47e-23
5.80233046547 1.48e-23
5.80287360228 1.48e-23
5.80341684077 1.48e-23
5.80396018099 1.48e-23
5.80450362295 1.48e-23
5.80504716669 1.48e-23
5.80559081224 1.48e-23
5.80613455962 1.48e-23
5.80667840887 1.48e-23
5.80722236001 1.48e-23
5.80776641307 1.48e-23
5.80831056808 1.48e-23
5.80885482507 1.49e-23
5.80939918406 1.49e-23
5.80994364509 1.49e-23
5.81048820818 1.49e-23
5.81103287337 1.49e-23
5.81157764068 1.49e-23
5.81212251014 1.49e-23
5.81266748177 1.49e-23
5.81321255562 1.49e-23
5.8137577317 1.49e-23
5.81430301005 1.49e-23
5.81484839069 1.49e-23
5.81539387365 1.5e-23
5.81593945896 1.5e-23
5.81648514666 1.5e-23
5.81703093677 1.5e-23
5.81757682931 1.5e-23
5.81812282432 1.5e-23
5.81866892182 1.5e-23
5.81921512185 1.5e-23
5.81976142444 1.5e-23
5.8203078296 1.5e-23
5.82085433738 1.5e-23
5.8214009478 1.5e-23
5.82194766089 1.51e-23
5.82249447667 1.51e-23
5.82304139518 1.51e-23
5.82358841645 1.51e-23
5.8241355405 1.51e-23
5.82468276737 1.51e-23
5.82523009708 1.51e-23
5.82577752966 1.51e-23
5.82632506514 1.51e-23
5.82687270355 1.51e-23
5.82742044492 1.51e-23
5.82796828928 1.51e-23
5.82851623666 1.52e-23
5.82906428708 1.52e-23
5.82961244058 1.52e-23
5.83016069718 1.52e-23
5.83070905691 1.52e-23
5.83125751981 1.52e-23
5.8318060859 1.52e-23
5.83235475521 1.52e-23
5.83290352777 1.52e-23
5.8334524036 1.52e-23
5.83400138275 1.52e-23
5.83455046523 1.52e-23
5.83509965108 1.53e-23
5.83564894033 1.53e-23
5.836198333 1.53e-23
5.83674782912 1.53e-23
5.83729742873 1.53e-23
5.83784713185 1.53e-23
5.83839693851 1.53e-23
5.83894684874 1.53e-23
5.83949686258 1.53e-23
5.84004698004 1.53e-23
5.84059720116 1.53e-23
5.84114752597 1.54e-23
5.8416979545 1.54e-23
5.84224848677 1.54e-23
5.84279912282 1.54e-23
5.84334986267 1.54e-23
5.84390070636 1.54e-23
5.84445165392 1.54e-23
5.84500270537 1.54e-23
5.84555386074 1.54e-23
5.84610512006 1.54e-23
5.84665648336 1.54e-23
5.84720795068 1.54e-23
5.84775952204 1.55e-23
5.84831119746 1.55e-23
5.84886297699 1.55e-23
5.84941486064 1.55e-23
5.84996684846 1.55e-23
5.85051894046 1.55e-23
5.85107113668 1.55e-23
5.85162343714 1.55e-23
5.85217584189 1.55e-23
5.85272835094 1.55e-23
5.85328096432 1.55e-23
5.85383368207 1.55e-23
5.85438650421 1.56e-23
5.85493943078 1.56e-23
5.8554924618 1.56e-23
5.85604559731 1.56e-23
5.85659883733 1.56e-23
5.85715218189 1.56e-23
5.85770563102 1.56e-23
5.85825918476 1.56e-23
5.85881284312 1.56e-23
5.85936660615 1.56e-23
5.85992047387 1.56e-23
5.86047444631 1.56e-23
5.8610285235 1.57e-23
5.86158270548 1.57e-23
5.86213699226 1.57e-23
5.86269138388 1.57e-23
5.86324588037 1.57e-23
5.86380048175 1.57e-23
5.86435518807 1.57e-23
5.86490999935 1.57e-23
5.86546491561 1.57e-23
5.86601993689 1.57e-23
5.86657506323 1.57e-23
5.86713029463 1.57e-23
5.86768563115 1.58e-23
5.8682410728 1.58e-23
5.86879661963 1.58e-23
5.86935227164 1.58e-23
5.86990802889 1.58e-23
5.87046389139 1.58e-23
5.87101985918 1.58e-23
5.87157593229 1.58e-23
5.87213211074 1.58e-23
5.87268839457 1.58e-23
5.87324478381 1.58e-23
5.87380127848 1.58e-23
5.87435787862 1.59e-23
5.87491458426 1.59e-23
5.87547139542 1.59e-23
5.87602831214 1.59e-23
5.87658533445 1.59e-23
5.87714246237 1.59e-23
5.87769969594 1.59e-23
5.87825703519 1.59e-23
5.87881448014 1.59e-23
5.87937203083 1.59e-23
5.87992968729 1.59e-23
5.88048744955 1.59e-23
5.88104531763 1.6e-23
5.88160329157 1.6e-23
5.88216137139 1.6e-23
5.88271955714 1.6e-23
5.88327784883 1.6e-23
5.8838362465 1.6e-23
5.88439475018 1.6e-23
5.88495335989 1.6e-23
5.88551207568 1.6e-23
5.88607089756 1.6e-23
5.88662982557 1.6e-23
5.88718885974 1.6e-23
5.8877480001 1.61e-23
5.88830724669 1.61e-23
5.88886659952 1.61e-23
5.88942605863 1.61e-23
5.88998562405 1.61e-23
5.89054529581 1.61e-23
5.89110507394 1.61e-23
5.89166495848 1.61e-23
5.89222494944 1.61e-23
5.89278504687 1.61e-23
5.89334525079 1.61e-23
5.89390556124 1.61e-23
5.89446597824 1.62e-23
5.89502650182 1.62e-23
5.89558713201 1.62e-23
5.89614786885 1.62e-23
5.89670871237 1.62e-23
5.89726966259 1.62e-23
5.89783071954 1.62e-23
5.89839188326 1.62e-23
5.89895315378 1.62e-23
5.89951453113 1.62e-23
5.90007601533 1.62e-23
5.90063760643 1.62e-23
5.90119930444 1.63e-23
5.9017611094 1.63e-23
5.90232302134 1.63e-23
5.90288504029 1.63e-23
5.90344716628 1.63e-23
5.90400939934 1.63e-23
5.90457173951 1.63e-23
5.90513418681 1.63e-23
5.90569674127 1.63e-23
5.90625940293 1.63e-23
5.90682217181 1.63e-23
5.90738504794 1.63e-23
5.90794803136 1.64e-23
5.9085111221 1.64e-23
5.90907432019 1.64e-23
5.90963762565 1.64e-23
5.91020103853 1.64e-23
5.91076455884 1.64e-23
5.91132818662 1.64e-23
5.91189192191 1.64e-23
5.91245576472 1.64e-23
5.9130197151 1.64e-23
5.91358377307 1.64e-23
5.91414793867 1.64e-23
5.91471221192 1.64e-23
5.91527659285 1.64e-23
5.91584108151 1.65e-23
5.91640567791 1.65e-23
5.91697038209 1.65e-23
5.91753519407 1.65e-23
5.9181001139 1.65e-23
5.9186651416 1.65e-23
5.9192302772 1.65e-23
5.91979552073 1.65e-23
5.92036087223 1.65e-23
5.92092633172 1.65e-23
5.92149189924 1.65e-23
5.92205757481 1.65e-23
5.92262335847 1.65e-23
5.92318925025 1.65e-23
5.92375525018 1.66e-23
5.92432135829 1.66e-23
5.92488757461 1.66e-23
5.92545389917 1.66e-23
5.92602033201 1.66e-23
5.92658687315 1.66e-23
5.92715352262 1.66e-23
5.92772028047 1.66e-23
5.92828714671 1.66e-23
5.92885412138 1.66e-23
5.92942120451 1.66e-23
5.92998839613 1.66e-23
5.93055569627 1.66e-23
5.93112310497 1.66e-23
5.93169062225 1.67e-23
5.93225824814 1.67e-23
5.93282598269 1.67e-23
5.93339382591 1.67e-23
5.93396177784 1.67e-23
5.93452983851 1.67e-23
5.93509800796 1.67e-23
5.9356662862 1.67e-23
5.93623467328 1.67e-23
5.93680316923 1.67e-23
5.93737177407 1.67e-23
5.93794048785 1.67e-23
5.93850931058 1.67e-23
5.9390782423 1.67e-23
5.93964728304 1.68e-23
5.94021643284 1.68e-23
5.94078569172 1.68e-23
5.94135505972 1.68e-23
5.94192453686 1.68e-23
5.94249412319 1.68e-23
5.94306381872 1.68e-23
5.9436336235 1.68e-23
5.94420353755 1.68e-23
5.9447735609 1.68e-23
5.94534369359 1.68e-23
5.94591393565 1.68e-23
5.94648428711 1.68e-23
5.947054748 1.68e-23
5.94762531834 1.69e-23
5.94819599819 1.69e-23
5.94876678755 1.69e-23
5.94933768648 1.69e-23
5.94990869499 1.69e-23
5.95047981312 1.69e-23
5.9510510409 1.69e-23
5.95162237837 1.69e-23
5.95219382555 1.69e-23
5.95276538248 1.69e-23
5.95333704918 1.69e-23
5.95390882569 1.69e-23
5.95448071205 1.69e-23
5.95505270827 1.69e-23
5.9556248144 1.7e-23
5.95619703047 1.7e-23
5.9567693565 1.7e-23
5.95734179253 1.7e-23
5.9579143386 1.7e-23
5.95848699472 1.7e-23
5.95905976094 1.7e-23
5.95963263729 1.7e-23
5.9602056238 1.7e-23
5.96077872049 1.7e-23
5.96135192741 1.7e-23
5.96192524458 1.7e-23
5.96249867203 1.7e-23
5.9630722098 1.7e-23
5.96364585792 1.71e-23
5.96421961642 1.71e-23
5.96479348534 1.71e-23
5.96536746469 1.71e-23
5.96594155453 1.71e-23
5.96651575487 1.71e-23
5.96709006575 1.71e-23
5.96766448721 1.71e-23
5.96823901926 1.71e-23
5.96881366196 1.71e-23
5.96938841532 1.71e-23
5.96996327938 1.71e-23
5.97053825418 1.71e-23
5.97111333973 1.71e-23
5.97168853609 1.72e-23
5.97226384327 1.72e-23
5.97283926131 1.72e-23
5.97341479024 1.72e-23
5.9739904301 1.72e-23
5.97456618091 1.72e-23
5.97514204271 1.72e-23
5.97571801553 1.72e-23
5.9762940994 1.72e-23
5.97687029436 1.72e-23
5.97744660043 1.72e-23
5.97802301766 1.72e-23
5.97859954606 1.72e-23
5.97917618568 1.73e-23
5.97975293654 1.73e-23
5.98032979868 1.73e-23
5.98090677213 1.73e-23
5.98148385692 1.73e-23
5.98206105308 1.73e-23
5.98263836065 1.73e-23
5.98321577966 1.73e-23
5.98379331015 1.73e-23
5.98437095213 1.73e-23
5.98494870565 1.73e-23
5.98552657074 1.73e-23
5.98610454742 1.73e-23
5.98668263574 1.73e-23
5.98726083573 1.74e-23
5.98783914741 1.74e-23
5.98841757082 1.74e-23
5.98899610599 1.74e-23
5.98957475296 1.74e-23
5.99015351175 1.74e-23
5.9907323824 1.74e-23
5.99131136495 1.74e-23
5.99189045941 1.74e-23
5.99246966584 1.74e-23
5.99304898425 1.74e-23
5.99362841469 1.74e-23
5.99420795718 1.74e-23
5.99478761175 1.74e-23
5.99536737844 1.75e-23
5.99594725729 1.75e-23
5.99652724832 1.75e-23
5.99710735156 1.75e-23
5.99768756706 1.75e-23
5.99826789483 1.75e-23
5.99884833492 1.75e-23
5.99942888736 1.75e-23
6.00000955218 1.75e-23
6.00059032941 1.75e-23
6.00117121908 1.75e-23
6.00175222123 1.75e-23
6.00233333589 1.75e-23
6.0029145631 1.75e-23
6.00349590288 1.76e-23
6.00407735526 1.76e-23
6.00465892029 1.76e-23
6.005240598 1.76e-23
6.0058223884 1.76e-23
6.00640429155 1.76e-23
6.00698630747 1.76e-23
6.0075684362 1.76e-23
6.00815067776 1.76e-23
6.00873303219 1.76e-23
6.00931549953 1.76e-23
6.0098980798 1.76e-23
6.01048077304 1.76e-23
6.01106357928 1.76e-23
6.01164649856 1.77e-23
6.0122295309 1.77e-23
6.01281267634 1.77e-23
6.01339593492 1.77e-23
6.01397930667 1.77e-23
6.01456279161 1.77e-23
6.01514638978 1.77e-23
6.01573010122 1.77e-23
6.01631392596 1.77e-23
6.01689786403 1.77e-23
6.01748191546 1.77e-23
6.01806608029 1.77e-23
6.01865035855 1.77e-23
6.01923475028 1.77e-23
6.0198192555 1.78e-23
6.02040387425 1.78e-23
6.02098860656 1.78e-23
6.02157345246 1.78e-23
6.022158412 1.78e-23
6.02274348519 1.78e-23
6.02332867209 1.78e-23
6.0239139727 1.78e-23
6.02449938709 1.78e-23
6.02508491526 1.78e-23
6.02567055726 1.78e-23
6.02625631312 1.78e-23
6.02684218288 1.78e-23
6.02742816656 1.78e-23
6.02801426421 1.79e-23
6.02860047584 1.79e-23
6.02918680151 1.79e-23
6.02977324123 1.79e-23
6.03035979505 1.79e-23
6.03094646299 1.79e-23
6.0315332451 1.79e-23
6.03212014139 1.79e-23
6.03270715192 1.79e-23
6.0332942767 1.79e-23
6.03388151578 1.79e-23
6.03446886918 1.79e-23
6.03505633695 1.79e-23
6.0356439191 1.79e-23
6.03623161569 1.8e-23
6.03681942673 1.8e-23
6.03740735227 1.8e-23
6.03799539234 1.8e-23
6.03858354696 1.8e-23
6.03917181618 1.8e-23
6.03976020003 1.8e-23
6.04034869854 1.8e-23
6.04093731174 1.8e-23
6.04152603967 1.8e-23
6.04211488237 1.8e-23
6.04270383986 1.8e-23
6.04329291218 1.8e-23
6.04388209936 1.8e-23
6.04447140143 1.81e-23
6.04506081844 1.81e-23
6.04565035041 1.81e-23
6.04623999738 1.81e-23
6.04682975937 1.81e-23
6.04741963644 1.81e-23
6.0480096286 1.81e-23
6.04859973589 1.81e-23
6.04918995834 1.81e-23
6.049780296 1.81e-23
6.05037074889 1.82e-23
6.05096131704 1.82e-23
6.0515520005 1.82e-23
6.05214279929 1.82e-23
6.05273371345 1.82e-23
6.053324743 1.82e-23
6.053915888 1.82e-23
6.05450714846 1.83e-23
6.05509852443 1.83e-23
6.05569001593 1.83e-23
6.05628162301 1.83e-23
6.05687334569 1.83e-23
6.057465184 1.83e-23
6.058057138 1.83e-23
6.05864920769 1.84e-23
6.05924139313 1.84e-23
6.05983369434 1.84e-23
6.06042611136 1.84e-23
6.06101864422 1.84e-23
6.06161129296 1.84e-23
6.06220405761 1.84e-23
6.0627969382 1.84e-23
6.06338993477 1.85e-23
6.06398304735 1.85e-23
6.06457627598 1.85e-23
6.06516962069 1.85e-23
6.06576308152 1.85e-23
6.06635665849 1.85e-23
6.06695035164 1.85e-23
6.06754416102 1.86e-23
6.06813808664 1.86e-23
6.06873212855 1.86e-23
6.06932628677 1.86e-23
6.06992056135 1.86e-23
6.07051495232 1.86e-23
6.07110945971 1.86e-23
6.07170408356 1.87e-23
6.07229882389 1.87e-23
6.07289368075 1.87e-23
6.07348865417 1.87e-23
6.07408374418 1.87e-23
6.07467895082 1.87e-23
6.07527427412 1.87e-23
6.07586971411 1.88e-23
6.07646527084 1.88e-23
6.07706094433 1.88e-23
6.07765673462 1.88e-23
6.07825264174 1.88e-23
6.07884866573 1.88e-23
6.07944480662 1.88e-23
6.08004106445 1.88e-23
6.08063743925 1.89e-23
6.08123393105 1.89e-23
6.08183053989 1.89e-23
6.08242726581 1.89e-23
6.08302410883 1.89e-23
6.083621069 1.89e-23
6.08421814634 1.89e-23
6.0848153409 1.89e-23
6.0854126527 1.9e-23
6.08601008179 1.9e-23
6.08660762819 1.9e-23
6.08720529194 1.9e-23
6.08780307307 1.9e-23
6.08840097163 1.9e-23
6.08899898763 1.9e-23
6.08959712113 1.9e-23
6.09019537215 1.91e-23
6.09079374073 1.91e-23
6.09139222689 1.91e-23
6.09199083069 1.91e-23
6.09258955215 1.91e-23
6.0931883913 1.91e-23
6.09378734819 1.91e-23
6.09438642284 1.91e-23
6.09498561529 1.92e-23
6.09558492558 1.92e-23
6.09618435373 1.92e-23
6.09678389979 1.92e-23
6.0973835638 1.92e-23
6.09798334577 1.92e-23
6.09858324576 1.92e-23
6.09918326378 1.92e-23
6.09978339989 1.93e-23
6.10038365411 1.93e-23
6.10098402648 1.93e-23
6.10158451704 1.93e-23
6.10218512581 1.93e-23
6.10278585284 1.93e-23
6.10338669815 1.93e-23
6.10398766179 1.93e-23
6.10458874378 1.93e-23
6.10518994417 1.93e-23
6.10579126299 1.93e-23
6.10639270027 1.93e-23
6.10699425604 1.93e-23
6.10759593036 1.93e-23
6.10819772323 1.93e-23
6.10879963472 1.93e-23
6.10940166484 1.93e-23
6.11000381363 1.93e-23
6.11060608113 1.93e-23
6.11120846738 1.93e-23
6.11181097241 1.94e-23
6.11241359624 1.94e-23
6.11301633893 1.94e-23
6.1136192005 1.94e-23
6.11422218099 1.94e-23
6.11482528044 1.94e-23
6.11542849888 1.94e-23
6.11603183634 1.94e-23
6.11663529286 1.94e-23
6.11723886847 1.94e-23
6.11784256322 1.94e-23
6.11844637713 1.94e-23
6.11905031025 1.94e-23
6.1196543626 1.94e-23
6.12025853422 1.94e-23
6.12086282515 1.94e-23
6.12146723542 1.94e-23
6.12207176507 1.94e-23
6.12267641413 1.94e-23
6.12328118265 1.93e-23
6.12388607064 1.93e-23
6.12449107816 1.93e-23
6.12509620523 1.93e-23
6.12570145189 1.93e-23
6.12630681817 1.92e-23
6.12691230412 1.92e-23
6.12751790977 1.92e-23
6.12812363514 1.92e-23
6.12872948029 1.92e-23
6.12933544523 1.91e-23
6.12994153002 1.91e-23
6.13054773468 1.91e-23
6.13115405925 1.91e-23
6.13176050377 1.91e-23
6.13236706827 1.91e-23
6.13297375278 1.91e-23
6.13358055735 1.91e-23
6.134187482 1.91e-23
6.13479452678 1.91e-23
6.13540169172 1.91e-23
6.13600897685 1.91e-23
6.13661638221 1.92e-23
6.13722390784 1.92e-23
6.13783155377 1.92e-23
6.13843932004 1.92e-23
6.13904720668 1.92e-23
6.13965521374 1.92e-23
6.14026334123 1.93e-23
6.14087158921 1.93e-23
6.14147995771 1.93e-23
6.14208844676 1.93e-23
6.14269705639 1.93e-23
6.14330578665 1.94e-23
6.14391463757 1.94e-23
6.14452360919 1.94e-23
6.14513270154 1.94e-23
6.14574191465 1.94e-23
6.14635124857 1.94e-23
6.14696070333 1.95e-23
6.14757027897 1.95e-23
6.14817997551 1.95e-23
6.14878979301 1.95e-23
6.14939973149 1.95e-23
6.15000979098 1.96e-23
6.15061997154 1.96e-23
6.15123027318 1.96e-23
6.15184069595 1.96e-23
6.15245123989 1.96e-23
6.15306190502 1.96e-23
6.15367269139 1.97e-23
6.15428359904 1.97e-23
6.15489462799 1.97e-23
6.15550577828 1.97e-23
6.15611704996 1.97e-23
6.15672844305 1.98e-23
6.1573399576 1.98e-23
6.15795159363 1.98e-23
6.15856335119 1.98e-23
6.15917523031 1.98e-23
6.15978723103 1.98e-23
6.16039935338 1.99e-23
6.16101159741 1.99e-23
6.16162396314 1.99e-23
6.16223645061 1.99e-23
6.16284905986 1.99e-23
6.16346179092 2e-23
6.16407464384 2e-23
6.16468761865 2e-23
6.16530071538 2e-23
6.16591393407 2e-23
6.16652727475 2e-23
6.16714073748 2.01e-23
6.16775432227 2.01e-23
6.16836802916 2.01e-23
6.16898185821 2.01e-23
6.16959580943 2.01e-23
6.17020988286 2.02e-23
6.17082407855 2.02e-23
6.17143839653 2.02e-23
6.17205283683 2.02e-23
6.17266739949 2.02e-23
6.17328208456 2.02e-23
6.17389689205 2.03e-23
6.17451182202 2.03e-23
6.1751268745 2.03e-23
6.17574204952 2.03e-23
6.17635734713 2.02e-23
6.17697276735 2.02e-23
6.17758831022 2.02e-23
6.17820397579 2.01e-23
6.17881976409 2.01e-23
6.17943567515 2.01e-23
6.18005170901 2e-23
6.18066786571 2e-23
6.18128414529 2e-23
6.18190054778 2.01e-23
6.18251707321 2.02e-23
6.18313372163 2.03e-23
6.18375049308 2.03e-23
6.18436738758 2.04e-23
6.18498440518 2.05e-23
6.18560154591 2.06e-23
6.18621880981 2.06e-23
6.18683619692 2.07e-23
6.18745370727 2.07e-23
6.1880713409 2.08e-23
6.18868909784 2.08e-23
6.18930697815 2.08e-23
6.18992498184 2.08e-23
6.19054310896 2.09e-23
6.19116135954 2.09e-23
6.19177973363 2.09e-23
6.19239823126 2.09e-23
6.19301685246 2.1e-23
6.19363559727 2.1e-23
6.19425446574 2.1e-23
6.19487345789 2.11e-23
6.19549257377 2.11e-23
6.1961118134 2.11e-23
6.19673117684 2.11e-23
6.19735066411 2.12e-23
6.19797027526 2.12e-23
6.19859001031 2.12e-23
6.19920986931 2.13e-23
6.1998298523 2.13e-23
6.2004499593 2.13e-23
6.20107019037 2.13e-23
6.20169054553 2.14e-23
6.20231102482 2.14e-23
6.20293162829 2.14e-23
6.20355235596 2.14e-23
6.20417320788 2.15e-23
6.20479418408 2.15e-23
6.2054152846 2.15e-23
6.20603650947 2.16e-23
6.20665785874 2.16e-23
6.20727933244 2.16e-23
6.20790093061 2.15e-23
6.20852265329 2.14e-23
6.20914450051 2.13e-23
6.20976647231 2.12e-23
6.21038856873 2.12e-23
6.21101078981 2.12e-23
6.21163313558 2.12e-23
6.21225560608 2.12e-23
6.21287820135 2.12e-23
6.21350092143 2.12e-23
6.21412376635 2.12e-23
6.21474673615 2.12e-23
6.21536983087 2.12e-23
6.21599305055 2.12e-23
6.21661639522 2.12e-23
6.21723986492 2.12e-23
6.21786345969 2.12e-23
6.21848717957 2.12e-23
6.21911102459 2.12e-23
6.21973499479 2.12e-23
6.22035909022 2.13e-23
6.2209833109 2.13e-23
6.22160765688 2.13e-23
6.22223212818 2.13e-23
6.22285672486 2.13e-23
6.22348144695 2.13e-23
6.22410629449 2.13e-23
6.22473126751 2.14e-23
6.22535636605 2.14e-23
6.22598159015 2.14e-23
6.22660693985 2.14e-23
6.22723241518 2.14e-23
6.22785801618 2.14e-23
6.2284837429 2.14e-23
6.22910959537 2.15e-23
6.22973557362 2.15e-23
6.2303616777 2.15e-23
6.23098790764 2.15e-23
6.23161426348 2.15e-23
6.23224074526 2.15e-23
6.23286735302 2.16e-23
6.23349408679 2.16e-23
6.23412094661 2.16e-23
6.23474793253 2.16e-23
6.23537504457 2.16e-23
6.23600228278 2.16e-23
6.23662964719 2.16e-23
6.23725713785 2.17e-23
6.23788475479 2.17e-23
6.23851249805 2.17e-23
6.23914036766 2.17e-23
6.23976836367 2.17e-23
6.24039648612 2.17e-23
6.24102473504 2.17e-23
6.24165311046 2.18e-23
6.24228161244 2.18e-23
6.242910241 2.18e-23
6.24353899618 2.18e-23
6.24416787803 2.18e-23
6.24479688658 2.18e-23
6.24542602187 2.18e-23
6.24605528394 2.19e-23
6.24668467282 2.19e-23
6.24731418856 2.19e-23
6.24794383119 2.19e-23
6.24857360076 2.19e-23
6.24920349729 2.19e-23
6.24983352083 2.19e-23
6.25046367142 2.2e-23
6.25109394909 2.2e-23
6.25172435388 2.2e-23
6.25235488584 2.2e-23
6.252985545 2.2e-23
6.25361633139 2.2e-23
6.25424724507 2.2e-23
6.25487828606 2.21e-23
6.2555094544 2.21e-23
6.25614075014 2.21e-23
6.2567721733 2.21e-23
6.25740372394 2.21e-23
6.25803540209 2.21e-23
6.25866720778 2.21e-23
6.25929914106 2.21e-23
6.25993120197 2.21e-23
6.26056339054 2.21e-23
6.26119570681 2.21e-23
6.26182815082 2.21e-23
6.26246072261 2.21e-23
6.26309342222 2.21e-23
6.26372624968 2.21e-23
6.26435920504 2.21e-23
6.26499228834 2.22e-23
6.26562549961 2.22e-23
6.26625883889 2.22e-23
6.26689230622 2.22e-23
6.26752590164 2.22e-23
6.26815962519 2.22e-23
6.2687934769 2.22e-23
6.26942745683 2.23e-23
6.27006156499 2.23e-23
6.27069580145 2.23e-23
6.27133016622 2.23e-23
6.27196465936 2.23e-23
6.2725992809 2.23e-23
6.27323403087 2.23e-23
6.27386890933 2.24e-23
6.27450391631 2.24e-23
6.27513905184 2.24e-23
6.27577431597 2.24e-23
6.27640970873 2.24e-23
6.27704523016 2.24e-23
6.27768088031 2.24e-23
6.27831665922 2.25e-23
6.27895256691 2.25e-23
6.27958860343 2.25e-23
6.28022476883 2.25e-23
6.28086106313 2.25e-23
6.28149748638 2.25e-23
6.28213403862 2.25e-23
6.28277071988 2.26e-23
6.28340753022 2.26e-23
6.28404446965 2.26e-23
6.28468153823 2.26e-23
6.28531873599 2.26e-23
6.28595606298 2.26e-23
6.28659351923 2.26e-23
6.28723110478 2.27e-23
6.28786881967 2.27e-23
6.28850666394 2.27e-23
6.28914463763 2.27e-23
6.28978274078 2.27e-23
6.29042097343 2.27e-23
6.29105933561 2.27e-23
6.29169782737 2.28e-23
6.29233644875 2.28e-23
6.29297519979 2.28e-23
6.29361408052 2.28e-23
6.29425309098 2.28e-23
6.29489223123 2.28e-23
6.29553150128 2.28e-23
6.29617090119 2.28e-23
6.29681043099 2.28e-23
6.29745009073 2.28e-23
6.29808988043 2.29e-23
6.29872980015 2.29e-23
6.29936984992 2.3e-23
6.30001002979 2.3e-23
6.30065033978 2.31e-23
6.30129077995 2.31e-23
6.30193135032 2.32e-23
6.30257205095 2.32e-23
6.30321288186 2.33e-23
6.30385384311 2.33e-23
6.30449493472 2.34e-23
6.30513615674 2.35e-23
6.30577750922 2.36e-23
6.30641899218 2.37e-23
6.30706060567 2.38e-23
6.30770234973 2.39e-23
6.30834422439 2.39e-23
6.30898622971 2.4e-23
6.30962836571 2.41e-23
6.31027063244 2.42e-23
6.31091302994 2.43e-23
6.31155555825 2.44e-23
6.3121982174 2.45e-23
6.31284100744 2.46e-23
6.31348392841 2.47e-23
6.31412698035 2.48e-23
6.3147701633 2.49e-23
6.31541347729 2.5e-23
6.31605692237 2.5e-23
6.31670049858 2.51e-23
6.31734420596 2.52e-23
6.31798804455 2.53e-23
6.31863201438 2.54e-23
6.31927611551 2.55e-23
6.31992034796 2.56e-23
6.32056471178 2.57e-23
6.32120920701 2.58e-23
6.32185383368 2.59e-23
6.32249859185 2.6e-23
6.32314348155 2.61e-23
6.32378850282 2.62e-23
6.32443365569 2.62e-23
6.32507894022 2.63e-23
6.32572435644 2.64e-23
6.32636990439 2.65e-23
6.32701558411 2.66e-23
6.32766139564 2.67e-23
6.32830733903 2.68e-23
6.3289534143 2.68e-23
6.32959962151 2.69e-23
6.3302459607 2.69e-23
6.33089243189 2.7e-23
6.33153903514 2.7e-23
6.33218577049 2.7e-23
6.33283263797 2.71e-23
6.33347963763 2.71e-23
6.3341267695 2.72e-23
6.33477403363 2.72e-23
6.33542143006 2.72e-23
6.33606895882 2.73e-23
6.33671661996 2.73e-23
6.33736441353 2.74e-23
6.33801233955 2.74e-23
6.33866039807 2.75e-23
6.33930858913 2.75e-23
6.33995691277 2.76e-23
6.34060536904 2.76e-23
6.34125395797 2.77e-23
6.3419026796 2.77e-23
6.34255153398 2.78e-23
6.34320052114 2.78e-23
6.34384964113 2.79e-23
6.34449889398 2.79e-23
6.34514827974 2.8e-23
6.34579779845 2.8e-23
6.34644745015 2.81e-23
6.34709723488 2.81e-23
6.34774715268 2.82e-23
6.34839720359 2.82e-23
6.34904738766 2.83e-23
6.34969770492 2.83e-23
6.35034815541 2.84e-23
6.35099873918 2.84e-23
6.35164945626 2.85e-23
6.3523003067 2.85e-23
6.35295129054 2.85e-23
6.35360240782 2.86e-23
6.35425365858 2.86e-23
6.35490504286 2.87e-23
6.3555565607 2.87e-23
6.35620821215 2.88e-23
6.35685999724 2.88e-23
6.35751191602 2.89e-23
6.35816396852 2.89e-23
