#xsec (eV,cm2) for OCS -> O + O
4.76862297639 2.45e-21
4.76898982176 3.14e-21
4.76935672358 2.8e-21
4.76972368186 2.95e-21
4.77009069661 2.8e-21
4.77045776784 2.79e-21
4.77082489558 2.88e-21
4.77119207982 2.67e-21
4.77155932059 2.68e-21
4.7719266179 2.88e-21
4.77229397176 2.82e-21
4.77266138218 2.66e-21
4.77302884918 2.96e-21
4.77339637277 2.63e-21
4.77376395296 2.79e-21
4.77413158977 2.78e-21
4.7744992832 2.83e-21
4.77486703328 2.91e-21
4.77523484002 2.94e-21
4.77560270342 2.77e-21
4.77597062351 2.91e-21
4.77633860029 2.8e-21
4.77670663377 3.14e-21
4.77707472398 3.03e-21
4.77744287092 2.64e-21
4.77781107461 2.87e-21
4.77817933506 2.94e-21
4.77854765229 2.75e-21
4.7789160263 2.94e-21
4.7792844571 2.8e-21
4.77965294473 3.16e-21
4.78002148917 3.09e-21
4.78039009046 2.8e-21
4.7807587486 2.88e-21
4.78112746361 3.37e-21
4.78149623549 2.8e-21
4.78186506426 3.1e-21
4.78223394994 3.01e-21
4.78260289254 3.13e-21
4.78297189207 3.13e-21
4.78334094854 3.01e-21
4.78371006197 3.11e-21
4.78407923237 3.15e-21
4.78444845976 3.26e-21
4.78481774414 3.44e-21
4.78518708553 3.19e-21
4.78555648395 3.25e-21
4.7859259394 3.25e-21
4.78629545191 3.24e-21
4.78666502147 3.09e-21
4.78703464812 3.35e-21
4.78740433185 3.15e-21
4.78777407268 3.16e-21
4.78814387063 3.29e-21
4.78851372571 3.54e-21
4.78888363794 3.45e-21
4.78925360732 3.42e-21
4.78962363386 3.4e-21
4.78999371759 3.69e-21
4.79036385852 3.55e-21
4.79073405665 3.46e-21
4.79110431201 3.39e-21
4.7914746246 3.41e-21
4.79184499444 3.32e-21
4.79221542154 3.53e-21
4.79258590592 3.53e-21
4.79295644759 3.63e-21
4.79332704656 3.59e-21
4.79369770284 3.4e-21
4.79406841645 3.34e-21
4.7944391874 3.43e-21
4.79481001571 3.67e-21
4.79518090138 3.41e-21
4.79555184444 3.71e-21
4.79592284489 3.64e-21
4.79629390275 3.61e-21
4.79666501804 3.67e-21
4.79703619075 3.61e-21
4.79740742092 3.46e-21
4.79777870854 3.45e-21
4.79815005365 3.54e-21
4.79852145624 3.76e-21
4.79889291633 3.66e-21
4.79926443393 3.65e-21
4.79963600907 3.67e-21
4.80000764174 3.75e-21
4.80037933197 3.57e-21
4.80075107977 3.84e-21
4.80112288515 3.65e-21
4.80149474813 3.55e-21
4.80186666871 3.77e-21
4.80223864692 3.56e-21
4.80261068276 3.73e-21
4.80298277625 3.73e-21
4.80335492741 3.79e-21
4.80372713623 3.7e-21
4.80409940275 3.59e-21
4.80447172697 3.78e-21
4.80484410891 3.89e-21
4.80521654857 3.86e-21
4.80558904598 3.88e-21
4.80596160114 3.74e-21
4.80633421407 3.93e-21
4.80670688479 4.1e-21
4.8070796133 4.07e-21
4.80745239962 4.02e-21
4.80782524376 4.03e-21
4.80819814575 4.1e-21
4.80857110558 3.97e-21
4.80894412327 3.79e-21
4.80931719884 3.93e-21
4.80969033231 4.12e-21
4.81006352367 4.12e-21
4.81043677296 4.26e-21
4.81081008017 4.13e-21
4.81118344533 4.26e-21
4.81155686845 4.4e-21
4.81193034954 4.26e-21
4.81230388861 4.12e-21
4.81267748568 4.2e-21
4.81305114077 4.36e-21
4.81342485388 4.24e-21
4.81379862503 4.24e-21
4.81417245423 4.35e-21
4.8145463415 4.36e-21
4.81492028684 4.23e-21
4.81529429028 4.2e-21
4.81566835183 4.17e-21
4.8160424715 4.23e-21
4.8164166493 4.41e-21
4.81679088525 4.29e-21
4.81716517935 4.33e-21
4.81753953164 4.4e-21
4.81791394211 4.38e-21
4.81828841078 4.51e-21
4.81866293767 4.56e-21
4.81903752278 4.58e-21
4.81941216614 4.36e-21
4.81978686776 4.31e-21
4.82016162764 4.61e-21
4.82053644581 4.49e-21
4.82091132227 4.52e-21
4.82128625705 4.59e-21
4.82166125014 4.62e-21
4.82203630158 4.71e-21
4.82241141137 4.64e-21
4.82278657952 4.64e-21
4.82316180605 4.66e-21
4.82353709097 4.68e-21
4.82391243429 4.59e-21
4.82428783604 4.53e-21
4.82466329622 4.63e-21
4.82503881484 4.67e-21
4.82541439193 4.74e-21
4.82579002749 4.7e-21
4.82616572153 4.59e-21
4.82654147408 4.7e-21
4.82691728514 4.72e-21
4.82729315473 4.7e-21
4.82766908287 4.85e-21
4.82804506956 4.99e-21
4.82842111481 4.9e-21
4.82879721866 4.92e-21
4.82917338109 5.18e-21
4.82954960214 4.99e-21
4.82992588182 4.96e-21
4.83030222013 5.1e-21
4.83067861709 5.18e-21
4.83105507272 4.99e-21
4.83143158702 4.95e-21
4.83180816002 5.14e-21
4.83218479173 5.15e-21
4.83256148216 5.08e-21
4.83293823132 5.06e-21
4.83331503923 5.04e-21
4.8336919059 5.22e-21
4.83406883134 5.42e-21
4.83444581557 5.34e-21
4.83482285861 5.21e-21
4.83519996046 4.85e-21
4.83557712115 5.03e-21
4.83595434067 5.47e-21
4.83633161906 5.32e-21
4.83670895632 5.1e-21
4.83708635246 5.28e-21
4.8374638075 5.37e-21
4.83784132145 5.51e-21
4.83821889433 5.5e-21
4.83859652616 5.47e-21
4.83897421693 5.48e-21
4.83935196667 5.54e-21
4.8397297754 5.66e-21
4.84010764312 5.52e-21
4.84048556985 5.55e-21
4.84086355561 5.52e-21
4.8412416004 5.63e-21
4.84161970424 5.68e-21
4.84199786715 5.67e-21
4.84237608913 5.83e-21
4.84275437021 5.75e-21
4.8431327104 5.63e-21
4.8435111097 5.51e-21
4.84388956814 5.47e-21
4.84426808573 5.52e-21
4.84464666248 5.74e-21
4.84502529841 5.59e-21
4.84540399352 5.74e-21
4.84578274784 5.78e-21
4.84616156137 5.72e-21
4.84654043414 5.76e-21
4.84691936615 6.03e-21
4.84729835742 6.1e-21
4.84767740797 6.21e-21
4.8480565178 6.14e-21
4.84843568693 5.95e-21
4.84881491538 6.11e-21
4.84919420315 6.18e-21
4.84957355027 6.04e-21
4.84995295674 5.99e-21
4.85033242259 6.14e-21
4.85071194782 6.07e-21
4.85109153244 6.25e-21
4.85147117648 6.26e-21
4.85185087995 6.18e-21
4.85223064285 6.28e-21
4.85261046521 6.16e-21
4.85299034704 6.28e-21
4.85337028835 6.29e-21
4.85375028916 6.28e-21
4.85413034947 6.24e-21
4.85451046931 6.37e-21
4.85489064869 6.29e-21
4.85527088762 6.34e-21
4.85565118611 6.4e-21
4.85603154419 6.27e-21
4.85641196186 6.48e-21
4.85679243913 6.63e-21
4.85717297603 6.41e-21
4.85755357257 6.58e-21
4.85793422875 6.51e-21
4.8583149446 6.61e-21
4.85869572013 6.54e-21
4.85907655535 6.52e-21
4.85945745027 6.43e-21
4.85983840492 6.54e-21
4.86021941929 6.78e-21
4.86060049342 6.58e-21
4.86098162731 6.78e-21
4.86136282098 6.79e-21
4.86174407443 6.71e-21
4.86212538769 6.71e-21
4.86250676077 6.75e-21
4.86288819369 6.77e-21
4.86326968644 6.94e-21
4.86365123906 6.92e-21
4.86403285156 6.75e-21
4.86441452394 6.98e-21
4.86479625623 7.09e-21
4.86517804843 7.16e-21
4.86555990057 7.07e-21
4.86594181265 6.93e-21
4.86632378469 7.11e-21
4.8667058167 7.17e-21
4.8670879087 7.17e-21
4.8674700607 7.02e-21
4.86785227272 7.23e-21
4.86823454477 7.06e-21
4.86861687686 7.29e-21
4.86899926902 7.28e-21
4.86938172124 7.15e-21
4.86976423355 7.27e-21
4.87014680596 7.54e-21
4.87052943849 7.4e-21
4.87091213115 7.27e-21
4.87129488395 7.34e-21
4.8716776969 7.28e-21
4.87206057003 7.6e-21
4.87244350335 7.43e-21
4.87282649686 7.41e-21
4.87320955059 7.39e-21
4.87359266455 7.67e-21
4.87397583875 7.67e-21
4.87435907321 7.46e-21
4.87474236794 7.49e-21
4.87512572296 7.6e-21
4.87550913827 7.7e-21
4.8758926139 7.75e-21
4.87627614985 7.46e-21
4.87665974615 7.47e-21
4.87704340281 7.88e-21
4.87742711984 7.79e-21
4.87781089725 8.07e-21
4.87819473506 7.91e-21
4.87857863328 7.96e-21
4.87896259193 8.05e-21
4.87934661103 8.02e-21
4.87973069058 8.12e-21
4.8801148306 8.01e-21
4.88049903111 8.13e-21
4.88088329211 8.01e-21
4.88126761363 8.03e-21
4.88165199568 8.19e-21
4.88203643827 8.2e-21
4.88242094141 8.25e-21
4.88280550513 8.26e-21
4.88319012943 8.52e-21
4.88357481433 8.37e-21
4.88395955984 8.63e-21
4.88434436599 8.53e-21
4.88472923277 8.61e-21
4.88511416021 8.56e-21
4.88549914833 8.49e-21
4.88588419712 8.43e-21
4.88626930662 8.64e-21
4.88665447683 8.55e-21
4.88703970777 8.56e-21
4.88742499946 8.69e-21
4.8878103519 8.59e-21
4.88819576511 8.66e-21
4.88858123911 8.87e-21
4.8889667739 8.73e-21
4.88935236952 8.81e-21
4.88973802596 8.82e-21
4.89012374324 8.73e-21
4.89050952139 8.79e-21
4.8908953604 8.8e-21
4.8912812603 8.82e-21
4.89166722111 9.05e-21
4.89205324283 9.04e-21
4.89243932548 8.99e-21
4.89282546907 8.99e-21
4.89321167362 9.09e-21
4.89359793915 9.12e-21
4.89398426566 9.18e-21
4.89437065317 9.18e-21
4.89475710171 9.32e-21
4.89514361127 9.22e-21
4.89553018188 9.23e-21
4.89591681354 9.46e-21
4.89630350629 9.68e-21
4.89669026012 9.55e-21
4.89707707505 9.42e-21
4.89746395111 9.35e-21
4.89785088829 9.45e-21
4.89823788662 9.58e-21
4.89862494612 9.62e-21
4.89901206679 9.64e-21
4.89939924864 9.73e-21
4.89978649171 9.67e-21
4.90017379599 9.79e-21
4.90056116151 9.69e-21
4.90094858828 9.78e-21
4.9013360763 9.89e-21
4.90172362561 9.87e-21
4.90211123621 9.92e-21
4.90249890811 9.93e-21
4.90288664134 9.82e-21
4.9032744359 9.91e-21
4.90366229181 9.91e-21
4.90405020909 9.87e-21
4.90443818775 1.01e-20
4.9048262278 1.02e-20
4.90521432925 1.01e-20
4.90560249213 1.03e-20
4.90599071645 1.02e-20
4.90637900222 1.02e-20
4.90676734946 1.03e-20
4.90715575818 1.02e-20
4.9075442284 1.02e-20
4.90793276012 1.04e-20
4.90832135337 1.06e-20
4.90871000816 1.06e-20
4.90909872451 1.07e-20
4.90948750242 1.06e-20
4.90987634192 1.05e-20
4.91026524302 1.05e-20
4.91065420573 1.07e-20
4.91104323006 1.07e-20
4.91143231604 1.08e-20
4.91182146368 1.07e-20
4.91221067299 1.07e-20
4.91259994398 1.08e-20
4.91298927668 1.08e-20
4.91337867109 1.09e-20
4.91376812723 1.08e-20
4.91415764511 1.09e-20
4.91454722476 1.11e-20
4.91493686618 1.11e-20
4.91532656939 1.11e-20
4.9157163344 1.1e-20
4.91610616123 1.11e-20
4.91649604989 1.13e-20
4.9168860004 1.14e-20
4.91727601278 1.14e-20
4.91766608703 1.13e-20
4.91805622317 1.13e-20
4.91844642122 1.12e-20
4.9188366812 1.14e-20
4.9192270031 1.16e-20
4.91961738696 1.16e-20
4.92000783279 1.17e-20
4.92039834059 1.16e-20
4.92078891039 1.17e-20
4.9211795422 1.18e-20
4.92157023604 1.19e-20
4.92196099191 1.19e-20
4.92235180984 1.2e-20
4.92274268984 1.2e-20
4.92313363192 1.2e-20
4.9235246361 1.18e-20
4.92391570239 1.2e-20
4.92430683081 1.22e-20
4.92469802138 1.22e-20
4.9250892741 1.21e-20
4.925480589 1.21e-20
4.92587196608 1.22e-20
4.92626340536 1.22e-20
4.92665490687 1.23e-20
4.9270464706 1.24e-20
4.92743809658 1.24e-20
4.92782978483 1.25e-20
4.92822153534 1.25e-20
4.92861334816 1.25e-20
4.92900522327 1.25e-20
4.92939716071 1.26e-20
4.92978916049 1.25e-20
4.93018122261 1.27e-20
4.9305733471 1.28e-20
4.93096553397 1.28e-20
4.93135778324 1.29e-20
4.93175009492 1.31e-20
4.93214246902 1.33e-20
4.93253490556 1.31e-20
4.93292740456 1.28e-20
4.93331996603 1.32e-20
4.93371258998 1.3e-20
4.93410527643 1.31e-20
4.9344980254 1.31e-20
4.9348908369 1.32e-20
4.93528371094 1.33e-20
4.93567664754 1.34e-20
4.93606964672 1.33e-20
4.93646270848 1.35e-20
4.93685583285 1.36e-20
4.93724901984 1.37e-20
4.93764226946 1.35e-20
4.93803558174 1.37e-20
4.93842895667 1.36e-20
4.93882239429 1.37e-20
4.9392158946 1.39e-20
4.93960945762 1.38e-20
4.94000308336 1.39e-20
4.94039677184 1.4e-20
4.94079052308 1.4e-20
4.94118433709 1.42e-20
4.94157821388 1.42e-20
4.94197215347 1.44e-20
4.94236615587 1.42e-20
4.94276022111 1.42e-20
4.94315434918 1.43e-20
4.94354854012 1.42e-20
4.94394279393 1.43e-20
4.94433711063 1.44e-20
4.94473149024 1.46e-20
4.94512593276 1.45e-20
4.94552043822 1.45e-20
4.94591500663 1.46e-20
4.946309638 1.47e-20
4.94670433236 1.47e-20
4.94709908971 1.49e-20
4.94749391006 1.48e-20
4.94788879345 1.5e-20
4.94828373987 1.51e-20
4.94867874935 1.5e-20
4.9490738219 1.52e-20
4.94946895753 1.49e-20
4.94986415627 1.52e-20
4.95025941812 1.51e-20
4.9506547431 1.52e-20
4.95105013123 1.55e-20
4.95144558252 1.55e-20
4.95184109698 1.55e-20
4.95223667464 1.55e-20
4.9526323155 1.58e-20
4.95302801958 1.55e-20
4.9534237869 1.56e-20
4.95381961748 1.58e-20
4.95421551132 1.58e-20
4.95461146844 1.59e-20
4.95500748886 1.58e-20
4.95540357259 1.57e-20
4.95579971965 1.61e-20
4.95619593005 1.61e-20
4.95659220381 1.62e-20
4.95698854095 1.61e-20
4.95738494147 1.63e-20
4.9577814054 1.62e-20
4.95817793274 1.62e-20
4.95857452352 1.62e-20
4.95897117775 1.63e-20
4.95936789545 1.64e-20
4.95976467662 1.66e-20
4.96016152129 1.66e-20
4.96055842947 1.67e-20
4.96095540118 1.69e-20
4.96135243642 1.67e-20
4.96174953523 1.7e-20
4.9621466976 1.69e-20
4.96254392356 1.7e-20
4.96294121312 1.69e-20
4.9633385663 1.72e-20
4.96373598311 1.7e-20
4.96413346357 1.72e-20
4.9645310077 1.73e-20
4.9649286155 1.75e-20
4.96532628699 1.74e-20
4.9657240222 1.74e-20
4.96612182113 1.75e-20
4.96651968379 1.74e-20
4.96691761022 1.76e-20
4.96731560041 1.77e-20
4.96771365439 1.76e-20
4.96811177217 1.77e-20
4.96850995376 1.78e-20
4.96890819919 1.8e-20
4.96930650847 1.8e-20
4.9697048816 1.79e-20
4.97010331862 1.81e-20
4.97050181952 1.81e-20
4.97090038434 1.82e-20
4.97129901308 1.84e-20
4.97169770576 1.84e-20
4.97209646239 1.85e-20
4.972495283 1.84e-20
4.97289416758 1.85e-20
4.97329311617 1.85e-20
4.97369212878 1.87e-20
4.97409120542 1.86e-20
4.9744903461 1.87e-20
4.97488955085 1.89e-20
4.97528881967 1.91e-20
4.97568815259 1.93e-20
4.97608754962 1.94e-20
4.97648701077 1.9e-20
4.97688653606 1.91e-20
4.9772861255 1.94e-20
4.97768577912 1.93e-20
4.97808549692 1.94e-20
4.97848527892 1.93e-20
4.97888512514 1.97e-20
4.97928503559 1.97e-20
4.97968501029 1.96e-20
4.98008504925 2e-20
4.98048515249 1.98e-20
4.98088532003 1.98e-20
4.98128555188 1.99e-20
4.98168584805 2e-20
4.98208620856 2.02e-20
4.98248663343 2.03e-20
4.98288712267 2.01e-20
4.98328767629 2.03e-20
4.98368829432 2.05e-20
4.98408897677 2.06e-20
4.98448972366 2.06e-20
4.98489053499 2.08e-20
4.98529141078 2.08e-20
4.98569235106 2.09e-20
4.98609335584 2.08e-20
4.98649442512 2.1e-20
4.98689555893 2.09e-20
4.98729675729 2.09e-20
4.9876980202 2.1e-20
4.98809934769 2.11e-20
4.98850073977 2.14e-20
4.98890219645 2.16e-20
4.98930371775 2.16e-20
4.98970530369 2.17e-20
4.99010695429 2.14e-20
4.99050866955 2.14e-20
4.99091044949 2.16e-20
4.99131229413 2.18e-20
4.99171420349 2.2e-20
4.99211617757 2.2e-20
4.99251821641 2.2e-20
4.99292032 2.21e-20
4.99332248837 2.23e-20
4.99372472153 2.21e-20
4.9941270195 2.25e-20
4.9945293823 2.26e-20
4.99493180994 2.25e-20
4.99533430243 2.24e-20
4.99573685979 2.24e-20
4.99613948204 2.27e-20
4.99654216919 2.27e-20
4.99694492126 2.27e-20
4.99734773826 2.27e-20
4.99775062021 2.3e-20
4.99815356713 2.32e-20
4.99855657903 2.32e-20
4.99895965592 2.34e-20
4.99936279783 2.34e-20
4.99976600477 2.32e-20
5.00016927675 2.33e-20
5.00057261379 2.35e-20
5.0009760159 2.36e-20
5.00137948311 2.37e-20
5.00178301542 2.37e-20
5.00218661285 2.38e-20
5.00259027543 2.39e-20
5.00299400316 2.39e-20
5.00339779605 2.4e-20
5.00380165414 2.41e-20
5.00420557742 2.41e-20
5.00460956592 2.42e-20
5.00501361966 2.43e-20
5.00541773864 2.44e-20
5.00582192289 2.46e-20
5.00622617242 2.47e-20
5.00663048725 2.47e-20
5.00703486739 2.48e-20
5.00743931285 2.47e-20
5.00784382366 2.48e-20
5.00824839983 2.49e-20
5.00865304138 2.5e-20
5.00905774831 2.54e-20
5.00946252065 2.55e-20
5.00986735842 2.55e-20
5.01027226163 2.55e-20
5.01067723029 2.56e-20
5.01108226442 2.57e-20
5.01148736403 2.59e-20
5.01189252915 2.61e-20
5.01229775979 2.61e-20
5.01270305596 2.62e-20
5.01310841769 2.64e-20
5.01351384497 2.65e-20
5.01391933784 2.64e-20
5.01432489631 2.66e-20
5.01473052039 2.67e-20
5.0151362101 2.67e-20
5.01554196546 2.68e-20
5.01594778648 2.68e-20
5.01635367318 2.68e-20
5.01675962556 2.72e-20
5.01716564366 2.72e-20
5.01757172749 2.72e-20
5.01797787705 2.74e-20
5.01838409237 2.75e-20
5.01879037347 2.75e-20
5.01919672036 2.75e-20
5.01960313304 2.76e-20
5.02000961156 2.78e-20
5.0204161559 2.8e-20
5.02082276611 2.81e-20
5.02122944218 2.82e-20
5.02163618413 2.82e-20
5.02204299199 2.84e-20
5.02244986576 2.83e-20
5.02285680547 2.85e-20
5.02326381113 2.86e-20
5.02367088275 2.87e-20
5.02407802035 2.9e-20
5.02448522395 2.9e-20
5.02489249356 2.9e-20
5.02529982921 2.91e-20
5.0257072309 2.93e-20
5.02611469865 2.94e-20
5.02652223247 2.93e-20
5.0269298324 2.94e-20
5.02733749843 2.97e-20
5.02774523058 2.97e-20
5.02815302888 2.98e-20
5.02856089334 3e-20
5.02896882397 3.01e-20
5.02937682079 3.02e-20
5.02978488382 3.01e-20
5.03019301307 3.04e-20
5.03060120856 3.04e-20
5.03100947031 3.06e-20
5.03141779832 3.06e-20
5.03182619262 3.08e-20
5.03223465323 3.08e-20
5.03264318015 3.08e-20
5.03305177341 3.11e-20
5.03346043302 3.09e-20
5.033869159 3.12e-20
5.03427795136 3.15e-20
5.03468681013 3.14e-20
5.03509573531 3.16e-20
5.03550472692 3.18e-20
5.03591378498 3.19e-20
5.03632290951 3.2e-20
5.03673210051 3.2e-20
5.03714135802 3.22e-20
5.03755068203 3.22e-20
5.03796007258 3.22e-20
5.03836952967 3.26e-20
5.03877905333 3.24e-20
5.03918864356 3.25e-20
5.03959830039 3.24e-20
5.04000802383 3.25e-20
5.0404178139 3.3e-20
5.04082767061 3.3e-20
5.04123759397 3.3e-20
5.04164758402 3.31e-20
5.04205764076 3.33e-20
5.0424677642 3.33e-20
5.04287795437 3.35e-20
5.04328821128 3.36e-20
5.04369853495 3.39e-20
5.0441089254 3.39e-20
5.04451938263 3.4e-20
5.04492990667 3.4e-20
5.04534049753 3.41e-20
5.04575115523 3.42e-20
5.04616187978 3.43e-20
5.04657267121 3.46e-20
5.04698352952 3.46e-20
5.04739445474 3.5e-20
5.04780544688 3.5e-20
5.04821650595 3.5e-20
5.04862763198 3.52e-20
5.04903882498 3.55e-20
5.04945008496 3.56e-20
5.04986141195 3.59e-20
5.05027280596 3.58e-20
5.050684267 3.59e-20
5.05109579509 3.62e-20
5.05150739025 3.62e-20
5.05191905249 3.66e-20
5.05233078183 3.65e-20
5.0527425783 3.66e-20
5.05315444189 3.68e-20
5.05356637263 3.69e-20
5.05397837054 3.67e-20
5.05439043564 3.71e-20
5.05480256793 3.73e-20
5.05521476744 3.71e-20
5.05562703418 3.74e-20
5.05603936817 3.73e-20
5.05645176942 3.74e-20
5.05686423796 3.77e-20
5.05727677379 3.77e-20
5.05768937694 3.81e-20
5.05810204741 3.77e-20
5.05851478524 3.8e-20
5.05892759043 3.81e-20
5.059340463 3.82e-20
5.05975340296 3.85e-20
5.06016641034 3.86e-20
5.06057948515 3.84e-20
5.06099262741 3.87e-20
5.06140583712 3.9e-20
5.06181911432 3.92e-20
5.06223245902 3.9e-20
5.06264587122 3.9e-20
5.06305935096 3.91e-20
5.06347289824 3.93e-20
5.06388651308 3.95e-20
5.0643001955 3.98e-20
5.06471394552 3.99e-20
5.06512776314 3.98e-20
5.0655416484 4e-20
5.0659556013 4.02e-20
5.06636962186 4.03e-20
5.0667837101 4.02e-20
5.06719786604 4.02e-20
5.06761208968 4.02e-20
5.06802638106 4.05e-20
5.06844074018 4.04e-20
5.06885516706 4.08e-20
5.06926966171 4.1e-20
5.06968422417 4.11e-20
5.07009885443 4.11e-20
5.07051355252 4.13e-20
5.07092831845 4.13e-20
5.07134315225 4.15e-20
5.07175805392 4.14e-20
5.07217302349 4.17e-20
5.07258806097 4.17e-20
5.07300316638 4.2e-20
5.07341833973 4.2e-20
5.07383358104 4.2e-20
5.07424889033 4.24e-20
5.07466426761 4.23e-20
5.0750797129 4.24e-20
5.07549522622 4.29e-20
5.07591080759 4.29e-20
5.07632645702 4.3e-20
5.07674217452 4.3e-20
5.07715796012 4.34e-20
5.07757381383 4.33e-20
5.07798973567 4.34e-20
5.07840572566 4.36e-20
5.0788217838 4.36e-20
5.07923791013 4.37e-20
5.07965410465 4.39e-20
5.08007036738 4.42e-20
5.08048669834 4.43e-20
5.08090309754 4.41e-20
5.08131956501 4.44e-20
5.08173610075 4.44e-20
5.0821527048 4.5e-20
5.08256937715 4.51e-20
5.08298611783 4.52e-20
5.08340292686 4.53e-20
5.08381980426 4.54e-20
5.08423675003 4.56e-20
5.0846537642 4.58e-20
5.08507084678 4.62e-20
5.08548799779 4.62e-20
5.08590521725 4.65e-20
5.08632250518 4.7e-20
5.08673986158 4.69e-20
5.08715728648 4.7e-20
5.0875747799 4.72e-20
5.08799234185 4.73e-20
5.08840997235 4.74e-20
5.08882767141 4.79e-20
5.08924543905 4.79e-20
5.0896632753 4.81e-20
5.09008118015 4.82e-20
5.09049915365 4.83e-20
5.09091719579 4.86e-20
5.0913353066 4.86e-20
5.09175348609 4.91e-20
5.09217173428 4.91e-20
5.09259005119 4.91e-20
5.09300843683 4.94e-20
5.09342689123 4.95e-20
5.09384541439 4.95e-20
5.09426400634 4.97e-20
5.09468266709 5.01e-20
5.09510139666 5.03e-20
5.09552019506 5.03e-20
5.09593906232 5.04e-20
5.09635799845 5.06e-20
5.09677700346 5.07e-20
5.09719607738 5.1e-20
5.09761522022 5.1e-20
5.098034432 5.11e-20
5.09845371273 5.14e-20
5.09887306244 5.15e-20
5.09929248113 5.18e-20
5.09971196883 5.19e-20
5.10013152555 5.2e-20
5.10055115132 5.22e-20
5.10097084614 5.23e-20
5.10139061003 5.25e-20
5.10181044302 5.26e-20
5.10223034511 5.3e-20
5.10265031633 5.3e-20
5.10307035669 5.29e-20
5.10349046621 5.32e-20
5.10391064491 5.36e-20
5.1043308928 5.37e-20
5.10475120991 5.36e-20
5.10517159624 5.38e-20
5.10559205181 5.41e-20
5.10601257665 5.44e-20
5.10643317077 5.46e-20
5.10685383418 5.49e-20
5.10727456691 5.51e-20
5.10769536896 5.51e-20
5.10811624037 5.5e-20
5.10853718114 5.51e-20
5.10895819129 5.56e-20
5.10937927084 5.58e-20
5.10980041981 5.6e-20
5.11022163821 5.62e-20
5.11064292606 5.64e-20
5.11106428338 5.65e-20
5.11148571018 5.68e-20
5.11190720649 5.71e-20
5.11232877232 5.74e-20
5.11275040768 5.75e-20
5.1131721126 5.76e-20
5.11359388708 5.79e-20
5.11401573116 5.81e-20
5.11443764484 5.81e-20
5.11485962814 5.82e-20
5.11528168109 5.84e-20
5.11570380369 5.88e-20
5.11612599596 5.9e-20
5.11654825793 5.92e-20
5.11697058961 5.95e-20
5.11739299101 5.97e-20
5.11781546216 5.99e-20
5.11823800306 6e-20
5.11866061375 6.01e-20
5.11908329423 6.03e-20
5.11950604452 6.05e-20
5.11992886464 6.07e-20
5.12035175461 6.09e-20
5.12077471445 6.11e-20
5.12119774416 6.13e-20
5.12162084378 6.15e-20
5.12204401331 6.15e-20
5.12246725278 6.17e-20
5.12289056219 6.19e-20
5.12331394158 6.22e-20
5.12373739095 6.24e-20
5.12416091032 6.26e-20
5.12458449972 6.29e-20
5.12500815915 6.32e-20
5.12543188864 6.33e-20
5.1258556882 6.33e-20
5.12627955785 6.36e-20
5.12670349761 6.4e-20
5.12712750749 6.43e-20
5.12755158752 6.45e-20
5.1279757377 6.45e-20
5.12839995807 6.48e-20
5.12882424862 6.49e-20
5.12924860939 6.51e-20
5.12967304039 6.54e-20
5.13009754163 6.57e-20
5.13052211314 6.58e-20
5.13094675493 6.58e-20
5.13137146702 6.6e-20
5.13179624943 6.62e-20
5.13222110217 6.62e-20
5.13264602526 6.65e-20
5.13307101872 6.67e-20
5.13349608257 6.68e-20
5.13392121682 6.7e-20
5.13434642149 6.72e-20
5.1347716966 6.75e-20
5.13519704217 6.75e-20
5.13562245821 6.74e-20
5.13604794475 6.8e-20
5.13647350179 6.82e-20
5.13689912936 6.83e-20
5.13732482747 6.87e-20
5.13775059615 6.89e-20
5.1381764354 6.89e-20
5.13860234525 6.92e-20
5.13902832572 6.95e-20
5.13945437681 6.96e-20
5.13988049856 6.98e-20
5.14030669097 7.01e-20
5.14073295407 7.05e-20
5.14115928787 7.04e-20
5.14158569239 7.07e-20
5.14201216764 7.09e-20
5.14243871365 7.09e-20
5.14286533044 7.1e-20
5.14329201801 7.12e-20
5.14371877639 7.16e-20
5.1441456056 7.17e-20
5.14457250565 7.19e-20
5.14499947656 7.22e-20
5.14542651835 7.24e-20
5.14585363104 7.24e-20
5.14628081464 7.25e-20
5.14670806917 7.27e-20
5.14713539465 7.27e-20
5.14756279109 7.3e-20
5.14799025852 7.34e-20
5.14841779695 7.32e-20
5.1488454064 7.34e-20
5.14927308689 7.37e-20
5.14970083844 7.38e-20
5.15012866105 7.41e-20
5.15055655476 7.45e-20
5.15098451958 7.45e-20
5.15141255552 7.46e-20
5.1518406626 7.49e-20
5.15226884085 7.52e-20
5.15269709028 7.56e-20
5.1531254109 7.57e-20
5.15355380274 7.58e-20
5.15398226581 7.6e-20
5.15441080013 7.62e-20
5.15483940571 7.62e-20
5.15526808259 7.66e-20
5.15569683076 7.63e-20
5.15612565026 7.69e-20
5.1565545411 7.7e-20
5.15698350329 7.69e-20
5.15741253686 7.71e-20
5.15784164183 7.76e-20
5.1582708182 7.76e-20
5.158700066 7.78e-20
5.15912938525 7.8e-20
5.15955877596 7.83e-20
5.15998823815 7.8e-20
5.16041777184 7.84e-20
5.16084737705 7.84e-20
5.16127705379 7.88e-20
5.16170680209 7.92e-20
5.16213662196 7.93e-20
5.16256651342 7.96e-20
5.16299647648 7.98e-20
5.16342651117 8.01e-20
5.1638566175 8.03e-20
5.16428679549 8.08e-20
5.16471704516 8.1e-20
5.16514736653 8.1e-20
5.16557775961 8.13e-20
5.16600822443 8.14e-20
5.16643876099 8.2e-20
5.16686936932 8.19e-20
5.16730004944 8.26e-20
5.16773080136 8.23e-20
5.1681616251 8.29e-20
5.16859252069 8.3e-20
5.16902348813 8.32e-20
5.16945452744 8.34e-20
5.16988563865 8.34e-20
5.17031682178 8.37e-20
5.17074807683 8.38e-20
5.17117940383 8.4e-20
5.1716108028 8.42e-20
5.17204227374 8.46e-20
5.1724738167 8.48e-20
5.17290543167 8.51e-20
5.17333711868 8.5e-20
5.17376887774 8.52e-20
5.17420070888 8.56e-20
5.17463261211 8.55e-20
5.17506458745 8.58e-20
5.17549663492 8.6e-20
5.17592875454 8.64e-20
5.17636094632 8.67e-20
5.17679321028 8.7e-20
5.17722554644 8.72e-20
5.17765795482 8.71e-20
5.17809043544 8.74e-20
5.17852298831 8.78e-20
5.17895561346 8.83e-20
5.1793883109 8.82e-20
5.17982108064 8.85e-20
5.18025392271 8.87e-20
5.18068683713 8.89e-20
5.18111982391 8.94e-20
5.18155288307 8.98e-20
5.18198601464 8.99e-20
5.18241921862 9e-20
5.18285249503 9.04e-20
5.18328584391 9.05e-20
5.18371926525 9.11e-20
5.18415275908 9.12e-20
5.18458632542 9.15e-20
5.18501996429 9.15e-20
5.18545367571 9.2e-20
5.18588745969 9.24e-20
5.18632131625 9.29e-20
5.18675524541 9.27e-20
5.18718924718 9.33e-20
5.1876233216 9.34e-20
5.18805746867 9.38e-20
5.18849168841 9.44e-20
5.18892598084 9.48e-20
5.18936034598 9.51e-20
5.18979478385 9.53e-20
5.19022929447 9.59e-20
5.19066387785 9.58e-20
5.19109853401 9.6e-20
5.19153326297 9.64e-20
5.19196806475 9.66e-20
5.19240293937 9.69e-20
5.19283788684 9.74e-20
5.19327290719 9.76e-20
5.19370800043 9.78e-20
5.19414316658 9.81e-20
5.19457840566 9.83e-20
5.19501371768 9.87e-20
5.19544910267 9.91e-20
5.19588456065 9.92e-20
5.19632009163 9.93e-20
5.19675569562 9.98e-20
5.19719137266 9.99e-20
5.19762712276 1e-19
5.19806294593 1e-19
5.19849884219 1.01e-19
5.19893481157 1.01e-19
5.19937085407 1.01e-19
5.19980696973 1.01e-19
5.20024315855 1.02e-19
5.20067942056 1.02e-19
5.20111575578 1.02e-19
5.20155216421 1.02e-19
5.20198864589 1.03e-19
5.20242520083 1.03e-19
5.20286182905 1.04e-19
5.20329853056 1.04e-19
5.20373530539 1.04e-19
5.20417215355 1.05e-19
5.20460907507 1.05e-19
5.20504606995 1.05e-19
5.20548313822 1.06e-19
5.2059202799 1.06e-19
5.20635749501 1.06e-19
5.20679478356 1.07e-19
5.20723214558 1.07e-19
5.20766958107 1.08e-19
5.20810709007 1.08e-19
5.20854467258 1.08e-19
5.20898232864 1.08e-19
5.20942005824 1.09e-19
5.20985786143 1.09e-19
5.2102957382 1.09e-19
5.21073368859 1.09e-19
5.2111717126 1.1e-19
5.21160981027 1.1e-19
5.2120479816 1.1e-19
5.21248622661 1.11e-19
5.21292454533 1.11e-19
5.21336293778 1.11e-19
5.21380140396 1.12e-19
5.21423994391 1.12e-19
5.21467855763 1.12e-19
5.21511724515 1.12e-19
5.21555600649 1.13e-19
5.21599484166 1.13e-19
5.21643375068 1.14e-19
5.21687273358 1.14e-19
5.21731179036 1.14e-19
5.21775092106 1.14e-19
5.21819012568 1.15e-19
5.21862940425 1.15e-19
5.21906875679 1.15e-19
5.2195081833 1.15e-19
5.21994768382 1.16e-19
5.22038725837 1.16e-19
5.22082690695 1.16e-19
5.22126662959 1.16e-19
5.22170642631 1.17e-19
5.22214629712 1.17e-19
5.22258624205 1.17e-19
5.22302626111 1.18e-19
5.22346635432 1.18e-19
5.22390652171 1.18e-19
5.22434676328 1.18e-19
5.22478707906 1.18e-19
5.22522746907 1.19e-19
5.22566793333 1.19e-19
5.22610847185 1.19e-19
5.22654908466 1.19e-19
5.22698977176 1.2e-19
5.22743053319 1.2e-19
5.22787136896 1.21e-19
5.22831227908 1.21e-19
5.22875326359 1.21e-19
5.22919432249 1.22e-19
5.2296354558 1.22e-19
5.23007666355 1.22e-19
5.23051794576 1.22e-19
5.23095930243 1.23e-19
5.2314007336 1.23e-19
5.23184223927 1.23e-19
5.23228381947 1.24e-19
5.23272547422 1.24e-19
5.23316720354 1.24e-19
5.23360900744 1.24e-19
5.23405088594 1.25e-19
5.23449283907 1.25e-19
5.23493486684 1.25e-19
5.23537696927 1.25e-19
5.23581914638 1.25e-19
5.23626139818 1.25e-19
5.23670372471 1.26e-19
5.23714612597 1.26e-19
5.23758860199 1.26e-19
5.23803115278 1.26e-19
5.23847377836 1.27e-19
5.23891647875 1.27e-19
5.23935925398 1.27e-19
5.23980210406 1.27e-19
5.240245029 1.28e-19
5.24068802884 1.28e-19
5.24113110358 1.28e-19
5.24157425324 1.29e-19
5.24201747785 1.29e-19
5.24246077743 1.29e-19
5.24290415199 1.29e-19
5.24334760155 1.3e-19
5.24379112613 1.3e-19
5.24423472575 1.31e-19
5.24467840043 1.31e-19
5.24512215019 1.32e-19
5.24556597505 1.32e-19
5.24600987502 1.32e-19
5.24645385013 1.33e-19
5.24689790039 1.33e-19
5.24734202583 1.34e-19
5.24778622645 1.35e-19
5.24823050229 1.35e-19
5.24867485337 1.36e-19
5.24911927969 1.36e-19
5.24956378128 1.37e-19
5.25000835816 1.37e-19
5.25045301034 1.37e-19
5.25089773785 1.37e-19
5.25134254071 1.38e-19
5.25178741893 1.38e-19
5.25223237254 1.38e-19
5.25267740155 1.38e-19
5.25312250598 1.39e-19
5.25356768586 1.39e-19
5.25401294119 1.38e-19
5.254458272 1.38e-19
5.25490367832 1.38e-19
5.25534916015 1.39e-19
5.25579471752 1.39e-19
5.25624035044 1.39e-19
5.25668605894 1.39e-19
5.25713184304 1.39e-19
5.25757770275 1.4e-19
5.25802363809 1.4e-19
5.25846964909 1.4e-19
5.25891573576 1.4e-19
5.25936189812 1.4e-19
5.25980813619 1.41e-19
5.26025444999 1.41e-19
5.26070083954 1.41e-19
5.26114730485 1.41e-19
5.26159384596 1.42e-19
5.26204046287 1.42e-19
5.26248715561 1.42e-19
5.2629339242 1.42e-19
5.26338076865 1.42e-19
5.26382768898 1.43e-19
5.26427468522 1.43e-19
5.26472175738 1.43e-19
5.26516890548 1.44e-19
5.26561612954 1.44e-19
5.26606342959 1.44e-19
5.26651080563 1.44e-19
5.2669582577 1.45e-19
5.2674057858 1.45e-19
5.26785338996 1.45e-19
5.26830107021 1.46e-19
5.26874882654 1.46e-19
5.269196659 1.46e-19
5.26964456759 1.47e-19
5.27009255233 1.47e-19
5.27054061325 1.47e-19
5.27098875037 1.48e-19
5.2714369637 1.48e-19
5.27188525326 1.48e-19
5.27233361908 1.49e-19
5.27278206116 1.49e-19
5.27323057954 1.49e-19
5.27367917423 1.49e-19
5.27412784525 1.5e-19
5.27457659262 1.5e-19
5.27502541636 1.5e-19
5.27547431649 1.5e-19
5.27592329303 1.51e-19
5.276372346 1.51e-19
5.27682147541 1.51e-19
5.27727068129 1.52e-19
5.27771996366 1.52e-19
5.27816932253 1.52e-19
5.27861875793 1.52e-19
5.27906826987 1.52e-19
5.27951785838 1.53e-19
5.27996752347 1.53e-19
5.28041726517 1.53e-19
5.28086708349 1.54e-19
5.28131697845 1.54e-19
5.28176695008 1.54e-19
5.28221699839 1.55e-19
5.2826671234 1.55e-19
5.28311732513 1.55e-19
5.28356760361 1.56e-19
5.28401795884 1.56e-19
5.28446839085 1.56e-19
5.28491889967 1.57e-19
5.2853694853 1.57e-19
5.28582014777 1.57e-19
5.28627088711 1.58e-19
5.28672170332 1.58e-19
5.28717259643 1.59e-19
5.28762356645 1.59e-19
5.28807461342 1.6e-19
5.28852573734 1.6e-19
5.28897693824 1.61e-19
5.28942821614 1.61e-19
5.28987957105 1.62e-19
5.290331003 1.63e-19
5.290782512 1.64e-19
5.29123409808 1.65e-19
5.29168576126 1.66e-19
5.29213750155 1.67e-19
5.29258931897 1.68e-19
5.29304121355 1.68e-19
5.2934931853 1.7e-19
5.29394523425 1.71e-19
5.29439736042 1.71e-19
5.29484956381 1.72e-19
5.29530184446 1.73e-19
5.29575420238 1.73e-19
5.2962066376 1.74e-19
5.29665915013 1.74e-19
5.29711173999 1.74e-19
5.2975644072 1.75e-19
5.29801715179 1.75e-19
5.29846997377 1.74e-19
5.29892287316 1.74e-19
5.29937584998 1.75e-19
5.29982890426 1.74e-19
5.300282036 1.74e-19
5.30073524524 1.75e-19
5.30118853199 1.75e-19
5.30164189627 1.75e-19
5.3020953381 1.75e-19
5.30254885751 1.76e-19
5.3030024545 1.76e-19
5.3034561291 1.76e-19
5.30390988134 1.76e-19
5.30436371123 1.77e-19
5.30481761878 1.77e-19
5.30527160403 1.77e-19
5.30572566699 1.77e-19
5.30617980768 1.78e-19
5.30663402612 1.78e-19
5.30708832233 1.79e-19
5.30754269633 1.79e-19
5.30799714814 1.79e-19
5.30845167778 1.79e-19
5.30890628527 1.79e-19
5.30936097063 1.8e-19
5.30981573388 1.8e-19
5.31027057505 1.8e-19
5.31072549414 1.81e-19
5.31118049118 1.81e-19
5.3116355662 1.82e-19
5.3120907192 1.82e-19
5.31254595022 1.83e-19
5.31300125927 1.83e-19
5.31345664636 1.84e-19
5.31391211153 1.84e-19
5.31436765479 1.85e-19
5.31482327616 1.85e-19
5.31527897566 1.86e-19
5.31573475331 1.86e-19
5.31619060913 1.87e-19
5.31664654315 1.87e-19
5.31710255537 1.88e-19
5.31755864583 1.88e-19
5.31801481454 1.88e-19
5.31847106152 1.88e-19
5.3189273868 1.89e-19
5.31938379038 1.89e-19
5.3198402723 1.89e-19
5.32029683257 1.89e-19
5.32075347121 1.9e-19
5.32121018825 1.9e-19
5.3216669837 1.9e-19
5.32212385758 1.9e-19
5.32258080992 1.91e-19
5.32303784073 1.91e-19
5.32349495003 1.91e-19
5.32395213785 1.91e-19
5.3244094042 1.91e-19
5.32486674911 1.91e-19
5.32532417259 1.92e-19
5.32578167467 1.92e-19
5.32623925536 1.92e-19
5.32669691469 1.92e-19
5.32715465267 1.92e-19
5.32761246933 1.93e-19
5.32807036468 1.93e-19
5.32852833876 1.93e-19
5.32898639157 1.94e-19
5.32944452313 1.94e-19
5.32990273348 1.95e-19
5.33036102262 1.95e-19
5.33081939058 1.95e-19
5.33127783738 1.96e-19
5.33173636304 1.97e-19
5.33219496758 1.97e-19
5.33265365102 1.98e-19
5.33311241338 1.99e-19
5.33357125468 2e-19
5.33403017494 2e-19
5.33448917418 2.01e-19
5.33494825242 2.02e-19
5.33540740968 2.03e-19
5.33586664599 2.04e-19
5.33632596136 2.05e-19
5.33678535581 2.06e-19
5.33724482937 2.06e-19
5.33770438205 2.06e-19
5.33816401387 2.07e-19
5.33862372486 2.07e-19
5.33908351504 2.07e-19
5.33954338442 2.07e-19
5.34000333303 2.06e-19
5.34046336088 2.06e-19
5.340923468 2.06e-19
5.34138365441 2.06e-19
5.34184392013 2.06e-19
5.34230426518 2.06e-19
5.34276468957 2.06e-19
5.34322519334 2.06e-19
5.34368577649 2.05e-19
5.34414643906 2.05e-19
5.34460718106 2.05e-19
5.34506800251 2.05e-19
5.34552890343 2.05e-19
5.34598988385 2.06e-19
5.34645094378 2.06e-19
5.34691208324 2.06e-19
5.34737330226 2.06e-19
5.34783460085 2.06e-19
5.34829597904 2.06e-19
5.34875743685 2.06e-19
5.34921897429 2.06e-19
5.3496805914 2.07e-19
5.35014228818 2.07e-19
5.35060406466 2.07e-19
5.35106592085 2.08e-19
5.35152785679 2.08e-19
5.35198987249 2.08e-19
5.35245196798 2.08e-19
5.35291414326 2.08e-19
5.35337639837 2.09e-19
5.35383873332 2.09e-19
5.35430114813 2.09e-19
5.35476364284 2.09e-19
5.35522621744 2.09e-19
5.35568887197 2.1e-19
5.35615160645 2.1e-19
5.3566144209 2.1e-19
5.35707731534 2.11e-19
5.35754028979 2.11e-19
5.35800334426 2.11e-19
5.35846647879 2.11e-19
5.35892969339 2.12e-19
5.35939298808 2.12e-19
5.35985636288 2.12e-19
5.36031981782 2.12e-19
5.36078335291 2.12e-19
5.36124696818 2.13e-19
5.36171066365 2.12e-19
5.36217443933 2.13e-19
5.36263829525 2.13e-19
5.36310223143 2.13e-19
5.36356624789 2.13e-19
5.36403034465 2.13e-19
5.36449452173 2.13e-19
5.36495877915 2.14e-19
5.36542311694 2.14e-19
5.36588753511 2.14e-19
5.36635203368 2.14e-19
5.36681661268 2.15e-19
5.36728127213 2.15e-19
5.36774601204 2.15e-19
5.36821083245 2.15e-19
5.36867573336 2.15e-19
5.3691407148 2.15e-19
5.3696057768 2.15e-19
5.37007091936 2.16e-19
5.37053614252 2.16e-19
5.37100144629 2.17e-19
5.3714668307 2.17e-19
5.37193229576 2.18e-19
5.3723978415 2.18e-19
5.37286346794 2.18e-19
5.3733291751 2.19e-19
5.37379496299 2.2e-19
5.37426083165 2.21e-19
5.37472678109 2.23e-19
5.37519281133 2.24e-19
5.3756589224 2.25e-19
5.37612511431 2.27e-19
5.37659138709 2.28e-19
5.37705774075 2.3e-19
5.37752417532 2.33e-19
5.37799069082 2.35e-19
5.37845728727 2.37e-19
5.37892396469 2.38e-19
5.37939072311 2.4e-19
5.37985756254 2.41e-19
5.380324483 2.42e-19
5.38079148452 2.43e-19
5.38125856711 2.43e-19
5.3817257308 2.43e-19
5.38219297561 2.43e-19
5.38266030156 2.43e-19
5.38312770868 2.42e-19
5.38359519697 2.42e-19
5.38406276647 2.41e-19
5.38453041719 2.41e-19
5.38499814916 2.4e-19
5.38546596239 2.4e-19
5.38593385692 2.39e-19
5.38640183275 2.39e-19
5.38686988991 2.39e-19
5.38733802843 2.39e-19
5.38780624831 2.38e-19
5.3882745496 2.39e-19
5.38874293229 2.38e-19
5.38921139643 2.38e-19
5.38967994202 2.38e-19
5.39014856909 2.38e-19
5.39061727766 2.38e-19
5.39108606775 2.38e-19
5.39155493939 2.38e-19
5.39202389259 2.38e-19
5.39249292738 2.38e-19
5.39296204377 2.38e-19
5.39343124179 2.38e-19
5.39390052146 2.38e-19
5.3943698828 2.39e-19
5.39483932583 2.39e-19
5.39530885057 2.39e-19
5.39577845705 2.39e-19
5.39624814529 2.4e-19
5.3967179153 2.41e-19
5.39718776712 2.41e-19
5.39765770075 2.42e-19
5.39812771622 2.42e-19
5.39859781356 2.43e-19
5.39906799278 2.44e-19
5.39953825391 2.45e-19
5.40000859696 2.46e-19
5.40047902196 2.47e-19
5.40094952893 2.48e-19
5.4014201179 2.49e-19
5.40189078887 2.5e-19
5.40236154188 2.5e-19
5.40283237695 2.5e-19
5.40330329409 2.51e-19
5.40377429333 2.51e-19
5.40424537469 2.5e-19
5.4047165382 2.51e-19
5.40518778386 2.51e-19
5.40565911171 2.51e-19
5.40613052177 2.51e-19
5.40660201405 2.52e-19
5.40707358858 2.52e-19
5.40754524539 2.52e-19
5.40801698448 2.53e-19
5.40848880589 2.53e-19
5.40896070963 2.53e-19
5.40943269573 2.54e-19
5.40990476421 2.54e-19
5.41037691509 2.54e-19
5.41084914839 2.54e-19
5.41132146413 2.54e-19
5.41179386234 2.55e-19
5.41226634303 2.55e-19
5.41273890623 2.55e-19
5.41321155197 2.55e-19
5.41368428025 2.55e-19
5.4141570911 2.55e-19
5.41462998455 2.55e-19
5.41510296061 2.55e-19
5.41557601932 2.55e-19
5.41604916068 2.55e-19
5.41652238472 2.55e-19
5.41699569146 2.55e-19
5.41746908093 2.55e-19
5.41794255315 2.55e-19
5.41841610813 2.55e-19
5.4188897459 2.56e-19
5.41936346648 2.56e-19
5.4198372699 2.57e-19
5.42031115617 2.57e-19
5.42078512532 2.57e-19
5.42125917736 2.58e-19
5.42173331232 2.59e-19
5.42220753023 2.59e-19
5.4226818311 2.6e-19
5.42315621495 2.61e-19
5.42363068181 2.62e-19
5.4241052317 2.63e-19
5.42457986464 2.63e-19
5.42505458065 2.64e-19
5.42552937976 2.64e-19
5.42600426198 2.65e-19
5.42647922734 2.65e-19
5.42695427586 2.65e-19
5.42742940756 2.65e-19
5.42790462246 2.66e-19
5.42837992059 2.66e-19
5.42885530196 2.66e-19
5.42933076661 2.66e-19
5.42980631454 2.66e-19
5.43028194579 2.66e-19
5.43075766037 2.66e-19
5.43123345831 2.66e-19
5.43170933962 2.66e-19
5.43218530434 2.65e-19
5.43266135248 2.64e-19
5.43313748406 2.63e-19
5.43361369911 2.63e-19
5.43408999764 2.63e-19
5.43456637969 2.63e-19
5.43504284527 2.62e-19
5.4355193944 2.63e-19
5.4359960271 2.63e-19
5.43647274341 2.63e-19
5.43694954333 2.63e-19
5.4374264269 2.64e-19
5.43790339413 2.64e-19
5.43838044505 2.64e-19
5.43885757967 2.65e-19
5.43933479803 2.65e-19
5.43981210013 2.65e-19
5.44028948601 2.65e-19
5.44076695569 2.66e-19
5.44124450918 2.66e-19
5.44172214652 2.66e-19
5.44219986771 2.66e-19
5.44267767279 2.66e-19
5.44315556178 2.66e-19
5.44363353469 2.66e-19
5.44411159156 2.66e-19
5.4445897324 2.66e-19
5.44506795723 2.66e-19
5.44554626608 2.67e-19
5.44602465897 2.66e-19
5.44650313593 2.66e-19
5.44698169696 2.66e-19
5.4474603421 2.65e-19
5.44793907137 2.65e-19
5.44841788479 2.65e-19
5.44889678238 2.65e-19
5.44937576416 2.65e-19
5.44985483016 2.65e-19
5.4503339804 2.65e-19
5.4508132149 2.64e-19
5.45129253369 2.64e-19
5.45177193678 2.64e-19
5.4522514242 2.64e-19
5.45273099596 2.65e-19
5.4532106521 2.65e-19
5.45369039264 2.65e-19
5.45417021759 2.65e-19
5.45465012698 2.65e-19
5.45513012083 2.65e-19
5.45561019916 2.66e-19
5.45609036201 2.66e-19
5.45657060937 2.66e-19
5.45705094129 2.67e-19
5.45753135779 2.68e-19
5.45801185888 2.7e-19
5.45849244458 2.71e-19
5.45897311493 2.73e-19
5.45945386993 2.74e-19
5.45993470963 2.77e-19
5.46041563403 2.79e-19
5.46089664316 2.82e-19
5.46137773704 2.85e-19
5.46185891569 2.87e-19
5.46234017914 2.9e-19
5.46282152741 2.93e-19
5.46330296053 2.95e-19
5.4637844785 2.97e-19
5.46426608137 2.98e-19
5.46474776914 2.99e-19
5.46522954184 2.99e-19
5.4657113995 2.98e-19
5.46619334213 2.98e-19
5.46667536976 2.96e-19
5.46715748242 2.95e-19
5.46763968011 2.94e-19
5.46812196287 2.93e-19
5.46860433073 2.92e-19
5.46908678369 2.91e-19
5.46956932178 2.9e-19
5.47005194504 2.89e-19
5.47053465347 2.88e-19
5.4710174471 2.87e-19
5.47150032596 2.87e-19
5.47198329006 2.86e-19
5.47246633943 2.85e-19
5.4729494741 2.85e-19
5.47343269408 2.85e-19
5.47391599939 2.84e-19
5.47439939007 2.84e-19
5.47488286612 2.83e-19
5.47536642758 2.83e-19
5.47585007447 2.82e-19
5.47633380681 2.82e-19
5.47681762462 2.82e-19
5.47730152793 2.81e-19
5.47778551675 2.81e-19
5.47826959112 2.81e-19
5.47875375105 2.8e-19
5.47923799656 2.8e-19
5.47972232769 2.8e-19
5.48020674444 2.8e-19
5.48069124685 2.8e-19
5.48117583493 2.8e-19
5.48166050872 2.8e-19
5.48214526823 2.8e-19
5.48263011348 2.8e-19
5.4831150445 2.81e-19
5.48360006131 2.81e-19
5.48408516393 2.81e-19
5.48457035239 2.82e-19
5.48505562671 2.82e-19
5.48554098691 2.83e-19
5.48602643302 2.84e-19
5.48651196505 2.85e-19
5.48699758303 2.86e-19
5.48748328699 2.87e-19
5.48796907694 2.88e-19
5.48845495291 2.89e-19
5.48894091492 2.91e-19
5.489426963 2.92e-19
5.48991309716 2.93e-19
5.49039931743 2.93e-19
5.49088562384 2.94e-19
5.4913720164 2.94e-19
5.49185849514 2.94e-19
5.49234506008 2.93e-19
5.49283171124 2.93e-19
5.49331844866 2.93e-19
5.49380527234 2.93e-19
5.49429218232 2.93e-19
5.49477917861 2.92e-19
5.49526626124 2.92e-19
5.49575343024 2.91e-19
5.49624068562 2.92e-19
5.49672802741 2.92e-19
5.49721545563 2.91e-19
5.4977029703 2.91e-19
5.49819057145 2.91e-19
5.4986782591 2.91e-19
5.49916603327 2.91e-19
5.49965389399 2.91e-19
5.50014184128 2.91e-19
5.50062987516 2.91e-19
5.50111799566 2.91e-19
5.5016062028 2.9e-19
5.50209449659 2.9e-19
5.50258287707 2.89e-19
5.50307134426 2.88e-19
5.50355989818 2.88e-19
5.50404853885 2.87e-19
5.5045372663 2.87e-19
5.50502608055 2.87e-19
5.50551498163 2.88e-19
5.50600396954 2.87e-19
5.50649304433 2.88e-19
5.50698220601 2.88e-19
5.50747145461 2.89e-19
5.50796079015 2.89e-19
5.50845021264 2.9e-19
5.50893972213 2.91e-19
5.50942931862 2.91e-19
5.50991900214 2.92e-19
5.51040877272 2.93e-19
5.51089863038 2.93e-19
5.51138857513 2.93e-19
5.51187860702 2.94e-19
5.51236872605 2.95e-19
5.51285893225 2.95e-19
5.51334922564 2.95e-19
5.51383960625 2.96e-19
5.51433007411 2.95e-19
5.51482062922 2.96e-19
5.51531127163 2.96e-19
5.51580200134 2.96e-19
5.51629281839 2.97e-19
5.5167837228 2.97e-19
5.51727471459 2.97e-19
5.51776579378 2.98e-19
5.5182569604 2.98e-19
5.51874821447 2.99e-19
5.51923955601 2.99e-19
5.51973098505 2.99e-19
5.52022250161 2.98e-19
5.52071410572 2.97e-19
5.52120579739 2.96e-19
5.52169757665 2.94e-19
5.52218944353 2.93e-19
5.52268139805 2.93e-19
5.52317344023 2.92e-19
5.52366557009 2.92e-19
5.52415778766 2.93e-19
5.52465009296 2.93e-19
5.52514248602 2.93e-19
5.52563496685 2.93e-19
5.52612753549 2.93e-19
5.52662019195 2.94e-19
5.52711293626 2.95e-19
5.52760576844 2.95e-19
5.52809868852 2.96e-19
5.52859169652 2.96e-19
5.52908479246 2.97e-19
5.52957797637 2.97e-19
5.53007124827 2.98e-19
5.53056460818 2.98e-19
5.53105805613 2.99e-19
5.53155159214 2.99e-19
5.53204521623 2.98e-19
5.53253892843 2.99e-19
5.53303272877 2.98e-19
5.53352661725 2.98e-19
5.53402059392 2.97e-19
5.53451465879 2.97e-19
5.53500881188 2.96e-19
5.53550305323 2.95e-19
5.53599738285 2.95e-19
5.53649180076 2.94e-19
5.53698630699 2.94e-19
5.53748090157 2.93e-19
5.53797558452 2.93e-19
5.53847035586 2.93e-19
5.53896521561 2.93e-19
5.5394601638 2.92e-19
5.53995520046 2.92e-19
5.5404503256 2.93e-19
5.54094553925 2.93e-19
5.54144084143 2.94e-19
5.54193623217 2.94e-19
5.5424317115 2.95e-19
5.54292727943 2.97e-19
5.54342293598 2.98e-19
5.54391868119 3e-19
5.54441451508 3.03e-19
5.54491043767 3.05e-19
5.54540644898 3.08e-19
5.54590254903 3.1e-19
5.54639873786 3.12e-19
5.54689501549 3.14e-19
5.54739138193 3.16e-19
5.54788783722 3.17e-19
5.54838438138 3.17e-19
5.54888101442 3.18e-19
5.54937773638 3.17e-19
5.54987454728 3.17e-19
5.55037144714 3.16e-19
5.55086843599 3.15e-19
5.55136551384 3.14e-19
5.55186268074 3.13e-19
5.55235993669 3.13e-19
5.55285728172 3.12e-19
5.55335471586 3.11e-19
5.55385223912 3.1e-19
5.55434985155 3.09e-19
5.55484755315 3.08e-19
5.55534534395 3.07e-19
5.55584322397 3.07e-19
5.55634119325 3.06e-19
5.5568392518 3.05e-19
5.55733739965 3.04e-19
5.55783563682 3.03e-19
5.55833396334 3.02e-19
5.55883237922 3.02e-19
5.5593308845 3.01e-19
5.5598294792 3e-19
5.56032816334 3e-19
5.56082693695 2.99e-19
5.56132580005 2.98e-19
5.56182475266 2.97e-19
5.56232379481 2.97e-19
5.56282292652 2.96e-19
5.56332214782 2.95e-19
5.56382145872 2.95e-19
5.56432085927 2.94e-19
5.56482034947 2.94e-19
5.56531992936 2.93e-19
5.56581959895 2.92e-19
5.56631935827 2.92e-19
5.56681920735 2.92e-19
5.56731914622 2.91e-19
5.56781917488 2.91e-19
5.56831929337 2.9e-19
5.56881950172 2.9e-19
5.56931979994 2.9e-19
5.56982018806 2.9e-19
5.57032066611 2.9e-19
5.5708212341 2.89e-19
5.57132189207 2.89e-19
5.57182264004 2.89e-19
5.57232347803 2.89e-19
5.57282440607 2.89e-19
5.57332542418 2.88e-19
5.57382653238 2.89e-19
5.5743277307 2.89e-19
5.57482901916 2.89e-19
5.5753303978 2.9e-19
5.57583186662 2.91e-19
5.57633342566 2.91e-19
5.57683507495 2.92e-19
5.57733681449 2.93e-19
5.57783864433 2.93e-19
5.57834056448 2.93e-19
5.57884257497 2.93e-19
5.57934467583 2.93e-19
5.57984686707 2.93e-19
5.58034914872 2.93e-19
5.58085152081 2.93e-19
5.58135398335 2.94e-19
5.58185653639 2.94e-19
5.58235917993 2.94e-19
5.582861914 2.94e-19
5.58336473864 2.94e-19
5.58386765386 2.93e-19
5.58437065968 2.93e-19
5.58487375614 2.94e-19
5.58537694325 2.94e-19
5.58588022104 2.94e-19
5.58638358954 2.94e-19
5.58688704877 2.94e-19
5.58739059875 2.94e-19
5.58789423951 2.94e-19
5.58839797107 2.94e-19
5.58890179346 2.94e-19
5.58940570671 2.94e-19
5.58990971083 2.93e-19
5.59041380585 2.92e-19
5.5909179918 2.91e-19
5.5914222687 2.9e-19
5.59192663658 2.89e-19
5.59243109545 2.88e-19
5.59293564535 2.88e-19
5.5934402863 2.88e-19
5.59394501833 2.88e-19
5.59444984145 2.88e-19
5.5949547557 2.88e-19
5.59545976109 2.88e-19
5.59596485766 2.89e-19
5.59647004542 2.88e-19
5.5969753244 2.89e-19
5.59748069464 2.89e-19
5.59798615614 2.89e-19
5.59849170894 2.89e-19
5.59899735306 2.89e-19
5.59950308853 2.89e-19
5.60000891537 2.89e-19
5.6005148336 2.9e-19
5.60102084325 2.9e-19
5.60152694435 2.9e-19
5.60203313692 2.9e-19
5.60253942098 2.9e-19
5.60304579656 2.9e-19
5.60355226368 2.91e-19
5.60405882237 2.91e-19
5.60456547266 2.91e-19
5.60507221457 2.91e-19
5.60557904812 2.91e-19
5.60608597333 2.92e-19
5.60659299024 2.92e-19
5.60710009887 2.93e-19
5.60760729924 2.93e-19
5.60811459138 2.94e-19
5.60862197531 2.94e-19
5.60912945106 2.94e-19
5.60963701865 2.93e-19
5.61014467811 2.92e-19
5.61065242946 2.91e-19
5.61116027273 2.9e-19
5.61166820794 2.89e-19
5.61217623512 2.89e-19
5.61268435429 2.89e-19
5.61319256547 2.89e-19
5.6137008687 2.89e-19
5.614209264 2.9e-19
5.61471775139 2.91e-19
5.6152263309 2.92e-19
5.61573500255 2.93e-19
5.61624376636 2.94e-19
5.61675262237 2.95e-19
5.6172615706 2.96e-19
5.61777061107 2.97e-19
5.6182797438 2.97e-19
5.61878896883 2.97e-19
5.61929828618 2.98e-19
5.61980769587 2.98e-19
5.62031719792 2.98e-19
5.62082679238 2.98e-19
5.62133647924 2.98e-19
5.62184625856 2.97e-19
5.62235613034 2.97e-19
5.62286609461 2.96e-19
5.62337615141 2.96e-19
5.62388630074 2.95e-19
5.62439654265 2.95e-19
5.62490687715 2.94e-19
5.62541730427 2.94e-19
5.62592782404 2.93e-19
5.62643843648 2.93e-19
5.62694914161 2.93e-19
5.62745993946 2.93e-19
5.62797083006 2.94e-19
5.62848181343 2.94e-19
5.62899288959 2.94e-19
5.62950405858 2.95e-19
5.63001532042 2.96e-19
5.63052667512 2.97e-19
5.63103812273 2.98e-19
5.63154966325 2.98e-19
5.63206129673 2.99e-19
5.63257302318 2.99e-19
5.63308484263 2.99e-19
5.6335967551 2.99e-19
5.63410876062 2.98e-19
5.63462085922 2.97e-19
5.63513305091 2.96e-19
5.63564533574 2.95e-19
5.63615771371 2.95e-19
5.63667018486 2.94e-19
5.63718274921 2.93e-19
5.63769540679 2.92e-19
5.63820815763 2.92e-19
5.63872100174 2.91e-19
5.63923393915 2.91e-19
5.6397469699 2.91e-19
5.640260094 2.9e-19
5.64077331147 2.89e-19
5.64128662236 2.89e-19
5.64180002667 2.88e-19
5.64231352445 2.87e-19
5.6428271157 2.86e-19
5.64334080046 2.86e-19
5.64385457876 2.85e-19
5.64436845062 2.84e-19
5.64488241605 2.83e-19
5.6453964751 2.83e-19
5.64591062779 2.82e-19
5.64642487413 2.82e-19
5.64693921417 2.81e-19
5.64745364791 2.8e-19
5.64796817539 2.8e-19
5.64848279664 2.79e-19
5.64899751167 2.78e-19
5.64951232052 2.77e-19
5.65002722321 2.76e-19
5.65054221977 2.75e-19
5.65105731022 2.74e-19
5.65157249459 2.73e-19
5.65208777289 2.72e-19
5.65260314517 2.71e-19
5.65311861144 2.71e-19
5.65363417174 2.7e-19
5.65414982608 2.69e-19
5.65466557449 2.68e-19
5.655181417 2.68e-19
5.65569735363 2.68e-19
5.65621338441 2.67e-19
5.65672950936 2.67e-19
5.65724572852 2.66e-19
5.6577620419 2.66e-19
5.65827844953 2.65e-19
5.65879495145 2.65e-19
5.65931154766 2.63e-19
5.65982823821 2.62e-19
5.66034502311 2.61e-19
5.66086190239 2.61e-19
5.66137887608 2.6e-19
5.66189594421 2.6e-19
5.66241310679 2.6e-19
5.66293036385 2.6e-19
5.66344771543 2.61e-19
5.66396516154 2.61e-19
5.66448270222 2.61e-19
5.66500033749 2.62e-19
5.66551806736 2.63e-19
5.66603589188 2.63e-19
5.66655381107 2.64e-19
5.66707182495 2.64e-19
5.66758993354 2.64e-19
5.66810813688 2.64e-19
5.66862643499 2.64e-19
5.6691448279 2.65e-19
5.66966331563 2.65e-19
5.67018189821 2.65e-19
5.67070057566 2.65e-19
5.67121934801 2.65e-19
5.67173821529 2.65e-19
5.67225717752 2.65e-19
5.67277623473 2.65e-19
5.67329538694 2.65e-19
5.67381463418 2.65e-19
5.67433397649 2.65e-19
5.67485341387 2.66e-19
5.67537294636 2.66e-19
5.67589257399 2.67e-19
5.67641229678 2.67e-19
5.67693211475 2.67e-19
5.67745202794 2.67e-19
5.67797203637 2.66e-19
5.67849214007 2.66e-19
5.67901233905 2.64e-19
5.67953263336 2.63e-19
5.68005302301 2.62e-19
5.68057350803 2.61e-19
5.68109408844 2.6e-19
5.68161476428 2.59e-19
5.68213553557 2.58e-19
5.68265640234 2.58e-19
5.6831773646 2.58e-19
5.6836984224 2.58e-19
5.68421957575 2.57e-19
5.68474082468 2.57e-19
5.68526216921 2.57e-19
5.68578360938 2.57e-19
5.68630514521 2.57e-19
5.68682677673 2.57e-19
5.68734850395 2.57e-19
5.68787032692 2.57e-19
5.68839224565 2.57e-19
5.68891426017 2.58e-19
5.68943637051 2.58e-19
5.6899585767 2.58e-19
5.69048087875 2.58e-19
5.6910032767 2.59e-19
5.69152577058 2.59e-19
5.6920483604 2.59e-19
5.6925710462 2.59e-19
5.693093828 2.59e-19
5.69361670583 2.59e-19
5.69413967972 2.6e-19
5.69466274969 2.6e-19
5.69518591577 2.6e-19
5.69570917798 2.6e-19
5.69623253635 2.61e-19
5.69675599091 2.61e-19
5.69727954169 2.62e-19
5.6978031887 2.62e-19
5.69832693199 2.62e-19
5.69885077157 2.62e-19
5.69937470747 2.62e-19
5.69989873971 2.61e-19
5.70042286833 2.61e-19
5.70094709335 2.6e-19
5.7014714148 2.6e-19
5.7019958327 2.61e-19
5.70252034708 2.61e-19
5.70304495797 2.62e-19
5.70356966539 2.62e-19
5.70409446937 2.63e-19
5.70461936994 2.64e-19
5.70514436712 2.64e-19
5.70566946094 2.64e-19
5.70619465143 2.64e-19
5.70671993861 2.63e-19
5.70724532251 2.63e-19
5.70777080316 2.63e-19
5.70829638058 2.62e-19
5.7088220548 2.62e-19
5.70934782585 2.62e-19
5.70987369376 2.61e-19
5.71039965854 2.61e-19
5.71092572023 2.61e-19
5.71145187886 2.61e-19
5.71197813444 2.6e-19
5.71250448702 2.6e-19
5.71303093661 2.6e-19
5.71355748324 2.6e-19
5.71408412693 2.6e-19
5.71461086773 2.59e-19
5.71513770564 2.59e-19
5.71566464071 2.59e-19
5.71619167295 2.59e-19
5.71671880239 2.58e-19
5.71724602906 2.58e-19
5.71777335299 2.57e-19
5.7183007742 2.56e-19
5.71882829272 2.55e-19
5.71935590858 2.55e-19
5.7198836218 2.54e-19
5.72041143242 2.53e-19
5.72093934045 2.52e-19
5.72146734593 2.51e-19
5.72199544887 2.5e-19
5.72252364932 2.49e-19
5.7230519473 2.48e-19
5.72358034282 2.47e-19
5.72410883593 2.47e-19
5.72463742664 2.46e-19
5.72516611499 2.45e-19
5.725694901 2.45e-19
5.72622378469 2.44e-19
5.72675276611 2.43e-19
5.72728184526 2.42e-19
5.72781102218 2.41e-19
5.7283402969 2.4e-19
5.72886966945 2.39e-19
5.72939913984 2.39e-19
5.72992870812 2.38e-19
5.73045837429 2.37e-19
5.7309881384 2.36e-19
5.73151800047 2.36e-19
5.73204796053 2.35e-19
5.7325780186 2.34e-19
5.73310817471 2.34e-19
5.73363842889 2.33e-19
5.73416878116 2.32e-19
5.73469923155 2.32e-19
5.7352297801 2.32e-19
5.73576042682 2.32e-19
5.73629117175 2.32e-19
5.73682201491 2.31e-19
5.73735295633 2.31e-19
5.73788399603 2.31e-19
5.73841513405 2.31e-19
5.7389463704 2.3e-19
5.73947770513 2.29e-19
5.74000913825 2.29e-19
5.74054066979 2.28e-19
5.74107229979 2.27e-19
5.74160402826 2.27e-19
5.74213585523 2.25e-19
5.74266778074 2.25e-19
5.74319980481 2.25e-19
5.74373192746 2.25e-19
5.74426414873 2.25e-19
5.74479646864 2.24e-19
5.74532888722 2.23e-19
5.7458614045 2.23e-19
5.7463940205 2.22e-19
5.74692673525 2.21e-19
5.74745954878 2.2e-19
5.74799246111 2.18e-19
5.74852547228 2.17e-19
5.74905858232 2.16e-19
5.74959179124 2.16e-19
5.75012509907 2.15e-19
5.75065850585 2.15e-19
5.75119201161 2.15e-19
5.75172561636 2.14e-19
5.75225932014 2.15e-19
5.75279312297 2.15e-19
5.75332702488 2.15e-19
5.75386102591 2.15e-19
5.75439512607 2.16e-19
5.75492932539 2.16e-19
5.75546362391 2.17e-19
5.75599802164 2.17e-19
5.75653251863 2.17e-19
5.75706711489 2.18e-19
5.75760181045 2.18e-19
5.75813660534 2.19e-19
5.75867149959 2.19e-19
5.75920649323 2.2e-19
5.75974158628 2.2e-19
5.76027677877 2.21e-19
5.76081207073 2.21e-19
5.76134746218 2.22e-19
5.76188295317 2.22e-19
5.7624185437 2.22e-19
5.76295423381 2.22e-19
5.76349002353 2.23e-19
5.76402591289 2.22e-19
5.76456190191 2.23e-19
5.76509799062 2.23e-19
5.76563417905 2.22e-19
5.76617046722 2.21e-19
5.76670685517 2.2e-19
5.76724334293 2.19e-19
5.76777993051 2.17e-19
5.76831661795 2.16e-19
5.76885340528 2.15e-19
5.76939029252 2.14e-19
5.7699272797 2.14e-19
5.77046436685 2.13e-19
5.771001554 2.13e-19
5.77153884118 2.12e-19
5.77207622841 2.12e-19
5.77261371572 2.11e-19
5.77315130314 2.12e-19
5.7736889907 2.12e-19
5.77422677842 2.11e-19
5.77476466633 2.11e-19
5.77530265447 2.11e-19
5.77584074286 2.11e-19
5.77637893152 2.11e-19
5.77691722049 2.11e-19
5.7774556098 2.11e-19
5.77799409946 2.11e-19
5.77853268951 2.11e-19
5.77907137999 2.11e-19
5.7796101709 2.11e-19
5.78014906229 2.11e-19
5.78068805419 2.11e-19
5.78122714661 2.11e-19
5.78176633959 2.11e-19
5.78230563316 2.11e-19
5.78284502734 2.11e-19
5.78338452217 2.11e-19
5.78392411766 2.11e-19
5.78446381386 2.11e-19
5.78500361078 2.12e-19
5.78554350846 2.12e-19
5.78608350692 2.13e-19
5.78662360619 2.13e-19
5.7871638063 2.14e-19
5.78770410728 2.14e-19
5.78824450916 2.14e-19
5.78878501196 2.14e-19
5.78932561572 2.13e-19
5.78986632045 2.13e-19
5.7904071262 2.13e-19
5.79094803299 2.12e-19
5.79148904084 2.11e-19
5.79203014978 2.11e-19
5.79257135985 2.1e-19
5.79311267107 2.1e-19
5.79365408347 2.09e-19
5.79419559707 2.09e-19
5.79473721192 2.08e-19
5.79527892803 2.08e-19
5.79582074543 2.06e-19
5.79636266415 2.06e-19
5.79690468423 2.05e-19
5.79744680568 2.04e-19
5.79798902854 2.04e-19
5.79853135283 2.03e-19
5.79907377859 2.02e-19
5.79961630584 2.02e-19
5.80015893461 2.02e-19
5.80070166493 2.01e-19
5.80124449683 2.01e-19
5.80178743033 2e-19
5.80233046547 2e-19
5.80287360228 2e-19
5.80341684077 2e-19
5.80396018099 2e-19
5.80450362295 1.99e-19
5.80504716669 1.99e-19
5.80559081224 1.99e-19
5.80613455962 1.98e-19
5.80667840887 1.98e-19
5.80722236001 1.97e-19
5.80776641307 1.96e-19
5.80831056808 1.95e-19
5.80885482507 1.94e-19
5.80939918406 1.94e-19
5.80994364509 1.93e-19
5.81048820818 1.92e-19
5.81103287337 1.91e-19
5.81157764068 1.9e-19
5.81212251014 1.9e-19
5.81266748177 1.89e-19
5.81321255562 1.88e-19
5.8137577317 1.87e-19
5.81430301005 1.87e-19
5.81484839069 1.86e-19
5.81539387365 1.85e-19
5.81593945896 1.84e-19
5.81648514666 1.83e-19
5.81703093677 1.83e-19
5.81757682931 1.83e-19
5.81812282432 1.82e-19
5.81866892182 1.82e-19
5.81921512185 1.81e-19
5.81976142444 1.81e-19
5.8203078296 1.8e-19
5.82085433738 1.8e-19
5.8214009478 1.79e-19
5.82194766089 1.79e-19
5.82249447667 1.78e-19
5.82304139518 1.78e-19
5.82358841645 1.78e-19
5.8241355405 1.78e-19
5.82468276737 1.78e-19
5.82523009708 1.78e-19
5.82577752966 1.78e-19
5.82632506514 1.78e-19
5.82687270355 1.78e-19
5.82742044492 1.78e-19
5.82796828928 1.78e-19
5.82851623666 1.77e-19
5.82906428708 1.77e-19
5.82961244058 1.77e-19
5.83016069718 1.76e-19
5.83070905691 1.76e-19
5.83125751981 1.76e-19
5.8318060859 1.75e-19
5.83235475521 1.75e-19
5.83290352777 1.75e-19
5.8334524036 1.75e-19
5.83400138275 1.74e-19
5.83455046523 1.73e-19
5.83509965108 1.72e-19
5.83564894033 1.71e-19
5.836198333 1.7e-19
5.83674782912 1.69e-19
5.83729742873 1.69e-19
5.83784713185 1.68e-19
5.83839693851 1.68e-19
5.83894684874 1.68e-19
5.83949686258 1.68e-19
5.84004698004 1.67e-19
5.84059720116 1.67e-19
5.84114752597 1.67e-19
5.8416979545 1.68e-19
5.84224848677 1.68e-19
5.84279912282 1.68e-19
5.84334986267 1.69e-19
5.84390070636 1.69e-19
5.84445165392 1.69e-19
5.84500270537 1.7e-19
5.84555386074 1.7e-19
5.84610512006 1.7e-19
5.84665648336 1.71e-19
5.84720795068 1.71e-19
5.84775952204 1.71e-19
5.84831119746 1.71e-19
5.84886297699 1.71e-19
5.84941486064 1.7e-19
5.84996684846 1.7e-19
5.85051894046 1.7e-19
5.85107113668 1.7e-19
5.85162343714 1.7e-19
5.85217584189 1.7e-19
5.85272835094 1.7e-19
5.85328096432 1.69e-19
5.85383368207 1.69e-19
5.85438650421 1.68e-19
5.85493943078 1.68e-19
5.8554924618 1.67e-19
5.85604559731 1.66e-19
5.85659883733 1.65e-19
5.85715218189 1.64e-19
5.85770563102 1.64e-19
5.85825918476 1.63e-19
5.85881284312 1.63e-19
5.85936660615 1.63e-19
5.85992047387 1.62e-19
5.86047444631 1.62e-19
5.8610285235 1.62e-19
5.86158270548 1.61e-19
5.86213699226 1.61e-19
5.86269138388 1.61e-19
5.86324588037 1.61e-19
5.86380048175 1.6e-19
5.86435518807 1.6e-19
5.86490999935 1.6e-19
5.86546491561 1.59e-19
5.86601993689 1.59e-19
5.86657506323 1.59e-19
5.86713029463 1.59e-19
5.86768563115 1.58e-19
5.8682410728 1.58e-19
5.86879661963 1.58e-19
5.86935227164 1.58e-19
5.86990802889 1.58e-19
5.87046389139 1.57e-19
5.87101985918 1.57e-19
5.87157593229 1.57e-19
5.87213211074 1.57e-19
5.87268839457 1.56e-19
5.87324478381 1.56e-19
5.87380127848 1.56e-19
5.87435787862 1.56e-19
5.87491458426 1.56e-19
5.87547139542 1.56e-19
5.87602831214 1.56e-19
5.87658533445 1.56e-19
5.87714246237 1.56e-19
5.87769969594 1.55e-19
5.87825703519 1.55e-19
5.87881448014 1.54e-19
5.87937203083 1.53e-19
5.87992968729 1.52e-19
5.88048744955 1.52e-19
5.88104531763 1.51e-19
5.88160329157 1.51e-19
5.88216137139 1.5e-19
5.88271955714 1.5e-19
5.88327784883 1.49e-19
5.8838362465 1.48e-19
5.88439475018 1.48e-19
5.88495335989 1.47e-19
5.88551207568 1.47e-19
5.88607089756 1.46e-19
5.88662982557 1.46e-19
5.88718885974 1.46e-19
5.8877480001 1.46e-19
5.88830724669 1.45e-19
5.88886659952 1.45e-19
5.88942605863 1.44e-19
5.88998562405 1.44e-19
5.89054529581 1.44e-19
5.89110507394 1.44e-19
5.89166495848 1.44e-19
5.89222494944 1.44e-19
5.89278504687 1.44e-19
5.89334525079 1.44e-19
5.89390556124 1.44e-19
5.89446597824 1.44e-19
5.89502650182 1.43e-19
5.89558713201 1.43e-19
5.89614786885 1.43e-19
5.89670871237 1.42e-19
5.89726966259 1.41e-19
5.89783071954 1.41e-19
5.89839188326 1.4e-19
5.89895315378 1.39e-19
5.89951453113 1.39e-19
5.90007601533 1.38e-19
5.90063760643 1.37e-19
5.90119930444 1.37e-19
5.9017611094 1.36e-19
5.90232302134 1.36e-19
5.90288504029 1.35e-19
5.90344716628 1.34e-19
5.90400939934 1.33e-19
5.90457173951 1.33e-19
5.90513418681 1.33e-19
5.90569674127 1.33e-19
5.90625940293 1.32e-19
5.90682217181 1.32e-19
5.90738504794 1.31e-19
5.90794803136 1.32e-19
5.9085111221 1.32e-19
5.90907432019 1.31e-19
5.90963762565 1.31e-19
5.91020103853 1.31e-19
5.91076455884 1.3e-19
5.91132818662 1.29e-19
5.91189192191 1.3e-19
5.91245576472 1.3e-19
5.9130197151 1.3e-19
5.91358377307 1.3e-19
5.91414793867 1.31e-19
5.91471221192 1.31e-19
5.91527659285 1.31e-19
5.91584108151 1.31e-19
5.91640567791 1.31e-19
5.91697038209 1.31e-19
5.91753519407 1.31e-19
5.9181001139 1.31e-19
5.9186651416 1.31e-19
5.9192302772 1.31e-19
5.91979552073 1.3e-19
5.92036087223 1.3e-19
5.92092633172 1.3e-19
5.92149189924 1.29e-19
5.92205757481 1.29e-19
5.92262335847 1.28e-19
5.92318925025 1.27e-19
5.92375525018 1.27e-19
5.92432135829 1.26e-19
5.92488757461 1.26e-19
5.92545389917 1.25e-19
5.92602033201 1.25e-19
5.92658687315 1.25e-19
5.92715352262 1.24e-19
5.92772028047 1.24e-19
5.92828714671 1.24e-19
5.92885412138 1.24e-19
5.92942120451 1.23e-19
5.92998839613 1.23e-19
5.93055569627 1.24e-19
5.93112310497 1.23e-19
5.93169062225 1.23e-19
5.93225824814 1.23e-19
5.93282598269 1.23e-19
5.93339382591 1.23e-19
5.93396177784 1.23e-19
5.93452983851 1.23e-19
5.93509800796 1.23e-19
5.9356662862 1.22e-19
5.93623467328 1.23e-19
5.93680316923 1.22e-19
5.93737177407 1.22e-19
5.93794048785 1.22e-19
5.93850931058 1.22e-19
5.9390782423 1.21e-19
5.93964728304 1.21e-19
5.94021643284 1.21e-19
5.94078569172 1.21e-19
5.94135505972 1.2e-19
5.94192453686 1.2e-19
5.94249412319 1.2e-19
5.94306381872 1.2e-19
5.9436336235 1.19e-19
5.94420353755 1.19e-19
5.9447735609 1.18e-19
5.94534369359 1.18e-19
5.94591393565 1.17e-19
5.94648428711 1.16e-19
5.947054748 1.16e-19
5.94762531834 1.15e-19
5.94819599819 1.15e-19
5.94876678755 1.15e-19
5.94933768648 1.14e-19
5.94990869499 1.13e-19
5.95047981312 1.13e-19
5.9510510409 1.12e-19
5.95162237837 1.11e-19
5.95219382555 1.11e-19
5.95276538248 1.1e-19
5.95333704918 1.1e-19
5.95390882569 1.1e-19
5.95448071205 1.09e-19
5.95505270827 1.09e-19
5.9556248144 1.08e-19
5.95619703047 1.08e-19
5.9567693565 1.08e-19
5.95734179253 1.08e-19
5.9579143386 1.07e-19
5.95848699472 1.07e-19
5.95905976094 1.07e-19
5.95963263729 1.07e-19
5.9602056238 1.07e-19
5.96077872049 1.07e-19
5.96135192741 1.07e-19
5.96192524458 1.06e-19
5.96249867203 1.06e-19
5.9630722098 1.07e-19
5.96364585792 1.06e-19
5.96421961642 1.06e-19
5.96479348534 1.06e-19
5.96536746469 1.06e-19
5.96594155453 1.06e-19
5.96651575487 1.05e-19
5.96709006575 1.05e-19
5.96766448721 1.05e-19
5.96823901926 1.04e-19
5.96881366196 1.04e-19
5.96938841532 1.04e-19
5.96996327938 1.03e-19
5.97053825418 1.03e-19
5.97111333973 1.02e-19
5.97168853609 1.02e-19
5.97226384327 1.02e-19
5.97283926131 1.01e-19
5.97341479024 1.01e-19
5.9739904301 1.01e-19
5.97456618091 1.01e-19
5.97514204271 1e-19
5.97571801553 1e-19
5.9762940994 9.96e-20
5.97687029436 9.88e-20
5.97744660043 9.86e-20
5.97802301766 9.83e-20
5.97859954606 9.75e-20
5.97917618568 9.73e-20
5.97975293654 9.73e-20
5.98032979868 9.73e-20
5.98090677213 9.75e-20
5.98148385692 9.76e-20
5.98206105308 9.78e-20
5.98263836065 9.79e-20
5.98321577966 9.81e-20
5.98379331015 9.83e-20
5.98437095213 9.81e-20
5.98494870565 9.82e-20
5.98552657074 9.8e-20
5.98610454742 9.78e-20
5.98668263574 9.74e-20
5.98726083573 9.68e-20
5.98783914741 9.64e-20
5.98841757082 9.62e-20
5.98899610599 9.61e-20
5.98957475296 9.56e-20
5.99015351175 9.51e-20
5.9907323824 9.47e-20
5.99131136495 9.46e-20
5.99189045941 9.42e-20
5.99246966584 9.41e-20
5.99304898425 9.37e-20
5.99362841469 9.33e-20
5.99420795718 9.34e-20
5.99478761175 9.33e-20
5.99536737844 9.3e-20
5.99594725729 9.26e-20
5.99652724832 9.24e-20
5.99710735156 9.25e-20
5.99768756706 9.22e-20
5.99826789483 9.18e-20
5.99884833492 9.16e-20
5.99942888736 9.12e-20
6.00000955218 9.1e-20
6.00059032941 9.1e-20
6.00117121908 9.08e-20
6.00175222123 9.08e-20
6.00233333589 9.09e-20
6.0029145631 9.12e-20
6.00349590288 9.12e-20
6.00407735526 9.12e-20
6.00465892029 9.1e-20
6.005240598 9.08e-20
6.0058223884 9.07e-20
6.00640429155 9.04e-20
6.00698630747 9.03e-20
6.0075684362 9e-20
6.00815067776 8.97e-20
6.00873303219 8.94e-20
6.00931549953 8.93e-20
6.0098980798 8.89e-20
6.01048077304 8.87e-20
6.01106357928 8.87e-20
6.01164649856 8.81e-20
6.0122295309 8.78e-20
6.01281267634 8.77e-20
6.01339593492 8.78e-20
6.01397930667 8.74e-20
6.01456279161 8.73e-20
6.01514638978 8.67e-20
6.01573010122 8.65e-20
6.01631392596 8.63e-20
6.01689786403 8.57e-20
6.01748191546 8.56e-20
6.01806608029 8.54e-20
6.01865035855 8.49e-20
6.01923475028 8.44e-20
6.0198192555 8.41e-20
6.02040387425 8.32e-20
6.02098860656 8.29e-20
6.02157345246 8.29e-20
6.022158412 8.28e-20
6.02274348519 8.19e-20
6.02332867209 8.19e-20
6.0239139727 8.18e-20
6.02449938709 8.11e-20
6.02508491526 8.12e-20
6.02567055726 8.08e-20
6.02625631312 8.05e-20
6.02684218288 8.01e-20
6.02742816656 7.98e-20
6.02801426421 7.97e-20
6.02860047584 7.94e-20
6.02918680151 7.93e-20
6.02977324123 7.9e-20
6.03035979505 7.91e-20
6.03094646299 7.87e-20
6.0315332451 7.83e-20
6.03212014139 7.83e-20
6.03270715192 7.83e-20
6.0332942767 7.81e-20
6.03388151578 7.73e-20
6.03446886918 7.7e-20
6.03505633695 7.64e-20
6.0356439191 7.66e-20
6.03623161569 7.66e-20
6.03681942673 7.64e-20
6.03740735227 7.58e-20
6.03799539234 7.55e-20
6.03858354696 7.52e-20
6.03917181618 7.51e-20
6.03976020003 7.42e-20
6.04034869854 7.38e-20
6.04093731174 7.35e-20
6.04152603967 7.33e-20
6.04211488237 7.32e-20
6.04270383986 7.28e-20
6.04329291218 7.2e-20
6.04388209936 7.18e-20
6.04447140143 7.13e-20
6.04506081844 7.1e-20
6.04565035041 7.07e-20
6.04623999738 7.01e-20
6.04682975937 7.09e-20
6.04741963644 7e-20
6.0480096286 7.01e-20
6.04859973589 7.03e-20
6.04918995834 7.06e-20
6.049780296 7e-20
6.05037074889 7.03e-20
6.05096131704 7e-20
6.0515520005 6.95e-20
6.05214279929 6.95e-20
6.05273371345 6.95e-20
6.053324743 6.97e-20
6.053915888 7.01e-20
6.05450714846 6.98e-20
6.05509852443 6.98e-20
6.05569001593 6.99e-20
6.05628162301 6.97e-20
6.05687334569 6.95e-20
6.057465184 6.94e-20
6.058057138 6.92e-20
6.05864920769 6.89e-20
6.05924139313 6.87e-20
6.05983369434 6.85e-20
6.06042611136 6.88e-20
6.06101864422 6.85e-20
6.06161129296 6.82e-20
6.06220405761 6.8e-20
6.0627969382 6.77e-20
6.06338993477 6.76e-20
6.06398304735 6.74e-20
6.06457627598 6.68e-20
6.06516962069 6.64e-20
6.06576308152 6.62e-20
6.06635665849 6.55e-20
6.06695035164 6.5e-20
6.06754416102 6.52e-20
6.06813808664 6.5e-20
6.06873212855 6.53e-20
6.06932628677 6.51e-20
6.06992056135 6.52e-20
6.07051495232 6.46e-20
6.07110945971 6.52e-20
6.07170408356 6.51e-20
6.07229882389 6.48e-20
6.07289368075 6.47e-20
6.07348865417 6.5e-20
6.07408374418 6.47e-20
6.07467895082 6.46e-20
6.07527427412 6.42e-20
6.07586971411 6.4e-20
6.07646527084 6.42e-20
6.07706094433 6.39e-20
6.07765673462 6.39e-20
6.07825264174 6.35e-20
6.07884866573 6.37e-20
6.07944480662 6.36e-20
6.08004106445 6.35e-20
6.08063743925 6.36e-20
6.08123393105 6.34e-20
6.08183053989 6.35e-20
6.08242726581 6.35e-20
6.08302410883 6.38e-20
6.083621069 6.34e-20
6.08421814634 6.32e-20
6.0848153409 6.31e-20
6.0854126527 6.3e-20
6.08601008179 6.32e-20
6.08660762819 6.3e-20
6.08720529194 6.23e-20
6.08780307307 6.21e-20
6.08840097163 6.18e-20
6.08899898763 6.13e-20
6.08959712113 6.12e-20
6.09019537215 6.07e-20
6.09079374073 6.03e-20
6.09139222689 6e-20
6.09199083069 5.95e-20
6.09258955215 5.91e-20
6.0931883913 5.84e-20
6.09378734819 5.79e-20
6.09438642284 5.76e-20
6.09498561529 5.73e-20
6.09558492558 5.72e-20
6.09618435373 5.71e-20
6.09678389979 5.68e-20
6.0973835638 5.69e-20
6.09798334577 5.7e-20
6.09858324576 5.66e-20
6.09918326378 5.67e-20
6.09978339989 5.63e-20
6.10038365411 5.67e-20
6.10098402648 5.67e-20
6.10158451704 5.67e-20
6.10218512581 5.65e-20
6.10278585284 5.65e-20
6.10338669815 5.66e-20
6.10398766179 5.65e-20
6.10458874378 5.65e-20
6.10518994417 5.63e-20
6.10579126299 5.6e-20
6.10639270027 5.6e-20
6.10699425604 5.58e-20
6.10759593036 5.53e-20
6.10819772323 5.5e-20
6.10879963472 5.43e-20
6.10940166484 5.42e-20
6.11000381363 5.4e-20
6.11060608113 5.39e-20
6.11120846738 5.35e-20
6.11181097241 5.3e-20
6.11241359624 5.29e-20
6.11301633893 5.23e-20
6.1136192005 5.21e-20
6.11422218099 5.2e-20
6.11482528044 5.15e-20
6.11542849888 5.1e-20
6.11603183634 5.09e-20
6.11663529286 5.08e-20
6.11723886847 5.09e-20
6.11784256322 5.08e-20
6.11844637713 5.06e-20
6.11905031025 5.05e-20
6.1196543626 5.01e-20
6.12025853422 4.99e-20
6.12086282515 4.96e-20
6.12146723542 4.96e-20
6.12207176507 4.97e-20
6.12267641413 4.94e-20
6.12328118265 4.94e-20
6.12388607064 4.94e-20
6.12449107816 4.94e-20
6.12509620523 4.95e-20
6.12570145189 4.99e-20
6.12630681817 5e-20
6.12691230412 4.98e-20
6.12751790977 4.94e-20
6.12812363514 4.93e-20
6.12872948029 4.94e-20
6.12933544523 4.87e-20
6.12994153002 4.83e-20
6.13054773468 4.84e-20
6.13115405925 4.83e-20
6.13176050377 4.8e-20
6.13236706827 4.75e-20
6.13297375278 4.73e-20
6.13358055735 4.72e-20
6.134187482 4.68e-20
6.13479452678 4.65e-20
6.13540169172 4.63e-20
6.13600897685 4.6e-20
6.13661638221 4.61e-20
6.13722390784 4.6e-20
6.13783155377 4.58e-20
6.13843932004 4.58e-20
6.13904720668 4.58e-20
6.13965521374 4.56e-20
6.14026334123 4.55e-20
6.14087158921 4.54e-20
6.14147995771 4.53e-20
6.14208844676 4.49e-20
6.14269705639 4.49e-20
6.14330578665 4.48e-20
6.14391463757 4.48e-20
6.14452360919 4.47e-20
6.14513270154 4.46e-20
6.14574191465 4.5e-20
6.14635124857 4.48e-20
6.14696070333 4.47e-20
6.14757027897 4.47e-20
6.14817997551 4.48e-20
6.14878979301 4.48e-20
6.14939973149 4.48e-20
6.15000979098 4.46e-20
6.15061997154 4.45e-20
6.15123027318 4.46e-20
6.15184069595 4.48e-20
6.15245123989 4.43e-20
6.15306190502 4.39e-20
6.15367269139 4.39e-20
6.15428359904 4.4e-20
6.15489462799 4.41e-20
6.15550577828 4.35e-20
6.15611704996 4.32e-20
6.15672844305 4.34e-20
6.1573399576 4.32e-20
6.15795159363 4.28e-20
6.15856335119 4.27e-20
6.15917523031 4.26e-20
6.15978723103 4.24e-20
6.16039935338 4.24e-20
6.16101159741 4.25e-20
6.16162396314 4.21e-20
6.16223645061 4.18e-20
6.16284905986 4.15e-20
6.16346179092 4.12e-20
6.16407464384 4.12e-20
6.16468761865 4.1e-20
6.16530071538 4.09e-20
6.16591393407 4.08e-20
6.16652727475 4.08e-20
6.16714073748 4.11e-20
6.16775432227 4.11e-20
6.16836802916 4.11e-20
6.16898185821 4.1e-20
6.16959580943 4.07e-20
6.17020988286 4.07e-20
6.17082407855 4.07e-20
6.17143839653 4.04e-20
6.17205283683 4.09e-20
6.17266739949 4.06e-20
6.17328208456 4.05e-20
6.17389689205 4.06e-20
6.17451182202 4.06e-20
6.1751268745 4.01e-20
6.17574204952 3.99e-20
6.17635734713 3.97e-20
6.17697276735 3.95e-20
6.17758831022 3.96e-20
6.17820397579 3.87e-20
6.17881976409 3.84e-20
6.17943567515 3.85e-20
6.18005170901 3.81e-20
6.18066786571 3.82e-20
6.18128414529 3.75e-20
6.18190054778 3.7e-20
6.18251707321 3.66e-20
6.18313372163 3.71e-20
6.18375049308 3.71e-20
6.18436738758 3.62e-20
6.18498440518 3.6e-20
6.18560154591 3.61e-20
6.18621880981 3.58e-20
6.18683619692 3.58e-20
6.18745370727 3.57e-20
6.1880713409 3.55e-20
6.18868909784 3.51e-20
6.18930697815 3.53e-20
6.18992498184 3.55e-20
6.19054310896 3.57e-20
6.19116135954 3.54e-20
6.19177973363 3.58e-20
6.19239823126 3.58e-20
6.19301685246 3.54e-20
6.19363559727 3.54e-20
6.19425446574 3.54e-20
6.19487345789 3.54e-20
6.19549257377 3.55e-20
6.1961118134 3.5e-20
6.19673117684 3.52e-20
6.19735066411 3.46e-20
6.19797027526 3.47e-20
6.19859001031 3.45e-20
6.19920986931 3.43e-20
6.1998298523 3.44e-20
6.2004499593 3.44e-20
6.20107019037 3.42e-20
6.20169054553 3.42e-20
6.20231102482 3.38e-20
6.20293162829 3.39e-20
6.20355235596 3.39e-20
6.20417320788 3.39e-20
6.20479418408 3.31e-20
6.2054152846 3.37e-20
6.20603650947 3.36e-20
6.20665785874 3.31e-20
6.20727933244 3.34e-20
6.20790093061 3.33e-20
6.20852265329 3.28e-20
6.20914450051 3.26e-20
6.20976647231 3.23e-20
6.21038856873 3.32e-20
6.21101078981 3.26e-20
6.21163313558 3.25e-20
6.21225560608 3.22e-20
6.21287820135 3.23e-20
6.21350092143 3.23e-20
6.21412376635 3.24e-20
6.21474673615 3.25e-20
6.21536983087 3.23e-20
6.21599305055 3.19e-20
6.21661639522 3.19e-20
6.21723986492 3.21e-20
6.21786345969 3.19e-20
6.21848717957 3.13e-20
6.21911102459 3.18e-20
6.21973499479 3.18e-20
6.22035909022 3.17e-20
6.2209833109 3.15e-20
6.22160765688 3.12e-20
6.22223212818 3.15e-20
6.22285672486 3.1e-20
6.22348144695 3.09e-20
6.22410629449 3.12e-20
6.22473126751 3.06e-20
6.22535636605 3.07e-20
6.22598159015 3.05e-20
6.22660693985 3e-20
6.22723241518 3.03e-20
6.22785801618 2.99e-20
6.2284837429 3e-20
6.22910959537 2.93e-20
6.22973557362 2.93e-20
6.2303616777 2.92e-20
6.23098790764 2.91e-20
6.23161426348 2.9e-20
6.23224074526 2.87e-20
6.23286735302 2.88e-20
6.23349408679 2.9e-20
6.23412094661 2.87e-20
6.23474793253 2.89e-20
6.23537504457 2.89e-20
6.23600228278 2.86e-20
6.23662964719 2.85e-20
6.23725713785 2.83e-20
6.23788475479 2.84e-20
6.23851249805 2.82e-20
6.23914036766 2.83e-20
6.23976836367 2.84e-20
6.24039648612 2.86e-20
6.24102473504 2.82e-20
6.24165311046 2.8e-20
6.24228161244 2.8e-20
6.242910241 2.81e-20
6.24353899618 2.78e-20
6.24416787803 2.74e-20
6.24479688658 2.74e-20
6.24542602187 2.74e-20
6.24605528394 2.75e-20
6.24668467282 2.71e-20
6.24731418856 2.69e-20
6.24794383119 2.68e-20
6.24857360076 2.7e-20
6.24920349729 2.67e-20
6.24983352083 2.65e-20
6.25046367142 2.61e-20
6.25109394909 2.63e-20
6.25172435388 2.59e-20
6.25235488584 2.57e-20
6.252985545 2.6e-20
6.25361633139 2.64e-20
6.25424724507 2.64e-20
6.25487828606 2.64e-20
6.2555094544 2.64e-20
6.25614075014 2.66e-20
6.2567721733 2.7e-20
6.25740372394 2.66e-20
6.25803540209 2.65e-20
6.25866720778 2.69e-20
6.25929914106 2.66e-20
6.25993120197 2.59e-20
6.26056339054 2.58e-20
6.26119570681 2.6e-20
6.26182815082 2.61e-20
6.26246072261 2.58e-20
6.26309342222 2.56e-20
6.26372624968 2.55e-20
6.26435920504 2.52e-20
6.26499228834 2.55e-20
6.26562549961 2.55e-20
6.26625883889 2.51e-20
6.26689230622 2.49e-20
6.26752590164 2.49e-20
6.26815962519 2.46e-20
6.2687934769 2.43e-20
6.26942745683 2.41e-20
6.27006156499 2.41e-20
6.27069580145 2.39e-20
6.27133016622 2.37e-20
6.27196465936 2.36e-20
6.2725992809 2.37e-20
6.27323403087 2.36e-20
6.27386890933 2.32e-20
6.27450391631 2.29e-20
6.27513905184 2.29e-20
6.27577431597 2.28e-20
6.27640970873 2.28e-20
6.27704523016 2.32e-20
6.27768088031 2.34e-20
6.27831665922 2.35e-20
6.27895256691 2.34e-20
6.27958860343 2.31e-20
6.28022476883 2.31e-20
6.28086106313 2.29e-20
6.28149748638 2.3e-20
6.28213403862 2.35e-20
6.28277071988 2.35e-20
6.28340753022 2.34e-20
6.28404446965 2.32e-20
6.28468153823 2.29e-20
6.28531873599 2.28e-20
6.28595606298 2.27e-20
6.28659351923 2.27e-20
6.28723110478 2.26e-20
6.28786881967 2.27e-20
6.28850666394 2.26e-20
6.28914463763 2.2e-20
6.28978274078 2.26e-20
6.29042097343 2.28e-20
6.29105933561 2.24e-20
6.29169782737 2.22e-20
6.29233644875 2.19e-20
6.29297519979 2.17e-20
6.29361408052 2.19e-20
6.29425309098 2.21e-20
6.29489223123 2.21e-20
6.29553150128 2.16e-20
6.29617090119 2.14e-20
6.29681043099 2.14e-20
6.29745009073 2.16e-20
6.29808988043 2.15e-20
6.29872980015 2.14e-20
6.29936984992 2.12e-20
6.30001002979 2.14e-20
6.30065033978 2.12e-20
6.30129077995 2.17e-20
6.30193135032 2.18e-20
6.30257205095 2.13e-20
6.30321288186 2.16e-20
6.30385384311 2.2e-20
6.30449493472 2.18e-20
6.30513615674 2.18e-20
6.30577750922 2.17e-20
6.30641899218 2.15e-20
6.30706060567 2.12e-20
6.30770234973 2.08e-20
6.30834422439 2.15e-20
6.30898622971 2.12e-20
6.30962836571 2.09e-20
6.31027063244 2.07e-20
6.31091302994 2.1e-20
6.31155555825 2.09e-20
6.3121982174 2.05e-20
6.31284100744 2.07e-20
6.31348392841 2.07e-20
6.31412698035 2.06e-20
6.3147701633 2.02e-20
6.31541347729 2.02e-20
6.31605692237 1.96e-20
6.31670049858 1.98e-20
6.31734420596 2.02e-20
6.31798804455 2e-20
6.31863201438 1.93e-20
6.31927611551 1.93e-20
6.31992034796 1.93e-20
6.32056471178 1.92e-20
6.32120920701 1.98e-20
6.32185383368 1.95e-20
6.32249859185 1.88e-20
6.32314348155 1.93e-20
6.32378850282 1.93e-20
6.32443365569 1.95e-20
6.32507894022 1.91e-20
6.32572435644 1.88e-20
6.32636990439 1.89e-20
6.32701558411 1.88e-20
6.32766139564 1.86e-20
6.32830733903 1.85e-20
6.3289534143 1.86e-20
6.32959962151 1.85e-20
6.3302459607 1.82e-20
6.33089243189 1.78e-20
6.33153903514 1.84e-20
6.33218577049 1.85e-20
6.33283263797 1.83e-20
6.33347963763 1.82e-20
6.3341267695 1.8e-20
6.33477403363 1.78e-20
6.33542143006 1.83e-20
6.33606895882 1.8e-20
6.33671661996 1.83e-20
6.33736441353 1.82e-20
6.33801233955 1.78e-20
6.33866039807 1.75e-20
6.33930858913 1.77e-20
6.33995691277 1.73e-20
6.34060536904 1.74e-20
6.34125395797 1.77e-20
6.3419026796 1.75e-20
6.34255153398 1.78e-20
6.34320052114 1.78e-20
6.34384964113 1.77e-20
6.34449889398 1.76e-20
6.34514827974 1.75e-20
6.34579779845 1.8e-20
6.34644745015 1.81e-20
6.34709723488 1.86e-20
6.34774715268 1.78e-20
6.34839720359 1.75e-20
6.34904738766 1.79e-20
6.34969770492 1.8e-20
6.35034815541 1.78e-20
6.35099873918 1.81e-20
6.35164945626 1.8e-20
6.3523003067 1.79e-20
6.35295129054 1.74e-20
6.35360240782 1.81e-20
6.35425365858 1.77e-20
6.35490504286 1.7e-20
6.3555565607 1.75e-20
6.35620821215 1.8e-20
6.35685999724 1.75e-20
6.35751191602 1.72e-20
6.35816396852 1.78e-20
