#xsec (eV,cm2) for OCS -> O + O
4.76883399785 2.76945794943e-21
4.76925601223 2.96698024129e-21
4.76967806396 2.86374122612e-21
4.77010015304 2.83819308815e-21
4.77052227946 2.82577557359e-21
4.77094444325 2.77422972381e-21
4.77136664439 2.69046924921e-21
4.77178888289 2.77902504666e-21
4.77221115876 2.81606277673e-21
4.772633472 2.78686147183e-21
4.77305582261 2.77788374019e-21
4.7734782106 2.75185610131e-21
4.77390063597 2.76904571886e-21
4.77432309872 2.80908140936e-21
4.77474559885 2.87747631807e-21
4.77516813637 2.89525730983e-21
4.77559071129 2.85951349131e-21
4.7760133236 2.83995276637e-21
4.77643597331 2.95962965761e-21
4.77685866042 3.05830020658e-21
4.77728138494 2.8512844987e-21
4.77770414686 2.78050890457e-21
4.7781269462 2.87391222865e-21
4.77854978295 2.85905854734e-21
4.77897265712 2.84914125814e-21
4.77939556872 2.97663998644e-21
4.77981851773 3.09922470922e-21
4.78024150418 2.94847791037e-21
4.78066452806 2.92476933476e-21
4.78108758937 3.07027340374e-21
4.78151068813 3.04424778289e-21
4.78193382432 3.00771909743e-21
4.78235699796 3.07522406003e-21
4.78278020905 3.12118169586e-21
4.78320345759 3.07680288504e-21
4.78362674358 3.07699590621e-21
4.78405006704 3.16413856199e-21
4.78447342795 3.28986301778e-21
4.78489682633 3.30926171857e-21
4.78532026218 3.24459542919e-21
4.7857437355 3.247610982e-21
4.78616724629 3.22764286259e-21
4.78659079456 3.19642212213e-21
4.78701438032 3.21656916076e-21
4.78743800356 3.20150944004e-21
4.78786166429 3.21095133806e-21
4.78828536251 3.39705343787e-21
4.78870909822 3.48790808586e-21
4.78913287143 3.43102258214e-21
4.78955668215 3.46433336711e-21
4.78998053036 3.56421064967e-21
4.79040441609 3.55171945689e-21
4.79082833933 3.44535582192e-21
4.79125230008 3.40577095576e-21
4.79167629835 3.37699810974e-21
4.79210033414 3.43727719194e-21
4.79252440746 3.55031452782e-21
4.79294851831 3.58929800907e-21
4.79337266668 3.53293347058e-21
4.79379685259 3.4037619126e-21
4.79422107604 3.38908489441e-21
4.79464533703 3.53263723354e-21
4.79506963557 3.56416277715e-21
4.79549397165 3.58624149105e-21
4.79591834529 3.65204684915e-21
4.79634275648 3.63770799207e-21
4.79676720522 3.63569107543e-21
4.79719169153 3.54028938603e-21
4.7976162154 3.46173460432e-21
4.79804077685 3.53154209731e-21
4.79846537586 3.65948094487e-21
4.79889001244 3.68615253108e-21
4.79931468661 3.65924869756e-21
4.79973939835 3.70105284984e-21
4.80016414768 3.65466370022e-21
4.8005889346 3.69283669649e-21
4.80101375911 3.71826972294e-21
4.80143862122 3.63234267985e-21
4.80186352092 3.64714830723e-21
4.80228845822 3.66584262566e-21
4.80271343313 3.70492593291e-21
4.80313844564 3.75968028291e-21
4.80356349577 3.73745650644e-21
4.80398858351 3.66373406542e-21
4.80441370887 3.73378512823e-21
4.80483887185 3.84947611464e-21
4.80526407245 3.87363232905e-21
4.80568931069 3.81819347864e-21
4.80611458655 3.8444303365e-21
4.80653990005 4.01138196621e-21
4.80696525118 4.07656782614e-21
4.80739063996 4.04043044422e-21
4.80781606638 4.04612866514e-21
4.80824153045 4.039466389e-21
4.80866703217 3.91588339726e-21
4.80909257154 3.87329837555e-21
4.80951814858 4.02277692783e-21
4.80994376327 4.1374519963e-21
4.81036941563 4.18212141897e-21
4.81079510565 4.20411879188e-21
4.81122083335 4.27636207795e-21
4.81164659872 4.32019346108e-21
4.81207240177 4.20676181469e-21
4.8124982425 4.17069340409e-21
4.81292412092 4.27341639402e-21
4.81335003702 4.28620405227e-21
4.81377599081 4.26800574616e-21
4.8142019823 4.32624914678e-21
4.81462801149 4.30701904227e-21
4.81505407837 4.22986529907e-21
4.81548018296 4.18808577191e-21
4.81590632526 4.22050092926e-21
4.81633250527 4.31782982455e-21
4.816758723 4.33899419987e-21
4.81718497844 4.34144752217e-21
4.8176112716 4.3791691437e-21
4.81803760249 4.4408584313e-21
4.81846397111 4.52884743137e-21
4.81889037746 4.55098162822e-21
4.81931682154 4.44273643345e-21
4.81974330336 4.39505248312e-21
4.82016982292 4.49246635736e-21
4.82059638022 4.52548099283e-21
4.82102297528 4.54626737506e-21
4.82144960808 4.60053689903e-21
4.82187627864 4.66022678275e-21
4.82230298696 4.67002475712e-21
4.82272973304 4.64417177323e-21
4.82315651688 4.65971721841e-21
4.82358333849 4.64441381497e-21
4.82401019787 4.57899879619e-21
4.82443709503 4.58343341976e-21
4.82486402996 4.65190870075e-21
4.82529100268 4.7038081556e-21
4.82571801318 4.69448739734e-21
4.82614506147 4.65251641121e-21
4.82657214755 4.67973009866e-21
4.82699927142 4.70863533322e-21
4.82742643309 4.77133914779e-21
4.82785363257 4.91154918313e-21
4.82828086984 4.94429787184e-21
4.82870814493 4.9550030863e-21
4.82913545783 5.04867497572e-21
4.82956280854 5.03157824593e-21
4.82999019707 5.0176675397e-21
4.83041762342 5.11668879326e-21
4.8308450876 5.07977693313e-21
4.83127258961 4.98361581585e-21
4.83170012944 5.06021922828e-21
4.83212770711 5.13184290348e-21
4.83255532262 5.09492719952e-21
4.83298297597 5.05762576787e-21
4.83341066717 5.1170456188e-21
4.83383839621 5.29951427726e-21
4.83426616311 5.36970340377e-21
4.83469396786 5.22851449043e-21
4.83512181047 5.02181803998e-21
4.83554969094 5.08118162062e-21
4.83597760927 5.31162001101e-21
4.83640556548 5.26390160875e-21
4.83683355955 5.20681288624e-21
4.8372615915 5.31794011643e-21
4.83768966133 5.44136362807e-21
4.83811776904 5.49968784047e-21
4.83854591464 5.48267804442e-21
4.83897409812 5.49415806315e-21
4.8394023195 5.5689950729e-21
4.83983057877 5.58365799426e-21
4.84025887594 5.54615935155e-21
4.84068721101 5.54000651245e-21
4.84111558398 5.5863344426e-21
4.84154399487 5.65899908432e-21
4.84197244366 5.71310512329e-21
4.84240093038 5.76465425726e-21
4.84282945501 5.71882951985e-21
4.84325801756 5.59026413191e-21
4.84368661804 5.49690272117e-21
4.84411525644 5.51361965488e-21
4.84454393278 5.62576016102e-21
4.84497264706 5.67491824297e-21
4.84540139927 5.70821104053e-21
4.84583018942 5.75044676329e-21
4.84625901752 5.74572674756e-21
4.84668788357 5.88539278703e-21
4.84711678757 6.06370178552e-21
4.84754572953 6.15212814623e-21
4.84797470945 6.13411012541e-21
4.84840372732 6.05026616587e-21
4.84883278317 6.08995756837e-21
4.84926187698 6.11436668158e-21
4.84969100876 6.03604223713e-21
4.85012017852 6.06790474672e-21
4.85054938626 6.11712480435e-21
4.85097863199 6.17368138385e-21
4.85140791569 6.24039153879e-21
4.85183723739 6.23051924487e-21
4.85226659708 6.2168737292e-21
4.85269599477 6.22782692061e-21
4.85312543045 6.27202421424e-21
4.85355490414 6.28358462863e-21
4.85398441583 6.27075127729e-21
4.85441396553 6.30432542029e-21
4.85484355325 6.32858177037e-21
4.85527317898 6.34315358692e-21
4.85570284273 6.34158483507e-21
4.8561325445 6.37663920796e-21
4.8565622843 6.5341703724e-21
4.85699206213 6.52457878119e-21
4.85742187799 6.49493783553e-21
4.85785173189 6.5547414464e-21
4.85828162383 6.56069805728e-21
4.85871155381 6.55224398186e-21
4.85914152184 6.49086415599e-21
4.85957152791 6.48943684892e-21
4.86000157204 6.65162532108e-21
4.86043165423 6.69123792597e-21
4.86086177447 6.69337364856e-21
4.86129193278 6.77111983634e-21
4.86172212916 6.73487090688e-21
4.8621523636 6.72269636811e-21
4.86258263612 6.75032604866e-21
4.86301294672 6.84336641886e-21
4.86344329539 6.9191240658e-21
4.86387368215 6.85027052946e-21
4.864304107 6.89698350996e-21
4.86473456993 7.06417711297e-21
4.86516507096 7.11523847901e-21
4.86559561009 7.04515840869e-21
4.86602618731 7.02460544398e-21
4.86645680264 7.11796258063e-21
4.86688745608 7.16443285539e-21
4.86731814763 7.10950761956e-21
4.86774887729 7.1175295907e-21
4.86817964507 7.16837515894e-21
4.86861045097 7.2205415825e-21
4.86904129499 7.23851096305e-21
4.86947217714 7.21922737404e-21
4.86990309742 7.38301901564e-21
4.87033405583 7.45662022593e-21
4.87076505238 7.33784234596e-21
4.87119608708 7.30210953556e-21
4.87162715991 7.36980827989e-21
4.8720582709 7.46161729759e-21
4.87248942003 7.46083339495e-21
4.87292060732 7.40508680389e-21
4.87335183277 7.52270238792e-21
4.87378309637 7.6545138284e-21
4.87421439814 7.56150402456e-21
4.87464573808 7.49485803926e-21
4.87507711619 7.58386999892e-21
4.87550853248 7.68581375846e-21
4.87593998694 7.63955226033e-21
4.87637147959 7.50958328595e-21
4.87680301042 7.66090097656e-21
4.87723457943 7.83032893138e-21
4.87766618664 7.92366352177e-21
4.87809783204 7.98292555187e-21
4.87852951564 7.96228605275e-21
4.87896123745 8.01616209794e-21
4.87939299745 8.06076433198e-21
4.87982479567 8.05975661902e-21
4.8802566321 8.07647920088e-21
4.88068850674 8.06641664689e-21
4.8811204196 8.03486387011e-21
4.88155237068 8.12582661155e-21
4.88198435999 8.20717165736e-21
4.88241638753 8.23840776821e-21
4.8828484533 8.34528626894e-21
4.8832805573 8.41778215795e-21
4.88371269954 8.50484536776e-21
4.88414488003 8.57132671762e-21
4.88457709876 8.56757106342e-21
4.88500935573 8.57072280595e-21
4.88544165097 8.50251691749e-21
4.88587398445 8.50379439365e-21
4.8863063562 8.5615689436e-21
4.88673876621 8.56931332298e-21
4.88717121448 8.61756528345e-21
4.88760370102 8.63453694459e-21
4.88803622584 8.64132550097e-21
4.88846878893 8.76159954962e-21
4.8889013903 8.79680248886e-21
4.88933402996 8.7882233899e-21
4.8897667079 8.78898025296e-21
4.89019942413 8.76912446179e-21
4.89063217865 8.78710472398e-21
4.89106497147 8.80942849954e-21
4.89149780258 8.9344260446e-21
4.89193067201 9.0383125542e-21
4.89236357973 9.00892141386e-21
4.89279652577 9.01427978876e-21
4.89322951012 9.07337993774e-21
4.89366253279 9.13592996499e-21
4.89409559378 9.17182981601e-21
4.89452869309 9.24785364254e-21
4.89496183073 9.26830372665e-21
4.89539500669 9.24966841616e-21
4.89582822099 9.40563654929e-21
4.89626147363 9.57707342396e-21
4.89669476461 9.54849177107e-21
4.89712809393 9.4236188351e-21
4.8975614616 9.40138368257e-21
4.89799486762 9.50118300512e-21
4.898428312 9.59610075075e-21
4.89886179473 9.63824563133e-21
4.89929531582 9.68398488558e-21
4.89972887528 9.71591699097e-21
4.9001624731 9.7281351014e-21
4.9005961093 9.74272049162e-21
4.90102978387 9.80654807851e-21
4.90146349681 9.86842042451e-21
4.90189724814 9.89615368203e-21
4.90233103785 9.91808186101e-21
4.90276486595 9.87908557707e-21
4.90319873245 9.8760410826e-21
4.90363263733 9.90034291213e-21
4.90406658062 9.94951055332e-21
4.9045005623 1.00901658585e-20
4.90493458239 1.01440795079e-20
4.90536864089 1.02037500186e-20
4.9058027378 1.0245668728e-20
4.90623687313 1.02096496337e-20
4.90667104687 1.02440997912e-20
4.90710525904 1.02344501575e-20
4.90753950963 1.02546715037e-20
4.90797379865 1.04211144092e-20
4.9084081261 1.05664429055e-20
4.90884249199 1.06449783479e-20
4.90927689632 1.06441289399e-20
4.90971133909 1.0549150592e-20
4.9101458203 1.05251508691e-20
4.91058033996 1.06251508691e-20
4.91101489808 1.0724282125e-20
4.91144949465 1.07441539053e-20
4.91188412968 1.07198717803e-20
4.91231880318 1.07418059088e-20
4.91275351514 1.07918059088e-20
4.91318826557 1.08465362835e-20
4.91362305447 1.08558210064e-20
4.91405788185 1.08894865176e-20
4.91449274771 1.10302017947e-20
4.91492765205 1.11e-20
4.91536259488 1.10674795686e-20
4.9157975762 1.10557968489e-20
4.91623259601 1.11765358769e-20
4.91666765432 1.13381150821e-20
4.91710275112 1.13942185441e-20
4.91753788644 1.13443220586e-20
4.91797306026 1.12827736687e-20
4.91840827258 1.12787602331e-20
4.91884352343 1.14034973724e-20
4.91927881279 1.15575108079e-20
4.91971414067 1.16402651608e-20
4.92014950707 1.16442523645e-20
4.92058491201 1.16557425284e-20
4.92102035547 1.17592477175e-20
4.92145583747 1.18574923928e-20
4.921891358 1.19189520469e-20
4.92232691708 1.19689520469e-20
4.9227625147 1.2e-20
4.92319815087 1.19277893471e-20
4.92363382559 1.19114162137e-20
4.92406953886 1.20786602945e-20
4.92450529069 1.21918187701e-20
4.92494108109 1.21467853422e-20
4.92537691005 1.21145952813e-20
4.92581277757 1.21645952813e-20
4.92624868367 1.22259566057e-20
4.92668462835 1.2307586637e-20
4.9271206116 1.23816300313e-20
4.92755663344 1.244296241e-20
4.92799269386 1.249296241e-20
4.92842879287 1.25e-20
4.92886493047 1.2509923222e-20
4.92930110667 1.25443564143e-20
4.92973732146 1.25768443343e-20
4.93017357486 1.2669250654e-20
4.93060986686 1.27768395121e-20
4.93104619748 1.28380929286e-20
4.93148256671 1.29755177372e-20
4.93191897455 1.31860789261e-20
4.93235542101 1.31838457984e-20
4.9327919061 1.29773525871e-20
4.93322842981 1.3009881853e-20
4.93366499215 1.30894549535e-20
4.93410159313 1.30717340066e-20
4.93453823274 1.31329085076e-20
4.93497491099 1.32213970365e-20
4.93541162788 1.333255226e-20
4.93584838343 1.33444296168e-20
4.93628517762 1.34055647364e-20
4.93672201047 1.35659575615e-20
4.93715888197 1.36281312043e-20
4.93759579213 1.36111004498e-20
4.93803274096 1.36163185706e-20
4.93846972846 1.36555405904e-20
4.93890675462 1.37599214751e-20
4.93934381947 1.38329547928e-20
4.93978092298 1.38555261402e-20
4.94021806518 1.39495428464e-20
4.94065524607 1.40211579829e-20
4.94109246564 1.41211579829e-20
4.9415297239 1.42431916048e-20
4.94196702086 1.4288997634e-20
4.94240435652 1.42458060292e-20
4.94284173088 1.42380849075e-20
4.94327914394 1.42445132605e-20
4.94371659571 1.42554819254e-20
4.9441540862 1.43581134949e-20
4.9445916154 1.44990585364e-20
4.94502918332 1.45399986139e-20
4.94546678996 1.45209297973e-20
4.94590443532 1.45973165815e-20
4.94634211942 1.46763867841e-20
4.94677984225 1.47745726425e-20
4.94721760381 1.48318437706e-20
4.94765540411 1.490360435e-20
4.94809324316 1.5042734258e-20
4.94853112095 1.50644534634e-20
4.94896903749 1.50747064683e-20
4.94940699279 1.50662528874e-20
4.94984498684 1.50843197452e-20
4.95028301965 1.51554080093e-20
4.95072109123 1.52889580418e-20
4.95115920157 1.54582709312e-20
4.95159735068 1.55e-20
4.95203553857 1.55068120741e-20
4.95247376523 1.56338506903e-20
4.95291203067 1.56400707061e-20
4.9533503349 1.55998432448e-20
4.95378867791 1.57368111549e-20
4.95422705972 1.58291381302e-20
4.95466548032 1.58446409344e-20
4.95510393972 1.57756513496e-20
4.95554243792 1.58909521718e-20
4.95598097492 1.60813490913e-20
4.95641955073 1.61446610146e-20
4.95685816535 1.61665528103e-20
4.95729681879 1.62058892556e-20
4.95773551105 1.6233451995e-20
4.95817424212 1.62e-20
4.95861301203 1.62325072998e-20
4.95905182076 1.63203247555e-20
4.95949066832 1.64740630703e-20
4.95992955472 1.65862456147e-20
4.96036847996 1.66574370074e-20
4.96080744404 1.6789419813e-20
4.96124644696 1.68248644694e-20
4.96168548874 1.68733072876e-20
4.96212456937 1.69552756859e-20
4.96256368885 1.69447291162e-20
4.96300284719 1.70260401372e-20
4.9634420444 1.70748644673e-20
4.96388128047 1.71105129574e-20
4.96432055542 1.72441221306e-20
4.96475986923 1.73959102428e-20
4.96519922193 1.74435976853e-20
4.9656386135 1.74168799862e-20
4.96607804395 1.74447683641e-20
4.9665175133 1.74825652948e-20
4.96695702153 1.75872374123e-20
4.96739656866 1.76447827622e-20
4.96783615469 1.76552124388e-20
4.96827577961 1.7741187984e-20
4.96871544344 1.7898197812e-20
4.96915514618 1.79914026817e-20
4.96959488783 1.7968982143e-20
4.9700346684 1.80275794614e-20
4.97047448788 1.81241601638e-20
4.97091434628 1.82328365338e-20
4.97135424361 1.835867637e-20
4.97179417987 1.84396798377e-20
4.97223415506 1.84448363681e-20
4.97267416918 1.84551565304e-20
4.97311422224 1.85103110367e-20
4.97355431425 1.86000071001e-20
4.9739944452 1.86551436235e-20
4.9744346151 1.87066203386e-20
4.97487482395 1.88926136262e-20
4.97531507176 1.9113140177e-20
4.97575535853 1.92976734405e-20
4.97619568426 1.92215990536e-20
4.97663604895 1.90818335664e-20
4.97707645262 1.92448901453e-20
4.97751689526 1.93551044536e-20
4.97795737688 1.93449003386e-20
4.97839789747 1.94049472589e-20
4.97883845705 1.95664698527e-20
4.97927905562 1.9673207173e-20
4.97971969318 1.97507004606e-20
4.98016036973 1.98535952363e-20
4.98060108528 1.98261019487e-20
4.98104183983 1.98470860607e-20
4.98148263338 1.99513801555e-20
4.98192346594 2.01114968709e-20
4.98236433751 2.0232695345e-20
4.9828052481 2.02100923005e-20
4.9832461977 2.02792821858e-20
4.98368718633 2.04720602538e-20
4.98412821398 2.05773777996e-20
4.98456928066 2.06748731588e-20
4.98501038637 2.07748731588e-20
4.98545153112 2.08474762068e-20
4.98589271491 2.08524530838e-20
4.98633393774 2.08974813995e-20
4.98677519961 2.09425045224e-20
4.98721650053 2.09174951962e-20
4.98765784051 2.09899830723e-20
4.98809921954 2.11549151865e-20
4.98854063763 2.13973450672e-20
4.98898209479 2.15649177569e-20
4.98942359101 2.16424107388e-20
4.9898651263 2.1550272265e-20
4.99030670066 2.14125476895e-20
4.9907483141 2.15192890955e-20
4.99118996662 2.1739113066e-20
4.99163165823 2.19245101338e-20
4.99207338892 2.2e-20
4.9925151587 2.20270871688e-20
4.99295696758 2.21411304421e-20
4.99339881555 2.21901406296e-20
4.99384070262 2.22936022548e-20
4.9942826288 2.25143012438e-20
4.99472459409 2.25450849373e-20
4.99516659849 2.24482885921e-20
4.995608642 2.24345784733e-20
4.99605072463 2.25845784733e-20
4.99649284639 2.27e-20
4.99693500727 2.27e-20
4.99737720727 2.27932948722e-20
4.99781944641 2.30152536199e-20
4.99826172469 2.31719587477e-20
4.9987040421 2.3291454403e-20
4.99914639866 2.33902667016e-20
4.99958879436 2.33042673312e-20
5.00003122922 2.3276077905e-20
5.00047370322 2.34357859346e-20
5.00091621638 2.35851729726e-20
5.0013587687 2.36700099104e-20
5.00180136019 2.37296892749e-20
5.00224399084 2.38142110665e-20
5.00268666066 2.38845217916e-20
5.00312936966 2.3944172495e-20
5.00357211783 2.40431631771e-20
5.00401490519 2.41027941611e-20
5.00445773172 2.41624148169e-20
5.00490059745 2.42720257595e-20
5.00534350237 2.43998398831e-20
5.00578644648 2.45594317266e-20
5.00622942979 2.46730062652e-20
5.0066724523 2.47325790115e-20
5.00711551401 2.47452207878e-20
5.00755861493 2.47547744386e-20
5.00800175507 2.48390349899e-20
5.00844493442 2.49535701281e-20
5.00888815299 2.52130941004e-20
5.00933141078 2.54564262999e-20
5.0097747078 2.55e-20
5.01021804405 2.55206757176e-20
5.01066141953 2.5596091698e-20
5.01110483424 2.57357189242e-20
5.0115482882 2.59300673288e-20
5.0119917814 2.6069764385e-20
5.01243531384 2.61443293216e-20
5.01287888554 2.62924207828e-20
5.01332249649 2.64443346994e-20
5.01376614669 2.64631689773e-20
5.01420983616 2.65300899474e-20
5.01465356489 2.66631642083e-20
5.01509733289 2.67225525798e-20
5.01554114016 2.67725525798e-20
5.0159849867 2.68e-20
5.01642887252 2.69463975015e-20
5.01687279763 2.71463975015e-20
5.01731676201 2.72e-20
5.01776076569 2.73006031648e-20
5.01820480866 2.74506031648e-20
5.01864889092 2.75e-20
5.01909301248 2.75145618891e-20
5.01953717334 2.76029724203e-20
5.01998137351 2.7786098285e-20
5.02042561299 2.79761654766e-20
5.02086989178 2.8111584527e-20
5.02131420989 2.81831068041e-20
5.02175856732 2.82847013452e-20
5.02220296406 2.83377358848e-20
5.02264740014 2.84046097685e-20
5.02309187555 2.85577549717e-20
5.02353639029 2.86885182236e-20
5.02398094436 2.88823384808e-20
5.02442553778 2.9e-20
5.02487017054 2.90245501712e-20
5.02531484265 2.9132811917e-20
5.02575955411 2.92919685585e-20
5.02620430493 2.93454288216e-20
5.0266490951 2.93545664171e-20
5.02709392463 2.95350626015e-20
5.02753879353 2.96941808345e-20
5.0279837018 2.97649907165e-20
5.02842864943 2.99240887494e-20
5.02887363645 3.00766632255e-20
5.02931866284 3.01454628821e-20
5.02976372862 3.02038764151e-20
5.03020883378 3.03240160843e-20
5.03065397833 3.04674449396e-20
5.03109916227 3.05674449396e-20
5.03154438561 3.06855077565e-20
5.03198964835 3.07855077565e-20
5.03243495049 3.08052979058e-20
5.03288029203 3.09427693249e-20
5.03332567299 3.10197449866e-20
5.03377109337 3.11280135623e-20
5.03421655315 3.13760092768e-20
5.03466205236 3.14786893126e-20
5.035107591 3.16057891448e-20
5.03555316906 3.17905234576e-20
5.03599878655 3.19207737183e-20
5.03644444348 3.19876193748e-20
5.03689013985 3.20930703463e-20
5.03733587565 3.21930703463e-20
5.0377816509 3.22217242843e-20
5.0382274656 3.24019810672e-20
5.03867331976 3.24945641759e-20
5.03911921337 3.24455689684e-20
5.03956514643 3.24544262791e-20
5.04001111896 3.26110958556e-20
5.04045713096 3.2887931152e-20
5.04090318242 3.3e-20
5.04134927336 3.3040822299e-20
5.04179540378 3.31812719367e-20
5.04224157367 3.32904496377e-20
5.04268778305 3.3404014952e-20
5.04313403191 3.35792224671e-20
5.04358032027 3.37752075151e-20
5.04402664812 3.39171633621e-20
5.04447301547 3.39671633621e-20
5.04491942231 3.40259052219e-20
5.04536586867 3.41061742503e-20
5.04581235453 3.42148971148e-20
5.0462588799 3.44015752741e-20
5.04670544478 3.45669471878e-20
5.04715204919 3.47907070838e-20
5.04759869312 3.49907070838e-20
5.04804537657 3.50127022418e-20
5.04849209955 3.51447452024e-20
5.04893886206 3.53970490671e-20
5.04938566411 3.56229855471e-20
5.0498325057 3.57843373325e-20
5.05027938683 3.58543108823e-20
5.05072630751 3.59747303721e-20
5.05117326774 3.61467773818e-20
5.05162026752 3.63634286647e-20
5.05206730686 3.65182795961e-20
5.05251438576 3.65542871581e-20
5.05296150422 3.67031542611e-20
5.05340866225 3.68377280203e-20
5.05385585985 3.68330789328e-20
5.05430309703 3.69821383943e-20
5.05475037378 3.71914745112e-20
5.05519769012 3.72335714745e-20
5.05564504604 3.72958576803e-20
5.05609244154 3.73542485183e-20
5.05653987664 3.7496960325e-20
5.05698735134 3.76634030764e-20
5.05743486563 3.78850974215e-20
5.05788241953 3.78866089018e-20
5.05833001303 3.78562394307e-20
5.05877764615 3.80636752847e-20
5.05922531887 3.81984332707e-20
5.05967303121 3.84068578205e-20
5.06012078318 3.85242177832e-20
5.06056857476 3.85341783334e-20
5.06101640597 3.87172519361e-20
5.06146427682 3.90082477382e-20
5.06191218729 3.9091627574e-20
5.06236013741 3.90232993376e-20
5.06280812716 3.90467085442e-20
5.06325615656 3.91984693459e-20
5.06370422561 3.94169017524e-20
5.06415233431 3.96743497809e-20
5.06460048266 3.98458428892e-20
5.06504867068 3.98716706912e-20
5.06549689835 3.99783685439e-20
5.06594516569 4.01691407723e-20
5.0663934727 4.02458618302e-20
5.06684181938 4.02200529697e-20
5.06729020574 4.02e-20
5.06773863178 4.03269993982e-20
5.0681870975 4.04305470328e-20
5.06863560291 4.06046811781e-20
5.06908414801 4.09058094088e-20
5.0695327328 4.10546758653e-20
5.06998135729 4.11257597102e-20
5.07043002148 4.12257597102e-20
5.07087872537 4.13421298336e-20
5.07132746897 4.14169794833e-20
5.07177625228 4.15125428071e-20
5.07222507531 4.16376931574e-20
5.07267393806 4.1812134792e-20
5.07312284052 4.1962134792e-20
5.07357178272 4.2e-20
5.07402076464 4.21982544116e-20
5.07446978629 4.23518697422e-20
5.07491884768 4.23919266211e-20
5.07536794881 4.26883112905e-20
5.07581708968 4.29157419273e-20
5.0762662703 4.29657419273e-20
5.07671549067 4.3095210736e-20
5.07716475079 4.32673847652e-20
5.07761405067 4.33540185593e-20
5.0780633903 4.34535612546e-20
5.07851276971 4.35717167246e-20
5.07896218888 4.36438718462e-20
5.07941164782 4.37896148432e-20
5.07986114653 4.40476091156e-20
5.08031068503 4.42401547889e-20
5.0807602633 4.42178101285e-20
5.08120988136 4.42795214582e-20
5.08165953921 4.45067757271e-20
5.08210923686 4.48285423293e-20
5.08255897429 4.50974991282e-20
5.08300875153 4.5205426252e-20
5.08345856857 4.53133439285e-20
5.08390842541 4.5458854114e-20
5.08435832207 4.56583018836e-20
5.08480825853 4.59650631465e-20
5.08525823482 4.61819651744e-20
5.08570825092 4.63668059495e-20
5.08615830685 4.67595172634e-20
5.08660840261 4.69539227752e-20
5.0870585382 4.69914704927e-20
5.08750871362 4.71493018809e-20
5.08795892888 4.72919943125e-20
5.08840918398 4.75072282451e-20
5.08885947893 4.77842767821e-20
5.08930981372 4.79692979682e-20
5.08976018837 4.81078366871e-20
5.09021060287 4.82309624534e-20
5.09066105723 4.8431335829e-20
5.09111155145 4.85898099962e-20
5.09156208554 4.88508979018e-20
5.0920126595 4.91e-20
5.09246327334 4.91353283037e-20
5.09291392705 4.93009604779e-20
5.09336462064 4.94656321742e-20
5.09381535411 4.95466603408e-20
5.09426612747 4.97553487176e-20
5.09471694072 5.00707069813e-20
5.09516779387 5.02620186044e-20
5.09561868691 5.03386695717e-20
5.09606961986 5.04736548389e-20
5.09652059271 5.0631296248e-20
5.09697160547 5.08463109808e-20
5.09742265814 5.10039328847e-20
5.09787375073 5.10771422743e-20
5.09832488323 5.12847447181e-20
5.09877605566 5.15075237715e-20
5.09922726801 5.17151073638e-20
5.0996785203 5.18920225691e-20
5.10012981252 5.20262709755e-20
5.10058114467 5.21838262944e-20
5.10103251676 5.23489180851e-20
5.1014839288 5.25064545575e-20
5.10193538079 5.27550218754e-20
5.10238687272 5.29670264359e-20
5.10283840462 5.29507351844e-20
5.10328997647 5.30627806143e-20
5.10374158828 5.34187984988e-20
5.10419324005 5.36462629977e-20
5.1046449318 5.36679546581e-20
5.10509666351 5.37822945776e-20
5.1055484352 5.4068868326e-20
5.10600024687 5.43658004661e-20
5.10645209853 5.46380953527e-20
5.10690399017 5.49029397795e-20
5.1073559218 5.50656264153e-20
5.10780789342 5.50597834082e-20
5.10825990504 5.50536946317e-20
5.10871195666 5.53319169667e-20
5.10916404829 5.56905780542e-20
5.10961617992 5.59125044342e-20
5.11006835156 5.61272146485e-20
5.11052056322 5.63295942841e-20
5.1109728149 5.65102444101e-20
5.11142510659 5.67568485645e-20
5.11187743832 5.7078800976e-20
5.11232981007 5.73468317632e-20
5.11278222185 5.75075403767e-20
5.11323467367 5.76833015229e-20
5.11368716553 5.79284548836e-20
5.11413969743 5.8075747037e-20
5.11459226938 5.81451345497e-20
5.11504488138 5.82926505732e-20
5.11549753343 5.86022687828e-20
5.11595022554 5.89167324424e-20
5.11640295771 5.91407754912e-20
5.11685572994 5.94052011347e-20
5.11730854225 5.9660009374e-20
5.11776139462 5.98540007314e-20
5.11821428707 5.99943833288e-20
5.11866721959 6.01291304565e-20
5.1191201922 6.03174487476e-20
5.1195732049 6.05317615977e-20
5.12002625768 6.07460556525e-20
5.12047935055 6.09603309131e-20
5.12093248352 6.11745873807e-20
5.1213856566 6.13888250561e-20
5.12183886977 6.15030431021e-20
5.12229212305 6.16172411855e-20
5.12274541644 6.18410463802e-20
5.12319874995 6.21052065568e-20
5.12365212357 6.23597217164e-20
5.12410553731 6.25940695597e-20
5.12455899118 6.28819222302e-20
5.12501248518 6.3148514286e-20
5.1254660193 6.32772677571e-20
5.12591959357 6.34028745031e-20
5.12637320797 6.3704059829e-20
5.12682686251 6.40750747292e-20
5.1272805572 6.43634732243e-20
5.12773429204 6.44895838208e-20
5.12818806703 6.46517684227e-20
5.12864188218 6.48622668418e-20
5.12909573749 6.50366743322e-20
5.12954963296 6.53127660353e-20
5.1300035686 6.56022535412e-20
5.13045754441 6.5765663419e-20
5.13091156039 6.58451655373e-20
5.13136561656 6.59972363519e-20
5.1318197129 6.61520708146e-20
5.13227384943 6.62987798408e-20
5.13272802614 6.65215102043e-20
5.13318224305 6.67125294238e-20
5.13363650016 6.68762555593e-20
5.13409079746 6.70797619981e-20
5.13454513497 6.73433054992e-20
5.13499951268 6.74965128942e-20
5.1354539306 6.74878947449e-20
5.13590838874 6.7761986165e-20
5.13636288709 6.81343069663e-20
5.13681742566 6.83320964929e-20
5.13727200446 6.86093730044e-20
5.13772662348 6.88409791636e-20
5.13818128274 6.89817732995e-20
5.13863598223 6.92236777898e-20
5.13909072196 6.94759116986e-20
5.13954550193 6.96587570107e-20
5.14000032215 6.98969635304e-20
5.14045518261 7.02485986587e-20
5.14091008333 7.04289350591e-20
5.1413650243 7.05541475166e-20
5.14182000553 7.08015973883e-20
5.14227502703 7.09074814439e-20
5.14273008879 7.09791130335e-20
5.14318519083 7.11782134426e-20
5.14364033314 7.14740523028e-20
5.14409551572 7.17090519583e-20
5.14455073859 7.19139006409e-20
5.14500600174 7.21771537708e-20
5.14546130518 7.23548346385e-20
5.14591664891 7.24340251603e-20
5.14637203293 7.25586692802e-20
5.14682745726 7.26746441199e-20
5.14728292188 7.28317054574e-20
5.14773842682 7.31704441741e-20
5.14819397206 7.32896642825e-20
5.14864955762 7.33121327883e-20
5.14910518349 7.35682112429e-20
5.14956084968 7.37878068878e-20
5.1500165562 7.40349090542e-20
5.15047230304 7.43541061869e-20
5.15092809022 7.45200303637e-20
5.15138391773 7.46398561346e-20
5.15183978558 7.48993721919e-20
5.15229569376 7.52485504781e-20
5.1527516423 7.55519859358e-20
5.15320763118 7.57191899467e-20
5.15366366042 7.58650672306e-20
5.15411973001 7.60641520025e-20
5.15457583996 7.61852928397e-20
5.15503199028 7.63962642902e-20
5.15548818096 7.64598753502e-20
5.15594441201 7.66190771787e-20
5.15640068343 7.69468070643e-20
5.15685699524 7.69650355805e-20
5.15731334742 7.70988491749e-20
5.15776973999 7.74251545399e-20
5.15822617294 7.76427681451e-20
5.15868264629 7.77918754396e-20
5.15913916004 7.8032262946e-20
5.15959571418 7.81405193035e-20
5.16005230872 7.8193501028e-20
5.16050894367 7.83361373759e-20
5.16096561903 7.85613258209e-20
5.16142233481 7.89352178438e-20
5.161879091 7.92205019093e-20
5.16233588761 7.94458361797e-20
5.16279272464 7.97078337791e-20
5.1632496021 7.99705905157e-20
5.16370651999 8.02575290301e-20
5.16416347832 8.06199904351e-20
5.16462047709 8.0924444435e-20
5.16507751629 8.10553027516e-20
5.16553459595 8.12268360183e-20
5.16599171605 8.15192989646e-20
5.1664488766 8.18200483983e-20
5.16690607761 8.213789892e-20
5.16736331908 8.23639682133e-20
5.16782060101 8.25701021241e-20
5.16827792341 8.28617795068e-20
5.16873528628 8.30762208413e-20
5.16919268963 8.32785063135e-20
5.16965013345 8.33923148485e-20
5.17010761775 8.35522664369e-20
5.17056514254 8.37628936933e-20
5.17102270782 8.39273395697e-20
5.17148031358 8.4162288404e-20
5.17193795985 8.44744305436e-20
5.17239564661 8.47812217579e-20
5.17285337387 8.49818876564e-20
5.17331114164 8.50765180863e-20
5.17376894993 8.52530514356e-20
5.17422679872 8.54765303786e-20
5.17468468803 8.56180623538e-20
5.17514261786 8.58186439458e-20
5.17560058822 8.61251584746e-20
5.1760585991 8.64786491282e-20
5.17651665052 8.68080576385e-20
5.17697474247 8.70784784014e-20
5.17743287496 8.71463558221e-20
5.17789104799 8.72651228136e-20
5.17834926156 8.76457448584e-20
5.17880751569 8.8072643735e-20
5.17926581037 8.8277603348e-20
5.1797241456 8.84175199804e-20
5.1801825214 8.86670020524e-20
5.18064093776 8.89422954443e-20
5.18109939468 8.93522801509e-20
5.18155789218 8.97234780866e-20
5.18201643025 8.99070172456e-20
5.1824750089 9.01115709003e-20
5.18293362813 9.03674173683e-20
5.18339228794 9.07182389058e-20
5.18385098835 9.1074066756e-20
5.18430972935 9.13253130292e-20
5.18476851094 9.148366498e-20
5.18522733313 9.17514194473e-20
5.18568619593 9.22176562578e-20
5.18614509933 9.26539663898e-20
5.18660404334 9.28418400205e-20
5.18706302797 9.30660073931e-20
5.18752205321 9.34209803351e-20
5.18798111907 9.3764923916e-20
5.18844022556 9.42878592576e-20
5.18889937268 9.47521125947e-20
5.18935856043 9.50725337006e-20
5.18981778882 9.54268631768e-20
5.19027705784 9.57425067955e-20
5.19073636751 9.5887599238e-20
5.19119571782 9.6119894145e-20
5.19165510878 9.64312316271e-20
5.1921145404 9.67106153706e-20
5.19257401267 9.71101460161e-20
5.19303352561 9.74781736871e-20
5.19349307921 9.77029139329e-20
5.19395267347 9.79641569439e-20
5.19441230841 9.82383131089e-20
5.19487198402 9.85697568337e-20
5.19533170032 9.89533900327e-20
5.19579145729 9.91786168061e-20
5.19625125495 9.93581452257e-20
5.1967110933 9.96637107991e-20
5.19717097234 9.98953135268e-20
5.19763089208 9.99740446734e-20
5.19809085252 1.00295823811e-19
5.19855085366 1.00795823811e-19
5.19901089551 1.01e-19
5.19947097807 1.01e-19
5.19993110135 1.01406020762e-19
5.20039126534 1.01906020762e-19
5.20085147006 1.02e-19
5.2013117155 1.02e-19
5.20177200167 1.025e-19
5.20223232857 1.03042715263e-19
5.20269269621 1.03542715263e-19
5.20315310459 1.04e-19
5.20361355372 1.04124165653e-19
5.20407404359 1.04624165653e-19
5.20453457421 1.05e-19
5.20499514558 1.05205198501e-19
5.20545575772 1.05705198501e-19
5.20591641061 1.06e-19
5.20637710427 1.06285813885e-19
5.2068378387 1.06785813885e-19
5.2072986139 1.0733932559e-19
5.20775942988 1.0783932559e-19
5.20822028663 1.08e-19
5.20868118417 1.08e-19
5.2091421225 1.08445792579e-19
5.20960310161 1.08945792579e-19
5.21006412153 1.09e-19
5.21052518223 1.09025151819e-19
5.21098628374 1.09525151819e-19
5.21144742606 1.1e-19
5.21190860918 1.10104084866e-19
5.21236983311 1.10604084866e-19
5.21283109787 1.11e-19
5.21329240344 1.1118260091e-19
5.21375374983 1.1168260091e-19
5.21421513705 1.12e-19
5.2146765651 1.12e-19
5.21513803398 1.12286640433e-19
5.2155995437 1.12786640433e-19
5.21606109426 1.13338382305e-19
5.21652268567 1.13838382305e-19
5.21698431792 1.14e-19
5.21744599103 1.14e-19
5.21790770499 1.14441310386e-19
5.21836945981 1.14941310386e-19
5.21883125549 1.15e-19
5.21929309204 1.15018017302e-19
5.21975496946 1.15518017302e-19
5.22021688775 1.16e-19
5.22067884692 1.16e-19
5.22114084697 1.16119632122e-19
5.22160288791 1.16619632122e-19
5.22206496973 1.17e-19
5.22252709244 1.17195357419e-19
5.22298925605 1.17695357419e-19
5.22345146056 1.18e-19
5.22391370597 1.18e-19
5.22437599229 1.18e-19
5.22483831952 1.1832064112e-19
5.22530068766 1.1882064112e-19
5.22576309671 1.19e-19
5.22622554669 1.19e-19
5.22668803759 1.1942003568e-19
5.22715056942 1.1992003568e-19
5.22761314218 1.2046945556e-19
5.22807575588 1.2096945556e-19
5.22853841051 1.21018687384e-19
5.22900110609 1.21518687384e-19
5.22946384261 1.22e-19
5.22992662008 1.22e-19
5.23038943851 1.22116586208e-19
5.23085229789 1.22616586208e-19
5.23131519823 1.23e-19
5.23177813954 1.23189525211e-19
5.23224112181 1.23689525211e-19
5.23270414506 1.24e-19
5.23316720928 1.24e-19
5.23363031448 1.24286130553e-19
5.23409346066 1.24786130553e-19
5.23455664782 1.25e-19
5.23501987598 1.25e-19
5.23548314513 1.25e-19
5.23594645527 1.25e-19
5.23640980642 1.25429653251e-19
5.23687319857 1.25929653251e-19
5.23733663173 1.26e-19
5.2378001059 1.26000791252e-19
5.23826362108 1.26500791252e-19
5.23872717728 1.27e-19
5.2391907745 1.27e-19
5.23965441275 1.27094980062e-19
5.24011809203 1.27594980062e-19
5.24058181234 1.28e-19
5.24104557369 1.28165137267e-19
5.24150937608 1.28665137267e-19
5.24197321951 1.29e-19
5.24243710399 1.29e-19
5.24290102952 1.29258034493e-19
5.24336499611 1.29758034493e-19
5.24382900375 1.30304206427e-19
5.24429305246 1.30804206427e-19
5.24475714223 1.3135019394e-19
5.24522127307 1.3185019394e-19
5.24568544499 1.32e-19
5.24614965798 1.32418829476e-19
5.24661391205 1.32918829476e-19
5.2470782072 1.33464356045e-19
5.24754254344 1.34451406248e-19
5.24800692078 1.34996746841e-19
5.24847133921 1.35509696638e-19
5.24893579873 1.36054846916e-19
5.24940029936 1.36554846916e-19
5.24986484109 1.37e-19
5.25032942394 1.37e-19
5.25079404789 1.37144594727e-19
5.25125871297 1.37644594727e-19
5.25172341916 1.38e-19
5.25218816647 1.38e-19
5.25265295492 1.38233605708e-19
5.25311778449 1.38733605708e-19
5.2535826552 1.38722165051e-19
5.25404756705 1.38222165051e-19
5.25451252004 1.38e-19
5.25497751418 1.38343833569e-19
5.25544254946 1.38843833569e-19
5.2559076259 1.39e-19
5.2563727435 1.39e-19
5.25683790225 1.39e-19
5.25730310217 1.39452910829e-19
5.25776834326 1.39952910829e-19
5.25823362551 1.4e-19
5.25869894895 1.4e-19
5.25916431356 1.40039337791e-19
5.25962971935 1.40539337791e-19
5.26009516633 1.41e-19
5.2605606545 1.41e-19
5.26102618386 1.41125020944e-19
5.26149175441 1.41625020944e-19
5.26195736617 1.42e-19
5.26242301913 1.42e-19
5.2628887133 1.42e-19
5.26335444868 1.4223109044e-19
5.26382022528 1.4273109044e-19
5.26428604309 1.43e-19
5.26475190213 1.43294180583e-19
5.26521780239 1.43794180583e-19
5.26568374388 1.44e-19
5.26614972661 1.44e-19
5.26661575057 1.4437765747e-19
5.26708181577 1.4487765747e-19
5.26754792222 1.45e-19
5.26801406991 1.45439782766e-19
5.26848025886 1.45939782766e-19
5.26894648906 1.46e-19
5.26941276052 1.465e-19
5.26987907324 1.47e-19
5.27034542723 1.4704239917e-19
5.27081182249 1.4754239917e-19
5.27127825902 1.48e-19
5.27174473682 1.4810341197e-19
5.27221125591 1.4860341197e-19
5.27267781628 1.49e-19
5.27314441794 1.49e-19
5.27361106089 1.49184119827e-19
5.27407774514 1.49684119827e-19
5.27454447069 1.5e-19
5.27501123754 1.5e-19
5.27547804569 1.50264093535e-19
5.27594489515 1.50764093535e-19
5.27641178593 1.51e-19
5.27687871803 1.51323592153e-19
5.27734569144 1.51823592153e-19
5.27781270618 1.52e-19
5.27827976225 1.52e-19
5.27874685965 1.52e-19
5.27921399839 1.52421839315e-19
5.27968117846 1.52921839315e-19
5.28014839988 1.53e-19
5.28061566264 1.53480237433e-19
5.28108296676 1.53980237433e-19
5.28155031222 1.54018937096e-19
5.28201769905 1.54518937096e-19
5.28248512724 1.55e-19
5.28295259679 1.55076637875e-19
5.28342010771 1.55576637875e-19
5.28388766 1.56e-19
5.28435525366 1.56133926333e-19
5.28482288871 1.56633926333e-19
5.28529056514 1.57e-19
5.28575828295 1.57190802557e-19
5.28622604216 1.57690802557e-19
5.28669384276 1.58228491063e-19
5.28716168476 1.58728491063e-19
5.28762956816 1.59265996418e-19
5.28809749296 1.59765996418e-19
5.28856545917 1.60303318648e-19
5.2890334668 1.60803318648e-19
5.28950151584 1.61340457778e-19
5.2899696063 1.62199416466e-19
5.29043773819 1.63236372522e-19
5.2909059115 1.6427323705e-19
5.29137412624 1.65310010058e-19
5.29184238241 1.66346691551e-19
5.29231068003 1.67383281536e-19
5.29277901908 1.67950776826e-19
5.29324739959 1.6897436763e-19
5.29371582154 1.7047436763e-19
5.29418428494 1.71023403835e-19
5.2946527898 1.7156484799e-19
5.29512133612 1.72541444155e-19
5.2955899239 1.73077387623e-19
5.29605855315 1.73577387623e-19
5.29652722387 1.74e-19
5.29699593606 1.74130959938e-19
5.29746468974 1.74630959938e-19
5.29793348489 1.74833553737e-19
5.29840232154 1.74333553737e-19
5.29887119967 1.74201749775e-19
5.29934011929 1.7448241679e-19
5.29980908041 1.74280667015e-19
5.30027808303 1.74254362328e-19
5.30074712716 1.74754362328e-19
5.30121621279 1.75e-19
5.30168533993 1.75e-19
5.30215450859 1.753238728e-19
5.30262371877 1.758238728e-19
5.30309297047 1.76e-19
5.3035622637 1.76e-19
5.30403159845 1.76392652494e-19
5.30450097474 1.76892652494e-19
5.30497039257 1.77e-19
5.30543985194 1.77e-19
5.30590935285 1.77460701619e-19
5.30637889531 1.77960701619e-19
5.30684847932 1.78494452284e-19
5.30731810489 1.78994452284e-19
5.30778777201 1.79e-19
5.3082574807 1.79e-19
5.30872723096 1.79061395432e-19
5.30919702278 1.79561395432e-19
5.30966685618 1.8e-19
5.31013673116 1.80111123054e-19
5.31060664772 1.80611123054e-19
5.31107660586 1.81144046744e-19
5.3115466056 1.81644046744e-19
5.31201664692 1.82176788018e-19
5.31248672984 1.82676788018e-19
5.31295685436 1.83209346903e-19
5.31342702048 1.83709346903e-19
5.31389722821 1.84241723424e-19
5.31436747756 1.84741723424e-19
5.31483776851 1.85273917609e-19
5.31530810108 1.85773917609e-19
5.31577847528 1.86305929483e-19
5.3162488911 1.86805929483e-19
5.31671934855 1.87337759074e-19
5.31718984763 1.87837759074e-19
5.31766038835 1.88e-19
5.31813097071 1.88e-19
5.31860159471 1.88400871511e-19
5.31907226036 1.88900871511e-19
5.31954296766 1.89e-19
5.32001371662 1.89e-19
5.32048450724 1.89463255131e-19
5.32095533951 1.89963255131e-19
5.32142621346 1.9e-19
5.32189712907 1.90009563047e-19
5.32236808636 1.90509563047e-19
5.32283908532 1.91e-19
5.32331012596 1.91e-19
5.32378120829 1.91e-19
5.32425233231 1.91e-19
5.32472349802 1.91100937304e-19
5.32519470542 1.91600937304e-19
5.32566595452 1.92e-19
5.32613724533 1.92e-19
5.32660857784 1.92e-19
5.32707995206 1.9217583123e-19
5.327551368 1.9267583123e-19
5.32802282565 1.93e-19
5.32849432503 1.93220221756e-19
5.32896586613 1.93720221756e-19
5.32943744896 1.94249588067e-19
5.32990907352 1.94749588067e-19
5.33038073981 1.95e-19
5.33085244785 1.95293296541e-19
5.33132419763 1.96101071655e-19
5.33179598916 1.96807775114e-19
5.33226782244 1.97336595905e-19
5.33273969747 1.98187534033e-19
5.33321161426 1.99216173037e-19
5.33368357282 1.99865234909e-19
5.33415557313 2.00393692154e-19
5.33462761522 2.01301544778e-19
5.33509969908 2.02329820291e-19
5.33557182472 2.03358004948e-19
5.33604399214 2.04386098755e-19
5.33651620134 2.0541410172e-19
5.33698845233 2.05964040246e-19
5.33746074511 2.06e-19
5.33793307969 2.065e-19
5.33840545606 2.07e-19
5.33887787424 2.07e-19
5.33935033423 2.06953048828e-19
5.33982283602 2.06453048828e-19
5.34029537963 2.06e-19
5.34076796506 2.06e-19
5.3412405923 2.06e-19
5.34171326137 2.06e-19
5.34218597227 2.06e-19
5.34265872501 2.06e-19
5.34313151957 2.05845050804e-19
5.34360435598 2.05345050804e-19
5.34407723423 2.05e-19
5.34455015433 2.05e-19
5.34502311628 2.05e-19
5.34549612008 2.05220973612e-19
5.34596916574 2.05720973612e-19
5.34644225327 2.06e-19
5.34691538265 2.06e-19
5.34738855391 2.06e-19
5.34786176704 2.06e-19
5.34833502205 2.06e-19
5.34880831894 2.06e-19
5.34928165771 2.06324254963e-19
5.34975503837 2.06824254963e-19
5.35022846092 2.07e-19
5.35070192537 2.07362237649e-19
5.35117543171 2.07862237649e-19
5.35164897996 2.08e-19
5.35212257011 2.08e-19
5.35259620218 2.08e-19
5.35306987615 2.08424636045e-19
5.35354359205 2.08924636045e-19
5.35401734987 2.09e-19
5.35449114961 2.09e-19
5.35496499128 2.09e-19
5.35543887488 2.09485902211e-19
5.35591280042 2.09985902211e-19
5.35638676789 2.10010090005e-19
5.35686077731 2.10510090005e-19
5.35733482868 2.11e-19
5.357808922 2.11e-19
5.35828305727 2.1105791766e-19
5.35875723451 2.1155791766e-19
5.3592314537 2.12e-19
5.35970571486 2.12e-19
5.36018001799 2.12e-19
5.36065436309 2.1211668427e-19
5.36112875017 2.12488382371e-19
5.36160317923 2.12511572406e-19
5.36207765027 2.12639874305e-19
5.3625521633 2.13e-19
5.36302671832 2.13e-19
5.36350131534 2.13e-19
5.36397595436 2.13e-19
5.36445063538 2.13208359255e-19
5.36492535841 2.13708359255e-19
5.36540012344 2.14e-19
5.36587493049 2.14e-19
5.36634977956 2.1425311187e-19
5.36682467065 2.1475311187e-19
5.36729960377 2.15e-19
5.36777457891 2.15e-19
5.36824959609 2.15e-19
5.3687246553 2.15e-19
5.36919975655 2.15e-19
5.36967489985 2.15329689474e-19
5.3701500852 2.15829689474e-19
5.37062531259 2.16351162296e-19
5.37110058204 2.16851162296e-19
5.37157589355 2.17372454505e-19
5.37205124712 2.17872454505e-19
5.37252664276 2.18e-19
5.37300208047 2.18404054232e-19
5.37347756025 2.19318551431e-19
5.3739530821 2.20339392232e-19
5.37442864604 2.21795390512e-19
5.37490425207 2.23316050799e-19
5.37537990018 2.244013731e-19
5.37585559038 2.25887888022e-19
5.37633132268 2.27408277591e-19
5.37680709708 2.28948876277e-19
5.37728291358 2.31461918349e-19
5.37775877219 2.34002153937e-19
5.37823467291 2.36029346847e-19
5.37871061575 2.37569216952e-19
5.3791866007 2.39089061829e-19
5.37966262777 2.40582429228e-19
5.38013869698 2.41602093776e-19
5.38061480831 2.42555951756e-19
5.38109096177 2.43e-19
5.38156715737 2.43e-19
5.38204339511 2.43e-19
5.38251967499 2.42895675625e-19
5.38299599703 2.42395675625e-19
5.38347236121 2.41876642004e-19
5.38394876755 2.41376642004e-19
5.38442521605 2.40857788584e-19
5.38490170671 2.40357788584e-19
5.38537823954 2.39839115337e-19
5.38585481454 2.39339115337e-19
5.38633143171 2.39e-19
5.38680809107 2.39e-19
5.3872847926 2.38802309246e-19
5.38776153632 2.38509088959e-19
5.38823832222 2.38490956059e-19
5.38871515033 2.38284176346e-19
5.38919202062 2.38e-19
5.38966893312 2.38e-19
5.39014588782 2.38e-19
5.39062288473 2.38e-19
5.39109992385 2.38e-19
5.39157700518 2.38e-19
5.39205412874 2.38e-19
5.39253129452 2.38e-19
5.39300850252 2.38e-19
5.39348575275 2.38e-19
5.39396304522 2.38320840823e-19
5.39444037993 2.38820840823e-19
5.39491775687 2.39e-19
5.39539517606 2.39e-19
5.39587263751 2.39354407145e-19
5.3963501412 2.40217093468e-19
5.39682768715 2.40862686323e-19
5.39730527536 2.41379109822e-19
5.39778290583 2.41879109822e-19
5.39826057857 2.42395353535e-19
5.39873829358 2.43298761515e-19
5.39921605087 2.4431482547e-19
5.39969385044 2.45330799557e-19
5.40017169229 2.46346683784e-19
5.40064957642 2.47362478157e-19
5.40112750285 2.48378182684e-19
5.40160547156 2.49393797373e-19
5.40208348258 2.49950791129e-19
5.4025615359 2.5e-19
5.40303963152 2.50473876315e-19
5.40351776945 2.50973876315e-19
5.40399594969 2.50510958084e-19
5.40447417225 2.50507515455e-19
5.40495243713 2.50996557371e-19
5.40543074434 2.51e-19
5.40590909387 2.51018831113e-19
5.40638748573 2.51518831113e-19
5.40686591993 2.52e-19
5.40734439646 2.52040700389e-19
5.40782291534 2.52540700389e-19
5.40830147656 2.53e-19
5.40878008014 2.53062165899e-19
5.40925872607 2.53562165899e-19
5.40973741435 2.54e-19
5.410216145 2.54e-19
5.41069491801 2.54e-19
5.41117373339 2.54097044756e-19
5.41165259114 2.54597044756e-19
5.41213149127 2.55e-19
5.41261043378 2.55e-19
5.41308941867 2.55e-19
5.41356844595 2.55e-19
5.41404751562 2.55e-19
5.41452662768 2.55e-19
5.41500578215 2.55e-19
5.41548497901 2.55e-19
5.41596421829 2.55e-19
5.41644349997 2.55e-19
5.41692282407 2.55e-19
5.41740219058 2.55e-19
5.41788159951 2.55e-19
5.41836105087 2.55194958091e-19
5.41884054466 2.55694958091e-19
5.41932008088 2.56207251692e-19
5.41979965954 2.56707251692e-19
5.42027928064 2.57e-19
5.42075894418 2.57225356317e-19
5.42123865017 2.57956657982e-19
5.42171839861 2.58731301666e-19
5.4221981895 2.59243058097e-19
5.42267802285 2.59991927284e-19
5.42315789867 2.61003504719e-19
5.42363781695 2.62014992665e-19
5.4241177777 2.62760357134e-19
5.42459778093 2.63271666127e-19
5.42507782663 2.63771666127e-19
5.42555791482 2.64282796197e-19
5.42603804549 2.64782796197e-19
5.42651821864 2.65e-19
5.4269984343 2.65e-19
5.42747869244 2.65304519684e-19
5.42795899309 2.65804519684e-19
5.42843933624 2.66e-19
5.4289197219 2.66e-19
5.42940015007 2.66e-19
5.42988062076 2.66e-19
5.43036113396 2.66e-19
5.43084168969 2.66e-19
5.43132228794 2.66e-19
5.43180292872 2.65649217564e-19
5.43228361204 2.64793518247e-19
5.43276433789 2.63783729159e-19
5.43324510629 2.63139428475e-19
5.43372591723 2.63e-19
5.43420677072 2.63e-19
5.43468766677 2.62620386281e-19
5.43516860537 2.62504648907e-19
5.43564958653 2.62884262626e-19
5.43613061025 2.63e-19
5.43661167654 2.63e-19
5.43709278541 2.634024118e-19
5.43757393685 2.639024118e-19
5.43805513087 2.64e-19
5.43853636747 2.64415555009e-19
5.43901764666 2.64915555009e-19
5.43949896843 2.65e-19
5.43998033281 2.65e-19
5.44046173978 2.65432454584e-19
5.44094318935 2.65932454584e-19
5.44142468153 2.66e-19
5.44190621631 2.66e-19
5.44238779371 2.66e-19
5.44286941373 2.66e-19
5.44335107637 2.66e-19
5.44383278163 2.66e-19
5.44431452952 2.66e-19
5.44479632004 2.66e-19
5.4452781532 2.66471581494e-19
5.445760029 2.66496332508e-19
5.44624194744 2.66024751013e-19
5.44672390853 2.66e-19
5.44720591226 2.6551401592e-19
5.44768795866 2.6501401592e-19
5.44817004771 2.65e-19
5.44865217942 2.65e-19
5.4491343538 2.65e-19
5.44961657085 2.65e-19
5.45009883057 2.64993749722e-19
5.45058113297 2.64493749722e-19
5.45106347805 2.64e-19
5.45154586582 2.64e-19
5.45202829627 2.6401886889e-19
5.45251076942 2.6451886889e-19
5.45299328526 2.65e-19
5.4534758438 2.65e-19
5.45395844505 2.65e-19
5.454441089 2.65e-19
5.45492377566 2.65036461596e-19
5.45540650504 2.65536461596e-19
5.45588927714 2.66e-19
5.45637209196 2.66044657326e-19
5.45685494951 2.66591957606e-19
5.45733784979 2.67647097805e-19
5.4578207928 2.69152250303e-19
5.45830377854 2.70662377435e-19
5.45878680703 2.72167352077e-19
5.45926987827 2.73736971584e-19
5.45975299225 2.75803992638e-19
5.46023614899 2.78318116386e-19
5.46071934849 2.80894197691e-19
5.46120259074 2.83838701994e-19
5.46168587576 2.8635202577e-19
5.46216920354 2.88934169043e-19
5.4626525741 2.91871411576e-19
5.46313598744 2.94306322421e-19
5.46361944355 2.962348602e-19
5.46410294244 2.97661244016e-19
5.46458648413 2.9858161015e-19
5.4650700686 2.98914570524e-19
5.46555369587 2.98414570524e-19
5.46603736593 2.97821857646e-19
5.4665210788 2.96731032218e-19
5.46700483448 2.95316639289e-19
5.46748863296 2.9431326397e-19
5.46797247426 2.93309977428e-19
5.46845635837 2.92306779657e-19
5.46894028531 2.91303670649e-19
5.46942425507 2.90300650396e-19
5.46990826765 2.8929771889e-19
5.47039232308 2.88294876124e-19
5.47087642133 2.87396738463e-19
5.47136056243 2.86894073153e-19
5.47184474637 2.86286880188e-19
5.47232897316 2.85392807035e-19
5.4728132428 2.85e-19
5.47329755529 2.84889274779e-19
5.47378191064 2.84389274779e-19
5.47426630886 2.83887141653e-19
5.47475074994 2.83387141653e-19
5.47523523389 2.82885185859e-19
5.47571976072 2.82385185859e-19
5.47620433042 2.82e-19
5.47668894301 2.81882584599e-19
5.47717359848 2.81382584599e-19
5.47765829684 2.81e-19
5.4781430381 2.80880382162e-19
5.47862782225 2.80380382162e-19
5.4791126493 2.8e-19
5.47959751925 2.8e-19
5.48008243212 2.8e-19
5.48056738789 2.8e-19
5.48105238658 2.8e-19
5.4815374282 2.8e-19
5.48202251273 2.8e-19
5.48250764019 2.80123833258e-19
5.48299281058 2.80623833258e-19
5.48347802391 2.81e-19
5.48396328018 2.81124441452e-19
5.48444857939 2.81624441452e-19
5.48493392154 2.82124625631e-19
5.48541930665 2.82749276979e-19
5.4859047347 2.83749284169e-19
5.48639020572 2.84749202876e-19
5.4868757197 2.85749033108e-19
5.48736127664 2.86748774872e-19
5.48784687655 2.87748428176e-19
5.48833251944 2.88871869701e-19
5.4888182053 2.9037134611e-19
5.48930393414 2.91746857411e-19
5.48978970596 2.92623264644e-19
5.49027552078 2.93122475769e-19
5.49076137858 2.93622475769e-19
5.49124727938 2.94e-19
5.49173322318 2.93879039067e-19
5.49221920999 2.93379039067e-19
5.4927052398 2.93e-19
5.49319131262 2.93e-19
5.49367742846 2.93e-19
5.49416358731 2.92882447591e-19
5.49464978919 2.92382447591e-19
5.49513603409 2.91884120238e-19
5.49562232202 2.91499097428e-19
5.49610865299 2.9161497719e-19
5.49659502699 2.91886960434e-19
5.49708144404 2.91386960434e-19
5.49756790413 2.91e-19
5.49805440727 2.91e-19
5.49854095346 2.91e-19
5.49902754271 2.91e-19
5.49951417502 2.91e-19
5.50000085039 2.91e-19
5.50048756883 2.91e-19
5.50097433035 2.90897864857e-19
5.50146113494 2.90397864857e-19
5.5019479826 2.89900773455e-19
5.50243487335 2.89303067375e-19
5.50292180719 2.8840229392e-19
5.50340878412 2.87905467162e-19
5.50389580415 2.87405467162e-19
5.50438286727 2.87e-19
5.50486997349 2.87089442254e-19
5.50535712282 2.87501785038e-19
5.50584431526 2.87498170881e-19
5.50633155082 2.87585828097e-19
5.50681882949 2.8808203763e-19
5.50730615128 2.8858203763e-19
5.5077935162 2.89078070884e-19
5.50828092425 2.89654092301e-19
5.50876837543 2.90576021417e-19
5.50925586974 2.91071790314e-19
5.5097434072 2.91641399001e-19
5.5102309878 2.92569608687e-19
5.51071861155 2.93e-19
5.51120627845 2.93062799546e-19
5.51169398851 2.93623241305e-19
5.51218174173 2.9456044176e-19
5.51266953811 2.95e-19
5.51315737765 2.9505310424e-19
5.51364526037 2.9550253388e-19
5.51413318627 2.95497422106e-19
5.51462115534 2.95547992466e-19
5.51510916759 2.96e-19
5.51559722303 2.96039994744e-19
5.51608532166 2.96539994744e-19
5.51657346349 2.97e-19
5.51706164851 2.97031601046e-19
5.51754987673 2.97531601046e-19
5.51803814816 2.98025785313e-19
5.5185264628 2.98525785313e-19
5.51901482065 2.99e-19
5.51950322172 2.98983268105e-19
5.51999166601 2.98469641952e-19
5.52048015352 2.97475897397e-19
5.52096868426 2.96474957969e-19
5.52145725824 2.94981389243e-19
5.52194587545 2.93495954823e-19
5.5224345359 2.93e-19
5.52292323959 2.92505932397e-19
5.52341198653 2.92005932397e-19
5.52390077672 2.92487195675e-19
5.52438961017 2.92987195675e-19
5.52487848688 2.93e-19
5.52536740684 2.93e-19
5.52585637008 2.93e-19
5.52634537659 2.93469247036e-19
5.52683442637 2.94434772578e-19
5.52732351942 2.94965525542e-19
5.52781265576 2.95457950822e-19
5.52830183539 2.95957950822e-19
5.52879105831 2.96450200485e-19
5.52928032452 2.96950200485e-19
5.52976963402 2.97442274564e-19
5.53025898683 2.97942274564e-19
5.53074838294 2.98434173091e-19
5.53123782236 2.98934173091e-19
5.5317273051 2.98574103901e-19
5.53221683115 2.98495795694e-19
5.53270640052 2.98504248173e-19
5.53319601321 2.9808255638e-19
5.53368566923 2.97591184313e-19
5.53417536859 2.97091184313e-19
5.53466511127 2.96599987667e-19
5.5351548973 2.95704442784e-19
5.53564472668 2.95104455117e-19
5.5361345994 2.94613521542e-19
5.53662451547 2.94113521542e-19
5.53711447489 2.93622763306e-19
5.53760447767 2.93122763306e-19
5.53809452382 2.93e-19
5.53858461333 2.93e-19
5.53907474621 2.92641772721e-19
5.53956492247 2.92141772721e-19
5.5400551421 2.92348459694e-19
5.54054540512 2.92848459694e-19
5.54103571152 2.933385169e-19
5.54152606131 2.938385169e-19
5.54201645449 2.94328398931e-19
5.54250689107 2.95474947463e-19
5.54299737106 2.96964654352e-19
5.54348789444 2.98443893012e-19
5.54397846124 3.00548699991e-19
5.54446907144 3.03027588465e-19
5.54495972507 3.05495658574e-19
5.54545042211 3.07974196929e-19
5.54594116258 3.10155565946e-19
5.54643194647 3.12133754247e-19
5.5469227738 3.14111767546e-19
5.54741364456 3.15819985541e-19
5.54790455876 3.16769620318e-19
5.5483955164 3.17258364514e-19
5.54888651749 3.17505693502e-19
5.54937756203 3.17247328988e-19
5.54986865003 3.16758847171e-19
5.55035978149 3.16023519015e-19
5.5508509564 3.15035212076e-19
5.55134217479 3.14046992563e-19
5.55183343664 3.13276452331e-19
5.55232474197 3.12788407647e-19
5.55281609077 3.12082858501e-19
5.55330748306 3.11094988612e-19
5.55379891883 3.10107206107e-19
5.55429039809 3.09119510979e-19
5.55478192084 3.08131903219e-19
5.55527348709 3.0731906059e-19
5.55576509684 3.06831627542e-19
5.5562567501 3.06169604067e-19
5.55674844687 3.05182345697e-19
5.55724018714 3.04195174654e-19
5.55773197094 3.0320809093e-19
5.55822379825 3.02357285448e-19
5.55871566909 3.01870376335e-19
5.55920758345 3.01247363583e-19
5.55969954135 3.00376987248e-19
5.56019154278 2.9989033999e-19
5.56068358775 2.992874218e-19
5.56117567627 2.9830094907e-19
5.56166780833 2.9740386726e-19
5.56215998394 2.96917569024e-19
5.56265220311 2.96342054356e-19
5.56314446583 2.95424485331e-19
5.56363677212 2.94938448775e-19
5.56412912197 2.94438448775e-19
5.5646215154 2.9395258663e-19
5.5651139524 2.9341230758e-19
5.56560643297 2.9245972095e-19
5.56609895713 2.92e-19
5.56659152487 2.91981385436e-19
5.56708413621 2.91481385436e-19
5.56757679113 2.90996046321e-19
5.56806948966 2.9049948906e-19
5.56856223178 2.90003442738e-19
5.56905501751 2.9e-19
5.56954784685 2.9e-19
5.5700407198 2.9e-19
5.57053363636 2.89541081883e-19
5.57102659655 2.89041081883e-19
5.57151960036 2.89e-19
5.5720126478 2.89e-19
5.57250573887 2.89e-19
5.57299887358 2.88579809824e-19
5.57349205193 2.88492123803e-19
5.57398527392 2.88912313979e-19
5.57447853955 2.89e-19
5.57497184884 2.89388424245e-19
5.57546520178 2.90268798213e-19
5.57595859839 2.90880373967e-19
5.57645203865 2.91364142887e-19
5.57694552258 2.9222010498e-19
5.57743905018 2.92855962093e-19
5.57793262146 2.93e-19
5.57842623642 2.93e-19
5.57891989505 2.93e-19
5.57941359738 2.93e-19
5.57990734339 2.93e-19
5.58040113309 2.93e-19
5.5808949665 2.93288950212e-19
5.5813888436 2.93788950212e-19
5.58188276441 2.94e-19
5.58237672893 2.94e-19
5.58287073717 2.94e-19
5.58336478912 2.93754344895e-19
5.58385888479 2.93254344895e-19
5.58435302418 2.93228032942e-19
5.5848472073 2.93728032942e-19
5.58534143416 2.94e-19
5.58583570475 2.94e-19
5.58633001908 2.94e-19
5.58682437716 2.94e-19
5.58731877898 2.94e-19
5.58781322456 2.94e-19
5.58830771389 2.94e-19
5.58880224698 2.94e-19
5.58929682383 2.93862683172e-19
5.58979144446 2.93234676672e-19
5.59028610885 2.92253340715e-19
5.59078081702 2.91272091525e-19
5.59127556896 2.90290929094e-19
5.59177036469 2.89309853414e-19
5.59226520421 2.8840966863e-19
5.59276008751 2.88e-19
5.59325501461 2.88e-19
5.59374998551 2.88e-19
5.59424500021 2.88e-19
5.59474005872 2.88e-19
5.59523516103 2.88022730361e-19
5.59573030716 2.88509830676e-19
5.59622549711 2.8849012599e-19
5.59672073088 2.88496132765e-19
5.59721600847 2.8899310709e-19
5.5977113299 2.89e-19
5.59820669515 2.89e-19
5.59870210425 2.89e-19
5.59919755718 2.89e-19
5.59969305396 2.89e-19
5.60018859459 2.89422460065e-19
5.60068417907 2.89922460065e-19
5.60117980741 2.9e-19
5.6016754796 2.9e-19
5.60217119566 2.9e-19
5.60266695559 2.9e-19
5.60316275939 2.90360216575e-19
5.60365860707 2.90860216575e-19
5.60415449863 2.91e-19
5.60465043407 2.91e-19
5.60514641339 2.91e-19
5.60564243661 2.91307156825e-19
5.60613850373 2.91807156825e-19
5.60663461474 2.92285630103e-19
5.60713076966 2.92785630103e-19
5.60762696848 2.93263930392e-19
5.60812321121 2.93763930392e-19
5.60861949786 2.94e-19
5.60911582843 2.93768943452e-19
5.60961220292 2.93048931309e-19
5.61010862133 2.92071063339e-19
5.61060508368 2.91093281808e-19
5.61110158996 2.90115586706e-19
5.61159814017 2.8931338038e-19
5.61209473433 2.89e-19
5.61259137244 2.89e-19
5.61308805449 2.89e-19
5.6135847805 2.89130101312e-19
5.61408155047 2.89748769386e-19
5.61457836439 2.90725859729e-19
5.61507522229 2.91702863713e-19
5.61557212415 2.92679781346e-19
5.61606906998 2.93656612638e-19
5.61656605979 2.94633357597e-19
5.61706309358 2.95610016232e-19
5.61756017136 2.96549161985e-19
5.61805729313 2.97e-19
5.61855445888 2.97013826281e-19
5.61905166864 2.97513826281e-19
5.61954892239 2.98e-19
5.62004622015 2.98e-19
5.62054356191 2.98e-19
5.62104094769 2.98e-19
5.62153837749 2.97558020371e-19
5.6220358513 2.97058020371e-19
5.62253336914 2.96582315131e-19
5.623030931 2.96082315131e-19
5.6235285369 2.95606782352e-19
5.62402618683 2.95106782352e-19
5.6245238808 2.94631421999e-19
5.62502161881 2.94131421999e-19
5.62551940087 2.93656234037e-19
5.62601722698 2.93156234037e-19
5.62651509715 2.93e-19
5.62701301137 2.93e-19
5.62751096966 2.93293624855e-19
5.62800897201 2.93793624855e-19
5.62850701843 2.94e-19
5.62900510893 2.94255566762e-19
5.62950324351 2.94998361371e-19
5.63000142217 2.95972774012e-19
5.63049964491 2.96947100551e-19
5.63099791174 2.97717121148e-19
5.63149622267 2.98191275508e-19
5.6319945777 2.98691275508e-19
5.63249297682 2.99e-19
5.63299142006 2.99e-19
5.6334899074 2.98860932165e-19
5.63398843885 2.98235023805e-19
5.63448701443 2.97261385767e-19
5.63498563412 2.96287833752e-19
5.63548429794 2.95400539624e-19
5.63598300588 2.94927159627e-19
5.63648175796 2.94367693752e-19
5.63698055418 2.93394485738e-19
5.63747939454 2.92453951613e-19
5.63797827904 2.91980915546e-19
5.63847720769 2.91480915546e-19
5.63897618049 2.91e-19
5.63947519745 2.91e-19
5.63997425857 2.90535365546e-19
5.64047336385 2.89584451891e-19
5.6409725133 2.89049086345e-19
5.64147170692 2.88576656832e-19
5.64197094472 2.87667163341e-19
5.6424702267 2.86694905647e-19
5.64296955286 2.86104399137e-19
5.64346892321 2.85632313226e-19
5.64396833775 2.84778647905e-19
5.64446779649 2.83806733742e-19
5.64496729942 2.83160399063e-19
5.64546684656 2.82688656612e-19
5.6459664379 2.82188656612e-19
5.64646607346 2.81717085837e-19
5.64696575323 2.80948450654e-19
5.64746547722 2.80231364817e-19
5.64796524543 2.79760051488e-19
5.64846505787 2.79034510659e-19
5.64896491454 2.78063368916e-19
5.64946481545 2.77092312953e-19
5.64996476059 2.76121342761e-19
5.65046474997 2.7515045833e-19
5.6509647836 2.74179659652e-19
5.65146486149 2.73208946717e-19
5.65196498362 2.72238319516e-19
5.65246515001 2.71376513674e-19
5.65296536067 2.70906057916e-19
5.65346561559 2.70326952232e-19
5.65396591478 2.69356667879e-19
5.65446625824 2.68435773563e-19
5.65496664598 2.68e-19
5.65546707801 2.67980668341e-19
5.65596755432 2.67480668341e-19
5.65646807491 2.67e-19
5.6569686398 2.66525953315e-19
5.65746924899 2.66025953315e-19
5.65796990248 2.65556359774e-19
5.65847060027 2.65056359774e-19
5.65897134238 2.64173874984e-19
5.65947212879 2.62776165545e-19
5.65997295952 2.61719976993e-19
5.66047383458 2.61117686431e-19
5.66097475395 2.60648606556e-19
5.66147571766 2.60148606556e-19
5.6619767257 2.6e-19
5.66247777807 2.6e-19
5.66297887479 2.60289039783e-19
5.66348001585 2.60789039783e-19
5.66398120125 2.61e-19
5.66448243101 2.61241825447e-19
5.66498370513 2.61967827264e-19
5.6654850236 2.62726001818e-19
5.66598638644 2.63194226312e-19
5.66648779365 2.63694226312e-19
5.66698924522 2.64e-19
5.66749074118 2.64e-19
5.66799228151 2.64e-19
5.66849386623 2.64114039646e-19
5.66899549533 2.64614039646e-19
5.66949716883 2.65e-19
5.66999888672 2.65e-19
5.67050064901 2.65e-19
5.6710024557 2.65e-19
5.6715043068 2.65e-19
5.67200620231 2.65e-19
5.67250814224 2.65e-19
5.67301012658 2.65e-19
5.67351215535 2.65e-19
5.67401422854 2.65e-19
5.67451634616 2.65417220259e-19
5.67501850822 2.65917220259e-19
5.67552071472 2.66383815926e-19
5.67602296566 2.66883815926e-19
5.67652526105 2.67e-19
5.67702760088 2.67e-19
5.67752998517 2.6668350466e-19
5.67803241392 2.6618350466e-19
5.67853488713 2.65434841678e-19
5.67903740481 2.64169284563e-19
5.67953996695 2.62985950444e-19
5.68004257357 2.62020122422e-19
5.68054522467 2.61054379648e-19
5.68104792025 2.60088722112e-19
5.68155066032 2.59123149806e-19
5.68205344487 2.58320192479e-19
5.68255627392 2.58e-19
5.68305914747 2.58e-19
5.68356206552 2.57889559122e-19
5.68406502807 2.57389559122e-19
5.68456803513 2.57e-19
5.68507108671 2.57e-19
5.6855741828 2.57e-19
5.68607732341 2.57e-19
5.68658050855 2.57e-19
5.68708373822 2.57e-19
5.68758701242 2.57e-19
5.68809033116 2.57e-19
5.68859369444 2.57434031565e-19
5.68909710226 2.57934031565e-19
5.68960055463 2.58e-19
5.69010405156 2.58e-19
5.69060759304 2.58362268042e-19
5.69111117908 2.58862268042e-19
5.69161480968 2.59e-19
5.69211848486 2.59e-19
5.6926222046 2.59e-19
5.69312596893 2.59e-19
5.69362977783 2.59253346871e-19
5.69413363132 2.59753346871e-19
5.69463752939 2.6e-19
5.69514147206 2.6e-19
5.69564545933 2.601798826e-19
5.69614949119 2.606798826e-19
5.69665356766 2.6114289553e-19
5.69715768873 2.6164289553e-19
5.69766185442 2.62e-19
5.69816606472 2.62e-19
5.69867031965 2.62e-19
5.69917461919 2.61950315408e-19
5.69967896337 2.61450315408e-19
5.70018335217 2.60987896989e-19
5.70068778561 2.60494649678e-19
5.70119226369 2.6000675269e-19
5.70169678642 2.60455404119e-19
5.70220135379 2.60955404119e-19
5.70270596581 2.61417391173e-19
5.70321062249 2.61917391173e-19
5.70371532383 2.62379208512e-19
5.70422006983 2.63239262062e-19
5.7047248605 2.6386005355e-19
5.70522969583 2.64e-19
5.70573457585 2.64e-19
5.70623950054 2.637169904e-19
5.70674446992 2.632169904e-19
5.70724948398 2.63e-19
5.70775454273 2.62775218538e-19
5.70825964618 2.62275218538e-19
5.70876479433 2.62e-19
5.70926998718 2.61833828112e-19
5.70977522473 2.61333828112e-19
5.710280507 2.61e-19
5.71078583398 2.61e-19
5.71129120568 2.60912567338e-19
5.7117966221 2.60412567338e-19
5.71230208325 2.6e-19
5.71280758913 2.6e-19
5.71331313974 2.6e-19
5.7138187351 2.6e-19
5.71432437519 2.59531952438e-19
5.71483006003 2.59031952438e-19
5.71533578962 2.59e-19
5.71584156397 2.59e-19
5.71634738307 2.58612399887e-19
5.71685324693 2.58112399887e-19
5.71735915556 2.5765287749e-19
5.71786510896 2.56826057235e-19
5.71837110714 2.55866704041e-19
5.71887715009 2.55193524295e-19
5.71938323783 2.54734340265e-19
5.71988937035 2.53989151938e-19
5.72039554766 2.53030137033e-19
5.72090176976 2.52071206677e-19
5.72140803666 2.51112360859e-19
5.72191434837 2.50153599571e-19
5.72242070488 2.49194922803e-19
5.7229271062 2.48236330546e-19
5.72343355233 2.47378527772e-19
5.72394004328 2.46920104507e-19
5.72444657905 2.46361060742e-19
5.72495315965 2.45440956235e-19
5.72545978508 2.44982786387e-19
5.72596645534 2.44486551885e-19
5.72647317043 2.43528555514e-19
5.72697993037 2.42570646774e-19
5.72748673516 2.41612822475e-19
5.72799358479 2.40655082609e-19
5.72850047928 2.39697427165e-19
5.72900741862 2.39109310274e-19
5.72951440283 2.38651823646e-19
5.7300214319 2.37824967272e-19
5.73052850584 2.36867649422e-19
5.73103562465 2.36194505796e-19
5.73154278834 2.35737356686e-19
5.73204999691 2.34996202081e-19
5.73255725037 2.34258845396e-19
5.73306454871 2.33801949323e-19
5.73357189195 2.33125513852e-19
5.73407928008 2.3232356453e-19
5.73458671312 2.32e-19
5.73509419106 2.32e-19
5.73560171391 2.32e-19
5.73610928167 2.3193227281e-19
5.73661689435 2.3143227281e-19
5.73712455195 2.31e-19
5.73763225448 2.31e-19
5.73814000193 2.31e-19
5.73864779432 2.30542042173e-19
5.73915563164 2.29606167094e-19
5.7396635139 2.29064124921e-19
5.74017144111 2.28608416747e-19
5.74067941327 2.27739042563e-19
5.74118743038 2.27130625816e-19
5.74169549244 2.26350340478e-19
5.74220359947 2.25350340478e-19
5.74271175146 2.25e-19
5.74321994842 2.25e-19
5.74372819035 2.25e-19
5.74423647726 2.24787267743e-19
5.74474480915 2.24097081196e-19
5.74525318603 2.23309813453e-19
5.74576160789 2.22855031043e-19
5.74627007474 2.22232733956e-19
5.74677858659 2.21278119741e-19
5.74728714345 2.20246762389e-19
5.7477957453 2.1879231633e-19
5.74830439217 2.17414781553e-19
5.74881308404 2.16468810785e-19
5.74932182094 2.16e-19
5.74983060285 2.15537589934e-19
5.75033942979 2.15037589934e-19
5.75084830175 2.15e-19
5.75135721875 2.14606753033e-19
5.75186618078 2.1447686162e-19
5.75237518786 2.14870108586e-19
5.75288423998 2.15e-19
5.75339333714 2.15e-19
5.75390247936 2.15277135124e-19
5.75441166664 2.15777135124e-19
5.75492089897 2.16230396498e-19
5.75543017637 2.16730396498e-19
5.75593949884 2.17e-19
5.75644886638 2.17159973798e-19
5.75695827899 2.17659973798e-19
5.75746773669 2.18112815548e-19
5.75797723947 2.18612815548e-19
5.75848678734 2.19065489518e-19
5.7589963803 2.19565489518e-19
5.75950601835 2.20017995746e-19
5.76001570151 2.20512180635e-19
5.76052542977 2.20994184889e-19
5.76103520314 2.21446430703e-19
5.76154502162 2.21946430703e-19
5.76205488521 2.22e-19
5.76256479393 2.22e-19
5.76307474777 2.22350419338e-19
5.76358474674 2.22524107603e-19
5.76409479084 2.22475850502e-19
5.76460488007 2.22802162236e-19
5.76511501445 2.22746262425e-19
5.76562519397 2.22016800003e-19
5.76613541863 2.21065392185e-19
5.76664568845 2.20114068112e-19
5.76715600343 2.19006442045e-19
5.76766636357 2.17555285434e-19
5.76817676887 2.16260598269e-19
5.76868721933 2.15309609079e-19
5.76919771497 2.14417067705e-19
5.76970825579 2.13966245898e-19
5.77021884178 2.13466245898e-19
5.77072947296 2.13e-19
5.77124014933 2.12540334453e-19
5.77175087089 2.12040334453e-19
5.77226163764 2.11589940169e-19
5.7727724496 2.1147513441e-19
5.77328330676 2.11885194241e-19
5.77379420912 2.11664662377e-19
5.7743051567 2.11164662377e-19
5.7748161495 2.11e-19
5.77532718751 2.11e-19
5.77583827075 2.11e-19
5.77634939922 2.11e-19
5.77686057291 2.11e-19
5.77737179185 2.11e-19
5.77788305602 2.11e-19
5.77839436544 2.11e-19
5.77890572011 2.11e-19
5.77941712002 2.11e-19
5.7799285652 2.11e-19
5.78044005563 2.11e-19
5.78095159133 2.11e-19
5.7814631723 2.11e-19
5.78197479853 2.11e-19
5.78248647005 2.11e-19
5.78299818684 2.11e-19
5.78350994892 2.11e-19
5.78402175628 2.11e-19
5.78453360894 2.11301717854e-19
5.7850455069 2.11801717854e-19
5.78555745015 2.1224993094e-19
5.78606943871 2.1274993094e-19
5.78658147257 2.13197977231e-19
5.78709355175 2.13697977231e-19
5.78760567625 2.14e-19
5.78811784606 2.14e-19
5.7886300612 2.13906430417e-19
5.78914232166 2.13406430417e-19
5.78965462746 2.13e-19
5.7901669786 2.12985173695e-19
5.79067937507 2.12496680615e-19
5.79119181689 2.1154939149e-19
5.79170430406 2.11037884571e-19
5.79221683658 2.10590764826e-19
5.79272941445 2.10090764826e-19
5.79324203769 2.09643811652e-19
5.79375470629 2.09143811652e-19
5.79426742025 2.08697025009e-19
5.79478017959 2.08197025009e-19
5.79529298431 2.0750080971e-19
5.79580583441 2.0650080971e-19
5.79631872989 2.05803951152e-19
5.79683167076 2.05134737857e-19
5.79734465702 2.04330786706e-19
5.79785768868 2.03884582601e-19
5.79837076573 2.03296125534e-19
5.7988838882 2.02411542933e-19
5.79939705607 2.02e-19
5.79991026935 2.01992673399e-19
5.80042352805 2.01512477134e-19
5.80093683217 2.01019803735e-19
5.80145018172 2.00574191856e-19
5.80196357669 2.00074191856e-19
5.80247701709 2e-19
5.80299050294 2e-19
5.80350403422 2e-19
5.80401761095 1.9971088938e-19
5.80453123312 1.9921088938e-19
5.80504490075 1.99e-19
5.80555861384 1.9879340636e-19
5.80607237238 1.9829340636e-19
5.80658617639 1.97848625289e-19
5.80710002587 1.9722492231e-19
5.80761392082 1.96280307279e-19
5.80812786125 1.95335775253e-19
5.80864184716 1.94431764995e-19
5.80915587856 1.93987398948e-19
5.80966995544 1.93502679965e-19
5.81018407781 1.92558487956e-19
5.81069824569 1.91614381279e-19
5.81121245906 1.90670357564e-19
5.81172671794 1.90099183223e-19
5.81224102233 1.896553254e-19
5.81275537223 1.88838784085e-19
5.81326976764 1.87895092113e-19
5.81378420858 1.87211633428e-19
5.81429869505 1.86768107267e-19
5.81481322704 1.8606451362e-19
5.81532780456 1.85121153229e-19
5.81584242763 1.84177875707e-19
5.81635709623 1.83353128831e-19
5.81687181038 1.83e-19
5.81738657008 1.8293852324e-19
5.81790137533 1.8243852324e-19
5.81841622614 1.81995659912e-19
5.81893112251 1.81519954827e-19
5.81944606445 1.81024294915e-19
5.81996105195 1.80581690759e-19
5.82047608503 1.80081690759e-19
5.82099116369 1.79639252183e-19
5.82150628792 1.79139252183e-19
5.82202145775 1.78696979147e-19
5.82253667316 1.78196979147e-19
5.82305193417 1.78e-19
5.82356724077 1.78e-19
5.82408259298 1.78e-19
5.82459799079 1.78e-19
5.82511343421 1.78e-19
5.82562892324 1.78e-19
5.8261444579 1.78e-19
5.82666003817 1.78e-19
5.82717566407 1.78e-19
5.8276913356 1.78e-19
5.82820705277 1.7754682375e-19
5.82872281557 1.7704682375e-19
5.82923862401 1.77e-19
5.8297544781 1.76635229214e-19
5.83027037784 1.76135229214e-19
5.83078632324 1.76e-19
5.83130231429 1.75724006433e-19
5.83181835101 1.75224006433e-19
5.83233443339 1.75e-19
5.83285056144 1.75e-19
5.83336673517 1.74842954104e-19
5.83388295457 1.74215748313e-19
5.83439921966 1.73275469789e-19
5.83491553043 1.72335273789e-19
5.8354318869 1.71395160303e-19
5.83594828905 1.70455129321e-19
5.83646473691 1.69515185091e-19
5.83698123047 1.69022617864e-19
5.83749776974 1.68582845674e-19
5.83801435472 1.68082845674e-19
5.83853098541 1.68e-19
5.83904766182 1.68e-19
5.83956438395 1.67703796101e-19
5.84008115181 1.67203796101e-19
5.8405979654 1.67e-19
5.84111482473 1.67205058286e-19
5.8416317298 1.67705058286e-19
5.84214868061 1.68e-19
5.84266567716 1.68113541864e-19
5.84318271947 1.68613541864e-19
5.84369980753 1.69e-19
5.84421694135 1.69021654773e-19
5.84473412094 1.69512596462e-19
5.84525134629 1.69990941689e-19
5.84576861742 1.7e-19
5.84628593432 1.70398543164e-19
5.846803297 1.70898543164e-19
5.84732070546 1.71e-19
5.84783815971 1.71e-19
5.84835565975 1.71e-19
5.84887320559 1.70756277462e-19
5.84939079723 1.70256277462e-19
5.84990843467 1.7e-19
5.85042611792 1.7e-19
5.85094384698 1.7e-19
5.85146162186 1.7e-19
5.85197944256 1.7e-19
5.85249730908 1.69974753722e-19
5.85301522143 1.69480883917e-19
5.85353317961 1.69006130196e-19
5.85405118363 1.68569015969e-19
5.85456923349 1.68069015969e-19
5.85508732919 1.67632066094e-19
5.85560547075 1.66795718871e-19
5.85612365815 1.65858933307e-19
5.85664189141 1.64922229883e-19
5.85716017054 1.64226949353e-19
5.85767849552 1.63790410176e-19
5.85819686638 1.63290410176e-19
5.85871528311 1.63e-19
5.85923374571 1.62885909284e-19
5.8597522542 1.62385909284e-19
5.86027080857 1.62e-19
5.86078940883 1.61981777712e-19
5.86130805498 1.61495596226e-19
5.86182674703 1.61013818514e-19
5.86234548498 1.61e-19
5.86286426884 1.61e-19
5.86338309861 1.60642405688e-19
5.86390197429 1.60142405688e-19
5.86442089589 1.6e-19
5.86493986341 1.59739276611e-19
5.86545887685 1.59239276611e-19
5.86597793622 1.59e-19
5.86649704153 1.59e-19
5.86701619278 1.58869011628e-19
5.86753538997 1.58369011628e-19
5.8680546331 1.58e-19
5.86857392218 1.58e-19
5.86909325722 1.58e-19
5.86961263822 1.58e-19
5.87013206518 1.57564855287e-19
5.8706515381 1.57064855287e-19
5.871171057 1.57e-19
5.87169062187 1.57e-19
5.87221023272 1.56696253177e-19
5.87272988955 1.56196253177e-19
5.87324959236 1.56e-19
5.87376934117 1.56e-19
5.87428913597 1.56e-19
5.87480897678 1.56e-19
5.87532886358 1.56e-19
5.87584879639 1.56e-19
5.87636877521 1.56e-19
5.87688880005 1.55994291798e-19
5.87740887091 1.55521908673e-19
5.87792898779 1.55027616875e-19
5.8784491507 1.54594391817e-19
5.87896935964 1.53722232408e-19
5.87948961461 1.52789170815e-19
5.88000991562 1.52161330225e-19
5.88053026268 1.51728432054e-19
5.88105065579 1.51228432054e-19
5.88157109495 1.50795697264e-19
5.88209158016 1.50295697264e-19
5.88261211143 1.49863125809e-19
5.88313268877 1.49260027129e-19
5.88365331217 1.4839690132e-19
5.88417398165 1.47964574791e-19
5.8846946972 1.47464574791e-19
5.88521545884 1.47e-19
5.88573626656 1.46566403647e-19
5.88625712036 1.46066403647e-19
5.88677802026 1.46e-19
5.88729896626 1.46e-19
5.88781995836 1.45702755603e-19
5.88834099656 1.45202755603e-19
5.88886208087 1.44771176275e-19
5.88938321129 1.44271176275e-19
5.88990438783 1.44e-19
5.89042561049 1.44e-19
5.89094687928 1.44e-19
5.8914681942 1.44e-19
5.89198955525 1.44e-19
5.89251096243 1.44e-19
5.89303241576 1.44e-19
5.89355391524 1.44e-19
5.89407546086 1.44e-19
5.89459705264 1.43650432343e-19
5.89511869057 1.43150432343e-19
5.89564037467 1.43e-19
5.89616210493 1.42754733051e-19
5.89668388137 1.42044314414e-19
5.89720570398 1.41289581363e-19
5.89772757276 1.40859400072e-19
5.89824948773 1.4025377053e-19
5.89877144888 1.39394370458e-19
5.89929345623 1.38964433263e-19
5.89981550977 1.38463958935e-19
5.90033760951 1.37534191016e-19
5.90085975545 1.37034665344e-19
5.9013819476 1.36605066864e-19
5.90190418596 1.36105066864e-19
5.90242647053 1.3567563101e-19
5.90294880133 1.34886605065e-19
5.90347117835 1.33957331794e-19
5.90399360159 1.3324635774e-19
5.90451607107 1.33e-19
5.90503858678 1.33e-19
5.90556114873 1.32888298773e-19
5.90608375692 1.32388298773e-19
5.90660641137 1.3195951299e-19
5.90712911206 1.31464331985e-19
5.90765185901 1.31473923492e-19
5.90817465222 1.31969104496e-19
5.9086974917 1.31602448136e-19
5.90922037744 1.31102448136e-19
5.90974330946 1.31e-19
5.91026628775 1.30710081492e-19
5.91078931232 1.29956121922e-19
5.91131238318 1.29464000494e-19
5.91183550032 1.29717960063e-19
5.91235866376 1.3e-19
5.9128818735 1.3e-19
5.91340512954 1.3007355647e-19
5.91392843188 1.3057355647e-19
5.91445178053 1.31e-19
5.91497517549 1.31e-19
5.91549861678 1.31e-19
5.91602210438 1.31e-19
5.91654563831 1.31e-19
5.91706921857 1.31e-19
5.91759284516 1.31e-19
5.91811651809 1.31e-19
5.91864023736 1.31e-19
5.91916400298 1.30826959381e-19
5.91968781495 1.30326959381e-19
5.92021167328 1.3e-19
5.92073557796 1.29937045385e-19
5.921259529 1.29437045385e-19
5.92178352641 1.29e-19
5.9223075702 1.2854750472e-19
5.92283166035 1.27631914166e-19
5.92335579689 1.27084409446e-19
5.92387997981 1.2665834027e-19
5.92440420911 1.2615834027e-19
5.92492848481 1.2573243289e-19
5.9254528069 1.2523243289e-19
5.9259771754 1.25e-19
5.92650159029 1.24843875091e-19
5.9270260516 1.24343875091e-19
5.92755055931 1.24e-19
5.92807511344 1.24e-19
5.92859971399 1.23993030564e-19
5.92912436097 1.23523456827e-19
5.92964905437 1.23030426264e-19
5.93017379421 1.23394658467e-19
5.93069858048 1.23537518225e-19
5.93122341319 1.23142859758e-19
5.93174829235 1.23e-19
5.93227321796 1.23e-19
5.93279819002 1.23e-19
5.93332320853 1.23e-19
5.93384827351 1.23e-19
5.93437338495 1.23e-19
5.93489854287 1.22944459e-19
5.93542374725 1.22462118498e-19
5.93594899812 1.22497393277e-19
5.93647429546 1.22537969442e-19
5.93699963929 1.22058235663e-19
5.93752502961 1.22e-19
5.93805046643 1.22e-19
5.93857594974 1.21710516718e-19
5.93910147955 1.21210516718e-19
5.93962705587 1.21e-19
5.94015267871 1.21e-19
5.94067834805 1.20863442769e-19
5.94120406392 1.20363442769e-19
5.94172982631 1.2e-19
5.94225563522 1.2e-19
5.94278149067 1.2e-19
5.94330739265 1.19555517459e-19
5.94383334117 1.19055517459e-19
5.94435933623 1.18632639744e-19
5.94488537784 1.18132639744e-19
5.94541146601 1.17709923069e-19
5.94593760073 1.16958548176e-19
5.946463782 1.16248625107e-19
5.94699000985 1.15826149909e-19
5.94751628426 1.15326149909e-19
5.94804260524 1.15e-19
5.9485689728 1.14942738839e-19
5.94909538694 1.14424421094e-19
5.94962184766 1.13502352101e-19
5.95014835498 1.13020669847e-19
5.95067490888 1.12598772698e-19
5.95120150939 1.11736657128e-19
5.95172815649 1.1113788443e-19
5.9522548502 1.10716228478e-19
5.95278159052 1.10216228478e-19
5.95330837745 1.1e-19
5.953835211 1.09834045926e-19
5.95436209117 1.09334045926e-19
5.95488901797 1.08912791743e-19
5.9554159914 1.08412791743e-19
5.95594301146 1.08e-19
5.95647007816 1.08e-19
5.9569971915 1.08e-19
5.95752435149 1.07610380156e-19
5.95805155813 1.07110380156e-19
5.95857881143 1.07e-19
5.95910611138 1.07e-19
5.959633458 1.07e-19
5.96016085128 1.07e-19
5.96068829123 1.07e-19
5.96121577786 1.06888713048e-19
5.96174331117 1.06388713048e-19
5.96227089117 1.06031402294e-19
5.96279851785 1.06522800469e-19
5.96332619122 1.06540050251e-19
5.96385391129 1.06048652075e-19
5.96438167806 1.06e-19
5.96490949153 1.06e-19
5.96543735171 1.06e-19
5.96596525861 1.05749504499e-19
5.96649321222 1.05249504499e-19
5.96702121255 1.05e-19
5.96754925961 1.04870496686e-19
5.96807735339 1.04370496686e-19
5.96860549391 1.04e-19
5.96913368117 1.03991849236e-19
5.96966191517 1.03524235612e-19
5.97019019591 1.03032386377e-19
5.97071852341 1.02613583874e-19
5.97124689765 1.02113583874e-19
5.97177531866 1.02e-19
5.97230378643 1.01735680222e-19
5.97283230096 1.01235680222e-19
5.97336086227 1.01e-19
5.97388947035 1.01e-19
5.97441812521 1.00899035305e-19
5.97494682685 1.00399035305e-19
5.97547557528 9.99923810895e-20
5.9760043705 9.98011713371e-20
5.97653321251 9.92592239715e-20
5.97706210132 9.87712634545e-20
5.97759103694 9.85144182627e-20
5.97812001937 9.80927737422e-20
5.97864904861 9.75947267826e-20
5.97917812466 9.73455415726e-20
5.97970724753 9.73e-20
5.98023641723 9.73296746945e-20
5.98076563376 9.74403734344e-20
5.98129489712 9.75738110216e-20
5.98182420731 9.77155218324e-20
5.98235356435 9.78506681848e-20
5.98288296823 9.79864651568e-20
5.98341241896 9.81680943197e-20
5.98394191655 9.82083267053e-20
5.98447146099 9.81600521124e-20
5.98500105229 9.81267294568e-20
5.98553069046 9.79985831424e-20
5.9860603755 9.77771178922e-20
5.98659010742 9.74342272625e-20
5.98711988621 9.69677095491e-20
5.98764971188 9.65440824631e-20
5.98817958444 9.62846190108e-20
5.98870950389 9.61495392692e-20
5.98923947024 9.58822367478e-20
5.98976948348 9.54317747061e-20
5.99029954363 9.50093812985e-20
5.99082965069 9.47266833668e-20
5.99135980466 9.45104271534e-20
5.99189000554 9.42688710647e-20
5.99242025334 9.40526785641e-20
5.99295054807 9.37679780238e-20
5.99348088972 9.34526037331e-20
5.99401127831 9.33542398691e-20
5.99454171383 9.33390874087e-20
5.99507219629 9.31527418636e-20
5.9956027257 9.28350784921e-20
5.99613330206 9.25495158185e-20
5.99666392537 9.245682979e-20
5.99719459563 9.23934955971e-20
5.99772531286 9.21543827769e-20
5.99825607705 9.18518493608e-20
5.99878688822 9.15860453711e-20
5.99931774635 9.1303159277e-20
5.99984865147 9.10734270442e-20
6.00037960357 9.09905727447e-20
6.00091060265 9.08905727447e-20
6.00144164872 9.08e-20
6.00197274179 9.08418229716e-20
6.00250388186 9.10043764814e-20
6.00303506892 9.11625535098e-20
6.003566303 9.12e-20
6.00409758409 9.11508427938e-20
6.00462891219 9.10103276249e-20
6.00516028731 9.08435522349e-20
6.00569170946 9.0699256486e-20
6.00622317863 9.05079183684e-20
6.00675469484 9.03339278236e-20
6.00728625808 9.01454204738e-20
6.00781786836 8.98714808798e-20
6.00834952569 8.95975667949e-20
6.00888123006 8.93947640708e-20
6.00941298149 8.91897113694e-20
6.00994477998 8.89216057914e-20
6.01047662552 8.87463506414e-20
6.01100851813 8.8591461682e-20
6.01154045781 8.82503127987e-20
6.01207244457 8.78995122103e-20
6.0126044784 8.77456186497e-20
6.01313655931 8.77526685799e-20
6.01366868731 8.76129821028e-20
6.0142008624 8.73734829349e-20
6.01473308459 8.70838712743e-20
6.01526535387 8.67096832392e-20
6.01579767026 8.64768595758e-20
6.01633003375 8.61978025768e-20
6.01686244435 8.58352085102e-20
6.01739490207 8.55995607502e-20
6.01792740691 8.54147257166e-20
6.01845995888 8.5062942093e-20
6.01899255797 8.46113458402e-20
6.01952520419 8.42509231905e-20
6.02005789755 8.37183975249e-20
6.02059063805 8.31450403046e-20
6.02112342569 8.29337555683e-20
6.02165626048 8.28701486018e-20
6.02218914242 8.25915747493e-20
6.02272207153 8.21214261476e-20
6.02325504779 8.18835233708e-20
6.02378807122 8.17494500922e-20
6.02432114181 8.13734670777e-20
6.02485425959 8.11452751822e-20
6.02538742453 8.09933828009e-20
6.02592063667 8.06733324579e-20
6.02645389598 8.03592109278e-20
6.02698720249 8.00361434776e-20
6.02752055619 7.98139840584e-20
6.02805395709 7.96409639922e-20
6.0285874052 7.94499651991e-20
6.02912090051 7.92769925028e-20
6.02965444303 7.9111239043e-20
6.03018803277 7.90302133458e-20
6.03072166973 7.88532705908e-20
6.03125535391 7.84894339909e-20
6.03178908532 7.8303761973e-20
6.03232286396 7.83e-20
6.03285668984 7.82290674354e-20
6.03339056295 7.78816488719e-20
6.03392448332 7.73734281883e-20
6.03445845093 7.69398213335e-20
6.03499246579 7.66035481458e-20
6.03552652791 7.65345735641e-20
6.0360606373 7.65836532301e-20
6.03659479395 7.64619885694e-20
6.03712899787 7.60840710789e-20
6.03766324906 7.56723177374e-20
6.03819754753 7.53968899399e-20
6.03873189328 7.51949898423e-20
6.03926628632 7.48380677168e-20
6.03980072665 7.42687946891e-20
6.04033521428 7.38307387185e-20
6.0408697492 7.3551406409e-20
6.04140433143 7.33537137794e-20
6.04193896097 7.3206597559e-20
6.04247363781 7.29437354551e-20
6.04300836198 7.23864383927e-20
6.04354313346 7.19238102394e-20
6.04407795227 7.16156118701e-20
6.0446128184 7.12494141634e-20
6.04514773187 7.09557806063e-20
6.04568269267 7.06072818533e-20
6.04621770082 7.04137679987e-20
6.04675275631 7.05209627485e-20
6.04728785915 7.03161526879e-20
6.04782300934 7.00752282799e-20
6.0483582069 7.02203492634e-20
6.04889345181 7.04492907896e-20
6.04942874409 7.03352958985e-20
6.04996408374 7.015732585e-20
6.05049947076 7.01640026965e-20
6.05103490516 6.99048517995e-20
6.05157038695 6.96055414219e-20
6.05210591612 6.95e-20
6.05264149269 6.95297073758e-20
6.05317711665 6.96703733621e-20
6.05371278801 6.99242398406e-20
6.05424850677 6.99335738543e-20
6.05478427294 6.98e-20
6.05532008652 6.9841376819e-20
6.05585594752 6.98180386252e-20
6.05639185594 6.96627468991e-20
6.05692781179 6.95088432037e-20
6.05746381506 6.93777133006e-20
6.05799986577 6.92015581862e-20
6.05853596391 6.89704596393e-20
6.0590721095 6.87571757682e-20
6.05960830253 6.8594134961e-20
6.06014454301 6.86574137788e-20
6.06068083095 6.86642317601e-20
6.06121716634 6.8399511145e-20
6.0617535492 6.81626323861e-20
6.06228997952 6.79411546522e-20
6.06282645732 6.77352923758e-20
6.06336298259 6.75842053425e-20
6.06389955534 6.73658547159e-20
6.06443617557 6.69633222277e-20
6.06497284329 6.65447205849e-20
6.06550955851 6.62791863583e-20
6.06604632122 6.58659779634e-20
6.06658313143 6.53163374646e-20
6.06711998914 6.51153795663e-20
6.06765689436 6.5109591463e-20
6.0681938471 6.51176924537e-20
6.06873084735 6.51868988385e-20
6.06926789513 6.51727043545e-20
6.06980499043 6.50904645767e-20
6.07034213326 6.48711083472e-20
6.07087932362 6.49450895963e-20
6.07141656152 6.51483535993e-20
6.07195384697 6.49708378195e-20
6.07249117996 6.47804976063e-20
6.0730285605 6.48129961713e-20
6.0735659886 6.48645189706e-20
6.07410346426 6.47385383422e-20
6.07464098748 6.45482261417e-20
6.07517855827 6.42933910638e-20
6.07571617663 6.40902894591e-20
6.07625384256 6.41048988767e-20
6.07679155608 6.40356724385e-20
6.07732931718 6.39001308425e-20
6.07786712587 6.37391334899e-20
6.07840498215 6.36098152848e-20
6.07894288603 6.36402205273e-20
6.07948083751 6.35939609938e-20
6.0800188366 6.35451125724e-20
6.0805568833 6.35390923403e-20
6.08109497761 6.34793057917e-20
6.08163311954 6.34609037624e-20
6.08217130909 6.35033048804e-20
6.08270954627 6.3641886786e-20
6.08324783108 6.36234531129e-20
6.08378616352 6.33621381421e-20
6.08432454361 6.31958199626e-20
6.08486297133 6.30920295098e-20
6.08540144671 6.30666688224e-20
6.08593996973 6.31098624813e-20
6.08647854042 6.29845615643e-20
6.08701715876 6.2554309879e-20
6.08755582477 6.21808748855e-20
6.08809453845 6.19537551036e-20
6.0886332998 6.15995548052e-20
6.08917210882 6.13032629161e-20
6.08971096553 6.10528379485e-20
6.09024986993 6.06815494423e-20
6.09078882201 6.03254086631e-20
6.09132782179 5.99980299232e-20
6.09186686927 5.96157111693e-20
6.09240596445 5.92011241893e-20
6.09294510733 5.86887753903e-20
6.09348429793 5.81529816949e-20
6.09402353624 5.77873087516e-20
6.09456282228 5.75116860022e-20
6.09510215603 5.73061141112e-20
6.09564153752 5.71905591714e-20
6.09618096673 5.70561458748e-20
6.09672044368 5.69005655251e-20
6.09725996838 5.68793868243e-20
6.09779954082 5.69335168212e-20
6.098339161 5.67734755298e-20
6.09887882894 5.66492623842e-20
6.09941854464 5.65287723159e-20
6.0999583081 5.64798591384e-20
6.10049811932 5.6648204498e-20
6.10103797832 5.67e-20
6.10157788509 5.66561555885e-20
6.10211783964 5.65561555885e-20
6.10265784197 5.65118168723e-20
6.10319789209 5.65550584812e-20
6.10373799 5.65432416089e-20
6.1042781357 5.65e-20
6.10481832921 5.64168839307e-20
6.10535857052 5.62074347642e-20
6.10589885964 5.60405508335e-20
6.10643919657 5.5947357048e-20
6.10697958131 5.57411826639e-20
6.10752001388 5.53953923993e-20
6.10806049427 5.5024216344e-20
6.1086010225 5.45666977115e-20
6.10914159855 5.42423486204e-20
6.10968222245 5.41068145244e-20
6.11022289418 5.39678819123e-20
6.11076361376 5.37672980854e-20
6.1113043812 5.34059358538e-20
6.11184519648 5.30727291874e-20
6.11238605963 5.28038227536e-20
6.11292697064 5.24490592642e-20
6.11346792952 5.21600741452e-20
6.11400893627 5.20163739515e-20
6.11454999089 5.17282289837e-20
6.1150910934 5.12796714473e-20
6.11563224379 5.09883933227e-20
6.11617344207 5.08765363374e-20
6.11671468824 5.08448417602e-20
6.11725598231 5.08551621026e-20
6.11779732428 5.07888290274e-20
6.11833871415 5.06491648189e-20
6.11888015194 5.05032022035e-20
6.11942163764 5.02604061652e-20
6.11996317126 4.99977745235e-20
6.1205047528 4.97757315508e-20
6.12104638226 4.96216624796e-20
6.12158805966 4.96323950137e-20
6.122129785 4.96008035753e-20
6.12267155827 4.94684085616e-20
6.12321337949 4.94e-20
6.12375524865 4.94e-20
6.12429716577 4.94063671059e-20
6.12483913085 4.94609669316e-20
6.12538114388 4.96883124172e-20
6.12592320488 4.99244148486e-20
6.12646531385 4.99197572326e-20
6.12700747079 4.97080993202e-20
6.12754967571 4.94540428825e-20
6.12809192862 4.93447586962e-20
6.12863422951 4.92681551374e-20
6.12917657839 4.89113309933e-20
6.12971897526 4.84669491537e-20
6.13026142013 4.83527693258e-20
6.13080391301 4.83552615968e-20
6.13134645389 4.81918179806e-20
6.13188904279 4.78705133305e-20
6.1324316797 4.75298273515e-20
6.13297436463 4.73222168782e-20
6.13351709759 4.71590747878e-20
6.13405987858 4.68959519307e-20
6.13460270759 4.66013561108e-20
6.13514558465 4.63830988293e-20
6.13568850975 4.61583113528e-20
6.13623148289 4.6052766356e-20
6.13677450408 4.60553049579e-20
6.13731757333 4.59545370217e-20
6.13786069063 4.58398972155e-20
6.138403856 4.58e-20
6.13894706944 4.57717961351e-20
6.13949033094 4.56630183723e-20
6.14003364053 4.55377724845e-20
6.14057699819 4.54484327175e-20
6.14112040393 4.53591016868e-20
6.14166385777 4.51574584275e-20
6.14220735969 4.49502392109e-20
6.14275090972 4.48732524909e-20
6.14329450784 4.48232524909e-20
6.14383815407 4.47839605298e-20
6.14438184841 4.47232808339e-20
6.14492559087 4.46605846473e-20
6.14546938144 4.48210588648e-20
6.14601322013 4.49106419506e-20
6.14655710695 4.47716473233e-20
6.1471010419 4.47107998943e-20
6.14764502499 4.47284362442e-20
6.14818905621 4.47784362442e-20
6.14873313558 4.48e-20
6.1492772631 4.4775476587e-20
6.14982143877 4.4668614056e-20
6.15036566259 4.45445969941e-20
6.15090993458 4.45475114311e-20
6.15145425473 4.46773322404e-20
6.15199862305 4.46051573402e-20
6.15254303955 4.42546561992e-20
6.15308750422 4.39807791934e-20
6.15363201707 4.39189549233e-20
6.15417657811 4.39824789667e-20
6.15472118734 4.401498802e-20
6.15526584477 4.37435115605e-20
6.15581055039 4.33504239019e-20
6.15635530422 4.32918975796e-20
6.15690010625 4.33109021759e-20
6.1574449565 4.31039623913e-20
6.15798985496 4.28511855817e-20
6.15853480165 4.27046707678e-20
6.15907979656 4.26011327503e-20
6.15962483969 4.24710660872e-20
6.16016993106 4.24035227313e-20
6.16071507067 4.24515672307e-20
6.16126025852 4.23277975127e-20
6.16180549462 4.20185274915e-20
6.16235077896 4.17440201324e-20
6.16289611156 4.14769739408e-20
6.16344149242 4.12717282865e-20
6.16398692154 4.11698186078e-20
6.16453239893 4.10602335747e-20
6.16507792459 4.09363394129e-20
6.16562349853 4.08473624728e-20
6.16616912075 4.08014380267e-20
6.16671479125 4.09125652305e-20
6.16726051004 4.10625652305e-20
6.16780627712 4.11e-20
6.1683520925 4.10790672087e-20
6.16889795619 4.09828806655e-20
6.16944386817 4.08038134568e-20
6.16998982847 4.07e-20
6.17053583708 4.07e-20
6.17108189401 4.05703791773e-20
6.17162799927 4.06086266962e-20
6.17217415285 4.07419827482e-20
6.17272035476 4.06272120285e-20
6.17326660501 4.05444311355e-20
6.1738129036 4.05709543363e-20
6.17435925053 4.05509740779e-20
6.17490564581 4.02925242812e-20
6.17545208944 3.99942691325e-20
6.17599858143 3.98166158801e-20
6.17654512179 3.9638979535e-20
6.1770917105 3.95569446705e-20
6.17763834759 3.93455071403e-20
6.17818503305 3.88516727603e-20
6.1787317669 3.85030771051e-20
6.17927854912 3.84272991437e-20
6.17982537973 3.82660716721e-20
6.18037225873 3.81520240579e-20
6.18091918613 3.79001577335e-20
6.18146616193 3.73672075503e-20
6.18201318613 3.69399813485e-20
6.18256025874 3.68031388487e-20
6.18310737976 3.69784094477e-20
6.1836545492 3.69704092413e-20
6.18420176706 3.65029056047e-20
6.18474903335 3.60855972299e-20
6.18529634807 3.60505464754e-20
6.18584371122 3.59720878019e-20
6.18639112281 3.5824642193e-20
6.18693858284 3.57695447979e-20
6.18748609132 3.56699765119e-20
6.18803364825 3.54739945546e-20
6.18858125364 3.52504241273e-20
6.18912890748 3.52423576951e-20
6.18967660979 3.54196203541e-20
6.19022436057 3.55968663967e-20
6.19077215982 3.55707136274e-20
6.19132000755 3.55678813062e-20
6.19186790376 3.57399101298e-20
6.19241584846 3.57057252897e-20
6.19296384165 3.55057252897e-20
6.19351188333 3.54e-20
6.1940599735 3.54e-20
6.19460811219 3.5400705503e-20
6.19515629937 3.5445684741e-20
6.19570453507 3.52987340135e-20
6.19625281929 3.51207849068e-20
6.19680115203 3.50003663269e-20
6.19734953329 3.47553719466e-20
6.19789796307 3.46394549174e-20
6.1984464414 3.45463365685e-20
6.19899496825 3.43837058002e-20
6.19954354366 3.43538199197e-20
6.2000921676 3.43990315214e-20
6.2006408401 3.43249909901e-20
6.20118956115 3.42249909901e-20
6.20173833076 3.40961505482e-20
6.20228714893 3.39163361697e-20
6.20283601567 3.38701856215e-20
6.20338493098 3.39e-20
6.20393389487 3.38773382126e-20
6.20448290733 3.35010160058e-20
6.20503196838 3.33711386939e-20
6.20558107802 3.36120179868e-20
6.20613023626 3.34663642464e-20
6.20667944309 3.32732984987e-20
6.20722869852 3.33034727892e-20
6.20777800256 3.32709670629e-20
6.20832735521 3.29762187475e-20
6.20887675647 3.26855524945e-20
6.20942620635 3.2464122857e-20
6.20997570485 3.26659056206e-20
6.21052525199 3.29017149297e-20
6.21107484775 3.26743877503e-20
6.21162449215 3.2458629511e-20
6.21217418519 3.23013893622e-20
6.21272392688 3.22655347943e-20
6.21327371721 3.23038294533e-20
6.2138235562 3.23518001765e-20
6.21437344384 3.24400781801e-20
6.21492338015 3.24196266119e-20
6.21547336512 3.22060406717e-20
6.21602339877 3.19785215166e-20
6.21657348108 3.19372334365e-20
6.21712361208 3.20117641992e-20
6.21767379176 3.19334382363e-20
6.21822402013 3.15637031042e-20
6.21877429719 3.15301193524e-20
6.21932462295 3.17753237219e-20
6.21987499741 3.17667356944e-20
6.22042542057 3.16620188097e-20
6.22097589244 3.14809366631e-20
6.22152641303 3.1332259842e-20
6.22207698233 3.13485148692e-20
6.22262760036 3.11982111961e-20
6.22317826711 3.09485303546e-20
6.22372898259 3.10277556904e-20
6.22427974681 3.09600722806e-20
6.22483055977 3.07145164721e-20
6.22538142147 3.06319096284e-20
6.22593233192 3.04615044057e-20
6.22648329112 3.01959815666e-20
6.22703429908 3.0161670413e-20
6.2275853558 3.00754859176e-20
6.22813646128 2.99444994742e-20
6.22868761554 2.97261363516e-20
6.22923881857 2.9381867023e-20
6.22979007037 2.92736357849e-20
6.23034137096 2.92032474467e-20
6.23089272034 2.91152029524e-20
6.23144411851 2.90103153017e-20
6.23199556547 2.88271622105e-20
6.23254706123 2.87488848042e-20
6.2330986058 2.88773481446e-20
6.23365019918 2.88775479833e-20
6.23420184137 2.88035421482e-20
6.23475353237 2.88568957046e-20
6.2353052722 2.88507101732e-20
6.23585706085 2.86902948065e-20
6.23640889834 2.85307905433e-20
6.23696078466 2.83944566083e-20
6.23751271981 2.83455983244e-20
6.23806470381 2.83197139137e-20
6.23861673666 2.82576486295e-20
6.23916881836 2.83045264255e-20
6.23972094891 2.84106482485e-20
6.24027312833 2.84877788101e-20
6.24082535661 2.83391609391e-20
6.24137763376 2.80877862937e-20
6.24192995978 2.8e-20
6.24248233468 2.80379335224e-20
6.24303475846 2.7992329959e-20
6.24358723113 2.77512026482e-20
6.24413975269 2.74968062117e-20
6.24469232314 2.74e-20
6.2452449425 2.74075677949e-20
6.24579761075 2.74516340494e-20
6.24635032792 2.73124885999e-20
6.24690309399 2.70398196342e-20
6.24745590899 2.68881927271e-20
6.2480087729 2.68710035038e-20
6.24856168574 2.68912087574e-20
6.24911464751 2.67572171474e-20
6.24966765822 2.65350962875e-20
6.25022071786 2.62702089907e-20
6.25077382644 2.61984185352e-20
6.25132698397 2.6131407266e-20
6.25188019046 2.58697326184e-20
6.25243344589 2.58158977674e-20
6.25298675029 2.60225856788e-20
6.25354010365 2.62881026402e-20
6.25409350599 2.64e-20
6.25464695729 2.64e-20
6.25520045757 2.64e-20
6.25575400683 2.64825824222e-20
6.25630760508 2.67231114175e-20
6.25686125232 2.68246507547e-20
6.25741494855 2.66613186137e-20
6.25796869379 2.65937288799e-20
6.25852248802 2.67351545975e-20
6.25907633127 2.6688651684e-20
6.25963022352 2.62333300827e-20
6.26018416479 2.58713873912e-20
6.26073815509 2.58795335699e-20
6.2612921944 2.60009769972e-20
6.26184628275 2.60095326479e-20
6.26240042013 2.5845740337e-20
6.26295460655 2.56548111941e-20
6.26350884201 2.55249204513e-20
6.26406312651 2.53403314739e-20
6.26461746007 2.53313480976e-20
6.26517184269 2.5476863418e-20
6.26572627436 2.53806317986e-20
6.2662807551 2.51334046048e-20
6.2668352849 2.49527728063e-20
6.26738986378 2.48665633742e-20
6.26794449173 2.47018455485e-20
6.26849916877 2.44392951031e-20
6.26905389489 2.42191847974e-20
6.2696086701 2.41151718687e-20
6.27016349441 2.40401873162e-20
6.27071836782 2.38928934941e-20
6.27127329033 2.37353224097e-20
6.27182826194 2.36437331462e-20
6.27238328267 2.36562705642e-20
6.27293835251 2.36465818625e-20
6.27349347148 2.34322580795e-20
6.27404863957 2.31228011569e-20
6.27460385679 2.29419712901e-20
6.27515912314 2.28765674822e-20
6.27571443863 2.28265674822e-20
6.27626980326 2.28433625446e-20
6.27682521704 2.30524408166e-20
6.27738067997 2.33055454176e-20
6.27793619205 2.34383905303e-20
6.2784917533 2.34563138931e-20
6.2790473637 2.33265148261e-20
6.27960302328 2.31621243176e-20
6.28015873203 2.30667088216e-20
6.28071448996 2.29770257047e-20
6.28127029707 2.29802392595e-20
6.28182615336 2.32581618266e-20
6.28238205884 2.34882394501e-20
6.28293801352 2.34650379985e-20
6.2834940174 2.33578109843e-20
6.28405007048 2.31759890451e-20
6.28460617277 2.29673106377e-20
6.28516232426 2.28245487466e-20
6.28571852498 2.27404541682e-20
6.28627477492 2.27e-20
6.28683107408 2.26595570557e-20
6.28738742247 2.26436243325e-20
6.28794382009 2.26563793629e-20
6.28850026695 2.24944829479e-20
6.28905676306 2.22616794906e-20
6.28961330841 2.24065639487e-20
6.29016990301 2.27085212302e-20
6.29072654687 2.26085266008e-20
6.29128323999 2.23383966763e-20
6.29183998237 2.21225595005e-20
6.29239677402 2.189819293e-20
6.29295361494 2.17871722139e-20
6.29351050514 2.1867570432e-20
6.29406744462 2.20273676335e-20
6.29462443339 2.2095812071e-20
6.29518147145 2.18737730555e-20
6.2957385588 2.15520126596e-20
6.29629569545 2.1424051675e-20
6.29685288141 2.14501916413e-20
6.29741011667 2.15315405205e-20
6.29796740124 2.15191461433e-20
6.29852473514 2.14262959308e-20
6.29908211835 2.12899091257e-20
6.29963955088 2.12870785022e-20
6.30019703275 2.13129288644e-20
6.30075456395 2.13767681941e-20
6.30131214449 2.16229370507e-20
6.30186977437 2.16886586783e-20
6.3024274536 2.14966541247e-20
6.30298518218 2.14973939369e-20
6.30354296012 2.18059895259e-20
6.30410078741 2.19079933891e-20
6.30465866408 2.18179726757e-20
6.3052165901 2.17719804059e-20
6.30577456551 2.16789463188e-20
6.30633259029 2.15119334637e-20
6.30689066445 2.12709638982e-20
6.307448788 2.09799076897e-20
6.30800696094 2.11321954583e-20
6.30856518327 2.13514434016e-20
6.30912345501 2.1135896358e-20
6.30968177615 2.09009543255e-20
6.31024014669 2.08062915473e-20
6.31079856665 2.08952531436e-20
6.31135703603 2.09120567237e-20
6.31191555482 2.06759331225e-20
6.31247412305 2.05874290368e-20
6.3130327407 2.06863737884e-20
6.31359140778 2.06699227038e-20
6.31415012431 2.05258547303e-20
6.31470889028 2.03059320266e-20
6.3152677057 2.01376877007e-20
6.31582657057 1.98453158554e-20
6.31638548489 1.97021052398e-20
6.31694444868 1.99571113406e-20
6.31750346193 2.00944844169e-20
6.31806252465 1.98394368944e-20
6.31862163684 1.94575867331e-20
6.31918079851 1.93e-20
6.31974000967 1.92922963039e-20
6.32029927031 1.92489066992e-20
6.32085858044 1.94735803036e-20
6.32141794007 1.96533168578e-20
6.3219773492 1.93174565694e-20
6.32253680784 1.90543701088e-20
6.32309631598 1.91732604889e-20
6.32365587363 1.93228104112e-20
6.32421548081 1.94037053257e-20
6.3247751375 1.92883217127e-20
6.32533484372 1.8982909708e-20
6.32589459948 1.88603473454e-20
6.32645440476 1.8856644918e-20
6.32701425959 1.87786385956e-20
6.32757416396 1.8641939399e-20
6.32813411788 1.85433441159e-20
6.32869412135 1.85566595381e-20
6.32925417438 1.85534576409e-20
6.32981427697 1.83902483484e-20
6.33037442913 1.8108791404e-20
6.33093463086 1.80231449411e-20
6.33149488216 1.82677852825e-20
6.33205518304 1.84451212963e-20
6.3326155335 1.83720019128e-20
6.33317593356 1.82469403762e-20
6.3337363832 1.8118836548e-20
6.33429688244 1.7947439793e-20
6.33485743128 1.79708598549e-20
6.33541802973 1.81262946946e-20
6.33597867778 1.81298708367e-20
6.33653937546 1.81860582488e-20
6.33710012274 1.82370726839e-20
6.33766091966 1.80169506264e-20
6.3382217662 1.77085350519e-20
6.33878266237 1.75987467514e-20
6.33934360817 1.75648012919e-20
6.33990460362 1.74202664344e-20
6.34046564871 1.7400162093e-20
6.34102674346 1.75743432446e-20
6.34158788785 1.759704987e-20
6.3421490819 1.76271058322e-20
6.34271032562 1.77718328249e-20
6.343271619 1.77729050886e-20
6.34383296206 1.77025736513e-20
6.34439435479 1.76161042379e-20
6.3449557972 1.75704035485e-20
6.34551728929 1.77839870608e-20
6.34607883107 1.80432589676e-20
6.34664042255 1.82755234411e-20
6.34720206372 1.82949232739e-20
6.3477637546 1.78940004247e-20
6.34832549518 1.76457039157e-20
6.34888728547 1.77736312927e-20
6.34944912548 1.79543142517e-20
6.35001101521 1.79036636004e-20
6.35057295466 1.79252515928e-20
6.35113494384 1.8034556215e-20
6.35169698275 1.7992701462e-20
6.3522590714 1.78326596801e-20
6.3528212098 1.76390690276e-20
6.35338339793 1.78120986928e-20
6.35394563582 1.78891884211e-20
6.35450792347 1.74205673685e-20
6.35507026087 1.72336009794e-20
6.35563264803 1.75583642522e-20
6.35619508497 1.77842378588e-20
6.35675757167 1.76060185458e-20
6.35732010816 1.73500181128e-20
6.35788269442 8.64116516257e-21
