#xsec (eV,cm2) for OH -> O(1D) + H
1.01283033864 0.0
1.03882025108 0.0
1.06547708229 0.0
1.09281794584 0.0
1.12086039446 0.0
1.14962243131 0.0
1.1791225215 0.0
1.20937960399 0.0
1.2404131037 0.0
1.27224294404 0.0
1.30488955964 0.0
1.3383739095 0.0
1.37271749046 0.0
1.40794235097 0.0
1.44407110525 0.0
1.48112694784 0.0
1.51913366844 0.0
1.55811566724 0.0
1.59809797053 0.0
1.6391062468 0.0
1.68116682321 0.0
1.7243067025 0.0
1.7685535803 0.0
1.81393586296 0.0
1.86048268573 0.0
1.9082239315 0.0
1.95719024997 0.0
2.00741307733 0.0
2.05892465645 0.0
2.11175805759 0.0
2.16594719958 0.0
2.22152687165 0.0
2.27853275575 0.0
2.33700144945 0.0
2.39697048942 7.48920277342e-32
2.45847837558 1.73264821118e-30
2.52156459575 4.93899388885e-30
2.58626965106 8.22761656819e-30
2.65263508191 1.16006275328e-29
2.72070349466 1.50601922431e-29
2.79051858899 1.8608531727e-29
2.86212518592 2.22479240052e-29
2.93556925662 2.59807055542e-29
3.01089795192 2.98092728058e-29
3.08815963256 3.3736083686e-29
3.16740390025 3.7763659193e-29
3.24868162952 4.18945850152e-29
3.33204500037 4.61315131918e-29
3.41754753178 5.04771638149e-29
3.50524411605 5.49343267762e-29
3.59519105407 5.95058635578e-29
3.68744609143 6.41947090694e-29
3.78206845554 6.90038735324e-29
3.87911889359 7.39364444126e-29
3.97865971161 7.89955884023e-29
4.08075481444 8.41845534532e-29
4.18546974675 8.95066708617e-29
4.29287173515 9.49653574073e-29
4.40302973131 9.39158051048e-29
4.51601445626 8.16355341353e-29
4.63189844577 6.44846690936e-29
4.75075609694 6.12875535476e-29
4.87266371593 8.63961223467e-29
4.997699567 9.03836083953e-24
5.12594392268 9.03842817391e-24
5.25747911539 2.97475648882e-28
5.39238959022 1.02316628569e-27
5.53076195922 2.97278020433e-27
5.67268505691 1.51040977115e-26
5.81824999742 4.02114504965e-26
5.96755023288 1.94723349183e-25
6.1206816135 4.89996941759e-25
6.27774244906 2.24536136276e-24
6.43883357203 5.49640363472e-24
6.60405840233 3.01905454958e-23
6.77352301366 4.87847741777e-22
6.9473362017 1.56033368005e-21
7.12560955386 3.23209053743e-21
7.30845752098 4.99265359232e-21
7.49599749077 5.03671343182e-21
7.68834986321 3.58912752389e-21
7.88563812779 2.67230232837e-21
8.08798894286 1.31020099909e-20
8.29553221689 9.58130746895e-20
8.5084011919 4.33543557656e-19
8.72673252897 1.34025275686e-18
8.95066639602 2.80313506686e-18
9.18034655777 5.08617109818e-18
9.41592046802 8.7052064516e-18
9.65753936436 1.10253833597e-17
9.90535836521 1.07639095109e-17
10.1595365695 1.17043389866e-17
10.4202371586 1.18504063537e-17
10.6876275014 9.33473461164e-18
10.9618792615 7.59627730334e-18
11.2431685075 6.70291027275e-18
11.5316758261 5.78661883909e-18
11.8275864379 4.84681474668e-18
12.1310903163 3.88289464475e-18
12.4423823099 2.89423970017e-18
