#xsec (eV,cm2) for SO2 -> SO + O
3.09927876154 0.0
3.09983633476 0.0
3.10039400829 0.0
3.10095178214 0.0
3.10150965635 0.0
3.10206763092 0.0
3.10262570587 0.0
3.10318388122 0.0
3.10374215699 0.0
3.10430053319 0.0
3.10485900985 0.0
3.10541758698 0.0
3.1059762646 0.0
3.10653504273 0.0
3.10709392139 0.0
3.10765290059 0.0
3.10821198035 0.0
3.10877116069 0.0
3.10933044164 0.0
3.1098898232 0.0
3.11044930539 0.0
3.11100888824 0.0
3.11156857176 0.0
3.11212835597 0.0
3.11268824089 0.0
3.11324822653 0.0
3.11380831291 0.0
3.11436850006 0.0
3.11492878799 0.0
3.11548917672 0.0
3.11604966626 0.0
3.11661025664 0.0
3.11717094786 0.0
3.11773173996 0.0
3.11829263295 0.0
3.11885362685 0.0
3.11941472167 0.0
3.11997591743 0.0
3.12053721416 0.0
3.12109861187 0.0
3.12166011057 0.0
3.12222171029 0.0
3.12278341104 0.0
3.12334521285 0.0
3.12390711572 0.0
3.12446911969 0.0
3.12503122476 0.0
3.12559343096 0.0
3.1261557383 0.0
3.1267181468 0.0
3.12728065648 0.0
3.12784326736 0.0
3.12840597945 0.0
3.12896879278 0.0
3.12953170736 0.0
3.13009472321 0.0
3.13065784036 0.0
3.1312210588 0.0
3.13178437858 0.0
3.1323477997 0.0
3.13291132217 0.0
3.13347494603 0.0
3.13403867129 0.0
3.13460249797 0.0
3.13516642607 0.0
3.13573045564 0.0
3.13629458667 0.0
3.13685881919 0.0
3.13742315322 0.0
3.13798758878 0.0
3.13855212588 0.0
3.13911676454 0.0
3.13968150479 0.0
3.14024634663 0.0
3.14081129009 0.0
3.14137633519 0.0
3.14194148194 0.0
3.14250673036 0.0
3.14307208047 0.0
3.1436375323 0.0
3.14420308585 0.0
3.14476874114 0.0
3.1453344982 0.0
3.14590035704 0.0
3.14646631768 0.0
3.14703238014 0.0
3.14759854444 0.0
3.14816481059 0.0
3.14873117861 0.0
3.14929764853 0.0
3.14986422036 0.0
3.15043089412 0.0
3.15099766982 0.0
3.15156454749 0.0
3.15213152714 0.0
3.1526986088 0.0
3.15326579247 0.0
3.15383307818 0.0
3.15440046595 0.0
3.1549679558 0.0
3.15553554774 0.0
3.15610324179 0.0
3.15667103797 0.0
3.15723893631 0.0
3.15780693681 0.0
3.15837503949 0.0
3.15894324438 0.0
3.15951155149 0.0
3.16007996084 0.0
3.16064847245 0.0
3.16121708634 0.0
3.16178580253 0.0
3.16235462102 0.0
3.16292354186 0.0
3.16349256504 0.0
3.16406169059 0.0
3.16463091853 0.0
3.16520024888 0.0
3.16576968165 0.0
3.16633921687 0.0
3.16690885455 0.0
3.1674785947 0.0
3.16804843736 0.0
3.16861838253 0.0
3.16918843024 0.0
3.1697585805 0.0
3.17032883334 0.0
3.17089918876 0.0
3.1714696468 0.0
3.17204020746 0.0
3.17261087077 0.0
3.17318163675 0.0
3.1737525054 0.0
3.17432347676 0.0
3.17489455084 0.0
3.17546572766 0.0
3.17603700724 0.0
3.17660838959 0.0
3.17717987473 0.0
3.17775146269 0.0
3.17832315348 0.0
3.17889494711 0.0
3.17946684362 0.0
3.18003884301 0.0
3.18061094531 0.0
3.18118315053 0.0
3.18175545869 0.0
3.18232786982 0.0
3.18290038392 0.0
3.18347300102 0.0
3.18404572114 0.0
3.18461854429 0.0
3.18519147049 0.0
3.18576449977 0.0
3.18633763214 0.0
3.18691086761 0.0
3.18748420622 0.0
3.18805764797 0.0
3.18863119288 0.0
3.18920484098 0.0
3.18977859228 0.0
3.19035244679 0.0
3.19092640455 0.0
3.19150046557 0.0
3.19207462986 0.0
3.19264889745 0.0
3.19322326834 0.0
3.19379774257 0.0
3.19437232016 0.0
3.19494700111 0.0
3.19552178544 0.0
3.19609667319 0.0
3.19667166436 0.0
3.19724675897 0.0
3.19782195704 0.0
3.19839725859 0.0
3.19897266365 0.0
3.19954817222 0.0
3.20012378433 0.0
3.20069949999 0.0
3.20127531922 0.0
3.20185124205 0.0
3.20242726849 0.0
3.20300339856 0.0
3.20357963228 0.0
3.20415596966 0.0
3.20473241073 0.0
3.20530895551 0.0
3.205885604 0.0
3.20646235624 0.0
3.20703921224 0.0
3.20761617201 0.0
3.20819323559 0.0
3.20877040298 0.0
3.2093476742 0.0
3.20992504928 0.0
3.21050252823 0.0
3.21108011108 0.0
3.21165779783 0.0
3.21223558851 0.0
3.21281348313 0.0
3.21339148173 0.0
3.2139695843 0.0
3.21454779088 0.0
3.21512610148 0.0
3.21570451613 0.0
3.21628303483 0.0
3.21686165761 0.0
3.21744038448 0.0
3.21801921547 0.0
3.2185981506 0.0
3.21917718988 0.0
3.21975633333 0.0
3.22033558097 0.0
3.22091493282 0.0
3.22149438889 0.0
3.22207394922 0.0
3.22265361381 0.0
3.22323338268 0.0
3.22381325586 0.0
3.22439323335 0.0
3.22497331519 0.0
3.22555350139 0.0
3.22613379196 0.0
3.22671418694 0.0
3.22729468632 0.0
3.22787529014 0.0
3.22845599842 0.0
3.22903681116 0.0
3.2296177284 0.0
3.23019875015 0.0
3.23077987642 0.0
3.23136110724 0.0
3.23194244263 0.0
3.2325238826 0.0
3.23310542718 0.0
3.23368707638 0.0
3.23426883022 0.0
3.23485068872 0.0
3.23543265189 0.0
3.23601471977 0.0
3.23659689236 0.0
3.23717916969 0.0
3.23776155177 0.0
3.23834403862 0.0
3.23892663027 0.0
3.23950932673 0.0
3.24009212801 0.0
3.24067503415 0.0
3.24125804515 0.0
3.24184116104 0.0
3.24242438183 0.0
3.24300770755 0.0
3.24359113821 0.0
3.24417467383 0.0
3.24475831443 0.0
3.24534206003 0.0
3.24592591065 0.0
3.24650986631 0.0
3.24709392702 0.0
3.24767809281 0.0
3.24826236369 0.0
3.24884673969 0.0
3.24943122081 0.0
3.25001580709 0.0
3.25060049853 0.0
3.25118529517 0.0
3.25177019701 0.0
3.25235520408 0.0
3.25294031639 0.0
3.25352553397 0.0
3.25411085683 0.0
3.25469628499 0.0
3.25528181848 0.0
3.2558674573 0.0
3.25645320148 0.0
3.25703905104 0.0
3.257625006 0.0
3.25821106637 0.0
3.25879723218 0.0
3.25938350344 0.0
3.25996988018 0.0
3.2605563624 0.0
3.26114295014 0.0
3.2617296434 0.0
3.26231644222 0.0
3.2629033466 0.0
3.26349035657 0.0
3.26407747214 0.0
3.26466469334 0.0
3.26525202018 0.0
3.26583945269 0.0
3.26642699087 0.0
3.26701463476 0.0
3.26760238437 0.0
3.26819023971 0.0
3.26877820081 0.0
3.26936626769 0.0
3.26995444037 0.0
3.27054271886 0.0
3.27113110318 0.0
3.27171959336 0.0
3.27230818941 0.0
3.27289689135 0.0
3.27348569919 0.0
3.27407461297 0.0
3.2746636327 0.0
3.27525275839 0.0
3.27584199007 0.0
3.27643132776 0.0
3.27702077146 0.0
3.27761032122 0.0
3.27819997703 0.0
3.27878973893 0.0
3.27937960692 0.0
3.27996958104 0.0
3.2805596613 0.0
3.28114984771 0.0
3.2817401403 0.0
3.28233053909 0.0
3.28292104409 0.0
3.28351165532 0.0
3.28410237281 0.0
3.28469319658 0.0
3.28528412663 0.0
3.28587516299 0.0
3.28646630569 0.0
3.28705755473 0.0
3.28764891014 0.0
3.28824037194 0.0
3.28883194015 0.0
3.28942361478 0.0
3.29001539585 0.0
3.29060728339 0.0
3.29119927742 0.0
3.29179137794 0.0
3.29238358499 0.0
3.29297589857 0.0
3.29356831872 0.0
3.29416084545 0.0
3.29475347877 0.0
3.29534621871 0.0
3.29593906529 0.0
3.29653201852 0.0
3.29712507843 0.0
3.29771824503 0.0
3.29831151834 0.0
3.29890489839 0.0
3.29949838519 0.0
3.30009197876 0.0
3.30068567911 0.0
3.30127948628 0.0
3.30187340028 0.0
3.30246742112 0.0
3.30306154883 0.0
3.30365578343 0.0
3.30425012493 0.0
3.30484457336 0.0
3.30543912873 0.0
3.30603379107 0.0
3.30662856038 0.0
3.3072234367 0.0
3.30781842004 0.0
3.30841351042 0.0
3.30900870785 0.0
3.30960401237 0.0
3.31019942398 0.0
3.31079494271 0.0
3.31139056858 0.0
3.3119863016 0.0
3.3125821418 0.0
3.31317808919 0.0
3.3137741438 0.0
3.31437030563 0.0
3.31496657472 0.0
3.31556295109 0.0
3.31615943474 0.0
3.3167560257 0.0
3.31735272399 0.0
3.31794952963 0.0
3.31854644264 0.0
3.31914346303 0.0
3.31974059083 0.0
3.32033782606 0.0
3.32093516873 0.0
3.32153261887 0.0
3.32213017649 0.0
3.32272784161 0.0
3.32332561425 0.0
3.32392349444 0.0
3.32452148219 0.0
3.32511957752 0.0
3.32571778045 0.0
3.326316091 0.0
3.32691450918 0.0
3.32751303503 0.0
3.32811166855 0.0
3.32871040977 0.0
3.3293092587 0.0
3.32990821537 0.0
3.3305072798 0.0
3.33110645199 0.0
3.33170573199 0.0
3.33230511979 0.0
3.33290461543 0.0
3.33350421892 0.0
3.33410393028 0.0
3.33470374953 0.0
3.33530367669 0.0
3.33590371178 0.0
3.33650385482 0.0
3.33710410583 0.0
3.33770446483 0.0
3.33830493183 0.0
3.33890550686 0.0
3.33950618994 0.0
3.34010698108 0.0
3.3407078803 0.0
3.34130888763 0.0
3.34191000308 0.0
3.34251122668 0.0
3.34311255844 0.0
3.34371399838 0.0
3.34431554652 0.0
3.34491720289 0.0
3.34551896749 0.0
3.34612084036 0.0
3.3467228215 0.0
3.34732491094 0.0
3.34792710871 0.0
3.3485294148 0.0
3.34913182926 0.0
3.34973435209 0.0
3.35033698332 0.0
3.35093972297 0.0
3.35154257105 0.0
3.35214552759 0.0
3.3527485926 0.0
3.3533517661 0.0
3.35395504812 0.0
3.35455843867 0.0
3.35516193777 0.0
3.35576554545 0.0
3.35636926171 0.0
3.35697308659 0.0
3.3575770201 0.0
3.35818106226 0.0
3.35878521309 0.0
3.3593894726 0.0
3.35999384083 0.0
3.36059831779 0.0
3.36120290349 0.0
3.36180759796 0.0
3.36241240122 0.0
3.36301731328 0.0
3.36362233417 0.0
3.36422746391 0.0
3.36483270251 0.0
3.36543804999 0.0
3.36604350638 0.0
3.3666490717 0.0
3.36725474596 0.0
3.36786052918 0.0
3.36846642138 0.0
3.36907242259 0.0
3.36967853282 0.0
3.37028475209 0.0
3.37089108042 0.0
3.37149751784 0.0
3.37210406435 0.0
3.37271071999 0.0
3.37331748476 0.0
3.3739243587 0.0
3.37453134181 0.0
3.37513843412 0.0
3.37574563565 0.0
3.37635294642 0.0
3.37696036645 0.0
3.37756789575 0.0
3.37817553435 0.0
3.37878328227 0.0
3.37939113952 0.0
3.37999910613 0.0
3.38060718212 0.0
3.3812153675 0.0
3.3818236623 0.0
3.38243206653 0.0
3.38304058021 0.0
3.38364920337 0.0
3.38425793602 0.0
3.38486677819 0.0
3.38547572989 0.0
3.38608479114 0.0
3.38669396197 0.0
3.38730324239 0.0
3.38791263242 0.0
3.38852213208 0.0
3.3891317414 0.0
3.38974146038 0.0
3.39035128906 0.0
3.39096122744 0.0
3.39157127556 0.0
3.39218143343 0.0
3.39279170106 0.0
3.39340207849 0.0
3.39401256573 0.0
3.39462316279 0.0
3.39523386971 0.0
3.39584468649 0.0
3.39645561316 0.0
3.39706664974 0.0
3.39767779625 0.0
3.39828905271 0.0
3.39890041913 0.0
3.39951189554 0.0
3.40012348196 0.0
3.40073517841 0.0
3.4013469849 0.0
3.40195890146 0.0
3.4025709281 0.0
3.40318306485 0.0
3.40379531173 0.0
3.40440766875 0.0
3.40502013594 0.0
3.40563271331 0.0
3.40624540089 0.0
3.4068581987 0.0
3.40747110675 0.0
3.40808412506 0.0
3.40869725366 0.0
3.40931049256 0.0
3.40992384179 0.0
3.41053730136 0.0
3.41115087129 0.0
3.41176455161 0.0
3.41237834233 0.0
3.41299224348 0.0
3.41360625507 0.0
3.41422037712 0.0
3.41483460966 0.0
3.41544895269 0.0
3.41606340626 0.0
3.41667797036 0.0
3.41729264503 0.0
3.41790743028 0.0
3.41852232613 0.0
3.4191373326 0.0
3.41975244972 0.0
3.4203676775 0.0
3.42098301596 0.0
3.42159846512 0.0
3.422214025 0.0
3.42282969563 0.0
3.42344547702 0.0
3.42406136919 0.0
3.42467737216 0.0
3.42529348595 0.0
3.42590971059 0.0
3.42652604608 0.0
3.42714249246 0.0
3.42775904974 0.0
3.42837571794 0.0
3.42899249708 0.0
3.42960938718 0.0
3.43022638826 0.0
3.43084350035 0.0
3.43146072345 0.0
3.4320780576 0.0
3.4326955028 0.0
3.43331305909 0.0
3.43393072648 0.0
3.43454850499 0.0
3.43516639464 0.0
3.43578439545 0.0
3.43640250745 0.0
3.43702073064 0.0
3.43763906505 0.0
3.43825751071 0.0
3.43887606763 0.0
3.43949473582 0.0
3.44011351532 0.0
3.44073240614 0.0
3.4413514083 0.0
3.44197052182 0.0
3.44258974673 0.0
3.44320908303 0.0
3.44382853076 0.0
3.44444808992 0.0
3.44506776055 0.0
3.44568754266 0.0
3.44630743627 0.0
3.4469274414 0.0
3.44754755807 0.0
3.44816778631 0.0
3.44878812613 0.0
3.44940857754 0.0
3.45002914058 0.0
3.45064981527 0.0
3.45127060161 0.0
3.45189149964 0.0
3.45251250936 0.0
3.45313363081 0.0
3.45375486401 0.0
3.45437620896 0.0
3.4549976657 0.0
3.45561923424 0.0
3.4562409146 0.0
3.45686270681 0.0
3.45748461088 0.0
3.45810662683 0.0
3.45872875469 0.0
3.45935099447 0.0
3.45997334619 0.0
3.46059580987 0.0
3.46121838554 0.0
3.46184107322 0.0
3.46246387292 0.0
3.46308678466 0.0
3.46370980847 0.0
3.46433294436 0.0
3.46495619235 0.0
3.46557955247 0.0
3.46620302474 0.0
3.46682660917 0.0
3.46745030579 0.0
3.46807411461 0.0
3.46869803566 0.0
3.46932206895 0.0
3.46994621451 0.0
3.47057047236 0.0
3.47119484251 0.0
3.47181932499 0.0
3.47244391982 0.0
3.47306862702 0.0
3.4736934466 0.0
3.47431837859 0.0
3.47494342301 0.0
3.47556857987 0.0
3.47619384921 0.0
3.47681923103 0.0
3.47744472536 0.0
3.47807033222 0.0
3.47869605163 0.0
3.47932188361 0.0
3.47994782818 0.0
3.48057388536 0.0
3.48120005517 0.0
3.48182633763 0.0
3.48245273276 0.0
3.48307924058 0.0
3.48370586111 0.0
3.48433259438 0.0
3.48495944039 0.0
3.48558639918 0.0
3.48621347076 0.0
3.48684065516 0.0
3.48746795239 0.0
3.48809536247 0.0
3.48872288542 0.0
3.48935052127 0.0
3.48997827003 0.0
3.49060613173 0.0
3.49123410638 0.0
3.49186219401 0.0
3.49249039463 0.0
3.49311870827 0.0
3.49374713495 0.0
3.49437567468 0.0
3.49500432749 0.0
3.4956330934 0.0
3.49626197242 0.0
3.49689096458 0.0
3.4975200699 0.0
3.4981492884 0.0
3.4987786201 0.0
3.49940806502 0.0
3.50003762317 0.0
3.50066729459 0.0
3.50129707929 0.0
3.50192697729 0.0
3.50255698861 0.0
3.50318711327 0.0
3.50381735129 0.0
3.5044477027 0.0
3.50507816751 0.0
3.50570874574 0.0
3.50633943742 0.0
3.50697024256 0.0
3.50760116118 0.0
3.50823219331 0.0
3.50886333897 0.0
3.50949459817 0.0
3.51012597093 0.0
3.51075745729 0.0
3.51138905725 0.0
3.51202077083 0.0
3.51265259807 0.0
3.51328453897 0.0
3.51391659357 0.0
3.51454876187 0.0
3.5151810439 0.0
3.51581343968 0.0
3.51644594924 0.0
3.51707857258 0.0
3.51771130974 0.0
3.51834416072 0.0
3.51897712556 0.0
3.51961020428 0.0
3.52024339688 0.0
3.5208767034 0.0
3.52151012386 0.0
3.52214365827 0.0
3.52277730665 0.0
3.52341106903 0.0
3.52404494543 0.0
3.52467893587 0.0
3.52531304036 0.0
3.52594725893 0.0
3.5265815916 0.0
3.52721603839 0.0
3.52785059932 0.0
3.5284852744 0.0
3.52912006367 0.0
3.52975496714 0.0
3.53038998484 0.0
3.53102511677 0.0
3.53166036297 0.0
3.53229572345 0.0
3.53293119823 0.0
3.53356678734 0.0
3.5342024908 0.0
3.53483830861 0.0
3.53547424082 0.0
3.53611028743 0.0
3.53674644847 0.0
3.53738272396 0.0
3.53801911392 0.0
3.53865561837 0.0
3.53929223732 0.0
3.53992897081 0.0
3.54056581885 0.0
3.54120278146 0.0
3.54183985866 0.0
3.54247705047 0.0
3.54311435692 0.0
3.54375177802 0.0
3.5443893138 0.0
3.54502696427 0.0
3.54566472946 0.0
3.54630260938 0.0
3.54694060407 0.0
3.54757871353 0.0
3.54821693778 0.0
3.54885527686 0.0
3.54949373078 0.0
3.55013229956 0.0
3.55077098322 0.0
3.55140978178 0.0
3.55204869526 0.0
3.55268772369 0.0
3.55332686708 0.0
3.55396612545 0.0
3.55460549884 0.0
3.55524498724 0.0
3.55588459069 0.0
3.55652430922 0.0
3.55716414282 0.0
3.55780409154 0.0
3.55844415539 0.0
3.55908433438 0.0
3.55972462855 0.0
3.56036503791 0.0
3.56100556248 0.0
3.56164620229 0.0
3.56228695735 0.0
3.56292782768 0.0
3.56356881331 0.0
3.56420991425 0.0
3.56485113053 0.0
3.56549246217 0.0
3.56613390919 0.0
3.5667754716 0.0
3.56741714944 0.0
3.56805894272 0.0
3.56870085145 0.0
3.56934287567 0.0
3.5699850154 0.0
3.57062727064 0.0
3.57126964143 0.0
3.57191212779 0.0
3.57255472973 0.0
3.57319744728 0.0
3.57384028045 0.0
3.57448322928 0.0
3.57512629377 0.0
3.57576947395 0.0
3.57641276985 0.0
3.57705618147 0.0
3.57769970885 0.0
3.578343352 0.0
3.57898711095 0.0
3.57963098571 0.0
3.58027497631 0.0
3.58091908276 0.0
3.58156330509 0.0
3.58220764332 0.0
3.58285209747 0.0
3.58349666755 0.0
3.5841413536 0.0
3.58478615563 0.0
3.58543107367 0.0
3.58607610772 0.0
3.58672125782 0.0
3.58736652399 0.0
3.58801190624 0.0
3.5886574046 0.0
3.58930301909 0.0
3.58994874972 0.0
3.59059459653 0.0
3.59124055952 0.0
3.59188663873 0.0
3.59253283417 0.0
3.59317914586 0.0
3.59382557383 0.0
3.59447211809 0.0
3.59511877867 0.0
3.59576555559 0.0
3.59641244886 0.0
3.59705945851 0.0
3.59770658456 0.0
3.59835382703 0.0
3.59900118595 0.0
3.59964866132 0.0
3.60029625318 0.0
3.60094396155 0.0
3.60159178644 0.0
3.60223972787 0.0
3.60288778588 0.0
3.60353596047 0.0
3.60418425167 0.0
3.6048326595 0.0
3.60548118399 0.0
3.60612982514 0.0
3.60677858299 0.0
3.60742745755 0.0
3.60807644885 0.0
3.60872555691 0.0
3.60937478174 0.0
3.61002412337 0.0
3.61067358182 0.0
3.6113231571 0.0
3.61197284926 0.0
3.61262265829 0.0
3.61327258422 0.0
3.61392262709 0.0
3.61457278689 0.0
3.61522306366 0.0
3.61587345742 0.0
3.61652396819 0.0
3.61717459599 0.0
3.61782534084 0.0
3.61847620276 0.0
3.61912718177 0.0
3.6197782779 0.0
3.62042949116 0.0
3.62108082158 0.0
3.62173226918 0.0
3.62238383397 0.0
3.62303551598 0.0
3.62368731524 0.0
3.62433923175 0.0
3.62499126555 0.0
3.62564341665 0.0
3.62629568507 0.0
3.62694807084 0.0
3.62760057398 0.0
3.62825319451 0.0
3.62890593244 0.0
3.62955878781 0.0
3.63021176063 0.0
3.63086485092 0.0
3.6315180587 0.0
3.632171384 0.0
3.63282482683 0.0
3.63347838722 0.0
3.63413206519 0.0
3.63478586076 0.0
3.63543977395 0.0
3.63609380478 0.0
3.63674795327 0.0
3.63740221945 0.0
3.63805660333 0.0
3.63871110494 0.0
3.6393657243 0.0
3.64002046143 0.0
3.64067531634 0.0
3.64133028907 0.0
3.64198537963 0.0
3.64264058804 0.0
3.64329591433 0.0
3.64395135851 0.0
3.64460692061 0.0
3.64526260065 0.0
3.64591839865 0.0
3.64657431463 0.0
3.64723034861 0.0
3.64788650062 0.0
3.64854277066 0.0
3.64919915878 0.0
3.64985566498 0.0
3.65051228929 0.0
3.65116903173 0.0
3.65182589232 0.0
3.65248287108 0.0
3.65313996804 0.0
3.65379718321 0.0
3.65445451661 0.0
3.65511196828 0.0
3.65576953822 0.0
3.65642722646 0.0
3.65708503302 0.0
3.65774295792 0.0
3.65840100119 0.0
3.65905916284 0.0
3.6597174429 0.0
3.66037584139 0.0
3.66103435832 0.0
3.66169299372 0.0
3.66235174762 0.0
3.66301062003 0.0
3.66366961097 0.0
3.66432872046 0.0
3.66498794854 0.0
3.66564729521 0.0
3.6663067605 0.0
3.66696634443 0.0
3.66762604702 0.0
3.6682858683 0.0
3.66894580828 0.0
3.66960586699 0.0
3.67026604444 0.0
3.67092634066 0.0
3.67158675568 0.0
3.6722472895 0.0
3.67290794216 0.0
3.67356871367 0.0
3.67422960406 0.0
3.67489061334 0.0
3.67555174154 0.0
3.67621298868 0.0
3.67687435479 0.0
3.67753583987 0.0
3.67819744396 0.0
3.67885916708 0.0
3.67952100924 0.0
3.68018297047 0.0
3.68084505079 0.0
3.68150725022 0.0
3.68216956878 0.0
3.6828320065 0.0
3.68349456339 0.0
3.68415723948 0.0
3.68482003478 0.0
3.68548294933 0.0
3.68614598314 0.0
3.68680913623 0.0
3.68747240862 0.0
3.68813580034 0.0
3.68879931141 0.0
3.68946294184 0.0
3.69012669167 0.0
3.6907905609 0.0
3.69145454957 0.0
3.6921186577 0.0
3.6927828853 0.0
3.69344723239 0.0
3.69411169901 0.0
3.69477628516 0.0
3.69544099088 0.0
3.69610581618 0.0
3.69677076109 0.0
3.69743582562 0.0
3.6981010098 0.0
3.69876631365 0.0
3.69943173719 0.0
3.70009728044 0.0
3.70076294343 0.0
3.70142872617 0.0
3.70209462869 0.0
3.70276065101 0.0
3.70342679315 0.0
3.70409305513 0.0
3.70475943697 0.0
3.7054259387 0.0
3.70609256034 0.0
3.7067593019 0.0
3.70742616341 0.0
3.70809314489 0.0
3.70876024637 0.0
3.70942746786 0.0
3.71009480939 0.0
3.71076227097 0.0
3.71142985264 0.0
3.7120975544 0.0
3.71276537629 0.0
3.71343331832 0.0
3.71410138051 0.0
3.7147695629 0.0
3.71543786549 0.0
3.71610628831 0.0
3.71677483139 0.0
3.71744349473 0.0
3.71811227838 0.0
3.71878118234 0.0
3.71945020664 0.0
3.7201193513 0.0
3.72078861634 0.0
3.72145800178 0.0
3.72212750765 0.0
3.72279713397 0.0
3.72346688075 0.0
3.72413674803 0.0
3.72480673582 0.0
3.72547684414 0.0
3.72614707302 0.0
3.72681742247 0.0
3.72748789252 0.0
3.7281584832 0.0
3.72882919451 0.0
3.72950002649 0.0
3.73017097915 0.0
3.73084205252 0.0
3.73151324662 0.0
3.73218456147 0.0
3.7328559971 0.0
3.73352755352 0.0
3.73419923075 0.0
3.73487102882 0.0
3.73554294775 0.0
3.73621498756 0.0
3.73688714827 0.0
3.73755942991 0.0
3.7382318325 0.0
3.73890435605 0.0
3.73957700059 0.0
3.74024976614 0.0
3.74092265273 0.0
3.74159566037 0.0
3.74226878909 0.0
3.74294203891 0.0
3.74361540985 0.0
3.74428890193 0.0
3.74496251517 0.0
3.7456362496 0.0
3.74631010524 0.0
3.74698408211 0.0
3.74765818023 0.0
3.74833239962 0.0
3.74900674031 0.0
3.74968120231 0.0
3.75035578565 0.0
3.75103049036 0.0
3.75170531644 0.0
3.75238026393 0.0
3.75305533284 0.0
3.75373052321 0.0
3.75440583504 0.0
3.75508126836 0.0
3.7557568232 0.0
3.75643249957 0.0
3.7571082975 0.0
3.757784217 0.0
3.75846025811 0.0
3.75913642084 0.0
3.75981270522 0.0
3.76048911126 0.0
3.76116563899 0.0
3.76184228843 0.0
3.7625190596 0.0
3.76319595253 0.0
3.76387296723 0.0
3.76455010373 0.0
3.76522736205 0.0
3.76590474221 0.0
3.76658224424 0.0
3.76725986815 0.0
3.76793761397 0.0
3.76861548171 0.0
3.76929347141 0.0
3.76997158308 0.0
3.77064981675 0.0
3.77132817243 0.0
3.77200665015 0.0
3.77268524994 0.0
3.7733639718 0.0
3.77404281578 0.0
3.77472178187 0.0
3.77540087012 0.0
3.77608008054 0.0
3.77675941315 0.0
3.77743886798 0.0
3.77811844504 0.0
3.77879814436 0.0
3.77947796596 0.0
3.78015790986 0.0
3.78083797609 0.0
3.78151816467 0.0
3.78219847561 0.0
3.78287890895 0.0
3.7835594647 0.0
3.78424014288 0.0
3.78492094352 0.0
3.78560186664 0.0
3.78628291226 0.0
3.7869640804 0.0
3.78764537109 0.0
3.78832678435 0.0
3.78900832019 0.0
3.78968997865 0.0
3.79037175973 0.0
3.79105366348 0.0
3.7917356899 0.0
3.79241783902 0.0
3.79310011086 0.0
3.79378250545 0.0
3.7944650228 0.0
3.79514766294 0.0
3.79583042588 0.0
3.79651331166 0.0
3.7971963203 0.0
3.79787945181 0.0
3.79856270622 0.0
3.79924608355 0.0
3.79992958382 0.0
3.80061320706 0.0
3.80129695328 0.0
3.80198082251 0.0
3.80266481477 0.0
3.80334893009 0.0
3.80403316848 0.0
3.80471752997 0.0
3.80540201458 0.0
3.80608662232 0.0
3.80677135324 0.0
3.80745620734 0.0
3.80814118464 0.0
3.80882628518 0.0
3.80951150897 0.0
3.81019685604 0.0
3.8108823264 0.0
3.81156792008 0.0
3.8122536371 0.0
3.81293947748 0.0
3.81362544125 0.0
3.81431152843 0.0
3.81499773904 0.0
3.8156840731 0.0
3.81637053064 0.0
3.81705711167 0.0
3.81774381622 0.0
3.81843064431 0.0
3.81911759596 0.0
3.8198046712 0.0
3.82049187005 0.0
3.82117919253 0.0
3.82186663866 0.0
3.82255420846 0.0
3.82324190196 0.0
3.82392971918 0.0
3.82461766014 0.0
3.82530572487 0.0
3.82599391338 0.0
3.8266822257 0.0
3.82737066184 0.0
3.82805922185 0.0
3.82874790572 0.0
3.82943671349 0.0
3.83012564519 0.0
3.83081470082 0.0
3.83150388042 0.0
3.832193184 0.0
3.8328826116 0.0
3.83357216322 0.0
3.8342618389 0.0
3.83495163865 0.0
3.8356415625 0.0
3.83633161047 0.0
3.83702178258 0.0
3.83771207886 0.0
3.83840249933 0.0
3.839093044 0.0
3.83978371291 0.0
3.84047450607 0.0
3.84116542351 0.0
3.84185646524 0.0
3.8425476313 0.0
3.8432389217 0.0
3.84393033647 0.0
3.84462187562 0.0
3.84531353919 0.0
3.84600532719 0.0
3.84669723965 0.0
3.84738927658 0.0
3.84808143801 0.0
3.84877372397 0.0
3.84946613447 0.0
3.85015866954 0.0
3.8508513292 0.0
3.85154411347 0.0
3.85223702237 0.0
3.85293005594 0.0
3.85362321418 0.0
3.85431649713 0.0
3.8550099048 0.0
3.85570343721 0.0
3.8563970944 0.0
3.85709087638 0.0
3.85778478317 0.0
3.8584788148 0.0
3.85917297128 0.0
3.85986725265 0.0
3.86056165893 0.0
3.86125619013 0.0
3.86195084628 0.0
3.8626456274 0.0
3.86334053351 0.0
3.86403556464 0.0
3.86473072081 0.0
3.86542600205 0.0
3.86612140836 0.0
3.86681693978 0.0
3.86751259634 0.0
3.86820837804 0.0
3.86890428492 0.0
3.86960031699 0.0
3.87029647428 0.0
3.87099275682 0.0
3.87168916461 0.0
3.8723856977 0.0
3.87308235609 0.0
3.87377913982 0.0
3.8744760489 0.0
3.87517308336 0.0
3.87587024321 0.0
3.87656752849 0.0
3.87726493922 0.0
3.87796247541 0.0
3.87866013709 0.0
3.87935792428 0.0
3.88005583701 0.0
3.88075387529 0.0
3.88145203915 0.0
3.88215032862 0.0
3.88284874371 0.0
3.88354728445 0.0
3.88424595086 0.0
3.88494474297 0.0
3.88564366079 0.0
3.88634270434 0.0
3.88704187366 0.0
3.88774116876 0.0
3.88844058967 0.0
3.88914013641 0.0
3.889839809 0.0
3.89053960746 0.0
3.89123953182 0.0
3.8919395821 0.0
3.89263975832 0.0
3.8933400605 0.0
3.89404048867 0.0
3.89474104285 0.0
3.89544172307 0.0
3.89614252934 0.0
3.89684346169 0.0
3.89754452013 0.0
3.89824570471 0.0
3.89894701542 0.0
3.89964845231 0.0
3.90035001539 0.0
3.90105170468 0.0
3.90175352021 0.0
3.902455462 0.0
3.90315753007 0.0
3.90385972444 0.0
3.90456204515 0.0
3.9052644922 0.0
3.90596706563 0.0
3.90666976545 0.0
3.90737259169 0.0
3.90807554438 0.0
3.90877862352 0.0
3.90948182916 0.0
3.9101851613 0.0
3.91088861998 0.0
3.91159220521 0.0
3.91229591702 0.0
3.91299975543 0.0
3.91370372046 0.0
3.91440781214 0.0
3.91511203049 0.0
3.91581637553 0.0
3.91652084728 0.0
3.91722544578 0.0
3.91793017103 0.0
3.91863502306 0.0
3.91934000191 0.0
3.92004510758 0.0
3.9207503401 0.0
3.92145569949 0.0
3.92216118579 0.0
3.922866799 0.0
3.92357253915 0.0
3.92427840628 0.0
3.92498440039 0.0
3.92569052151 0.0
3.92639676966 0.0
3.92710314487 0.0
3.92780964717 0.0
3.92851627656 0.0
3.92922303308 0.0
3.92992991675 0.0
3.93063692759 0.0
3.93134406562 0.0
3.93205133088 0.0
3.93275872337 0.0
3.93346624312 0.0
3.93417389016 0.0
3.93488166451 0.0
3.93558956619 0.0
3.93629759523 0.0
3.93700575164 0.0
3.93771403545 0.0
3.93842244669 0.0
3.93913098537 0.0
3.93983965152 0.0
3.94054844516 0.0
3.94125736632 0.0
3.94196641502 0.0
3.94267559127 0.0
3.94338489511 0.0
3.94409432656 0.0
3.94480388564 0.0
3.94551357237 0.0
3.94622338677 0.0
3.94693332887 0.0
3.9476433987 0.0
3.94835359627 0.0
3.94906392161 0.0
3.94977437473 0.0
3.95048495567 0.0
3.95119566445 0.0
3.95190650109 0.0
3.95261746561 0.0
3.95332855803 0.0
3.95403977839 0.0
3.95475112669 0.0
3.95546260297 0.0
3.95617420725 0.0
3.95688593955 0.0
3.95759779989 0.0
3.9583097883 0.0
3.9590219048 0.0
3.95973414941 0.0
3.96044652215 0.0
3.96115902306 0.0
3.96187165214 0.0
3.96258440944 0.0
3.96329729496 0.0
3.96401030873 0.0
3.96472345077 0.0
3.96543672112 0.0
3.96615011978 0.0
3.96686364679 0.0
3.96757730216 0.0
3.96829108592 0.0
3.9690049981 0.0
3.96971903871 0.0
3.97043320778 0.0
3.97114750533 0.0
3.97186193138 0.0
3.97257648597 0.0
3.97329116911 0.0
3.97400598082 0.0
3.97472092113 0.0
3.97543599005 0.0
3.97615118763 0.0
3.97686651387 0.0
3.9775819688 0.0
3.97829755244 0.0
3.97901326482 0.0
3.97972910596 0.0
3.98044507589 0.0
3.98116117461 0.0
3.98187740217 0.0
3.98259375858 0.0
3.98331024387 0.0
3.98402685805 0.0
3.98474360116 0.0
3.98546047321 0.0
3.98617747423 0.0
3.98689460424 0.0
3.98761186327 0.0
3.98832925133 0.0
3.98904676845 0.0
3.98976441466 0.0
3.99048218998 0.0
3.99120009443 0.0
3.99191812803 0.0
3.99263629081 0.0
3.99335458279 0.0
3.99407300399 0.0
3.99479155444 0.0
3.99551023416 0.0
3.99622904318 0.0
3.99694798151 0.0
3.99766704918 0.0
3.99838624621 0.0
3.99910557263 0.0
3.99982502846 0.0
4.00054461372 0.0
4.00126432844 0.0
4.00198417264 0.0
4.00270414635 0.0
4.00342424957 0.0
4.00414448235 0.0
4.0048648447 0.0
4.00558533665 0.0
4.00630595822 0.0
4.00702670943 0.0
4.0077475903 0.0
4.00846860087 0.0
4.00918974115 0.0
4.00991101116 0.0
4.01063241093 0.0
4.01135394049 0.0
4.01207559985 0.0
4.01279738905 0.0
4.01351930809 0.0
4.01424135701 0.0
4.01496353583 0.0
4.01568584458 0.0
4.01640828327 0.0
4.01713085193 0.0
4.01785355058 0.0
4.01857637925 0.0
4.01929933796 0.0
4.02002242673 0.0
4.02074564559 0.0
4.02146899456 0.0
4.02219247367 0.0
4.02291608293 0.0
4.02363982237 0.0
4.02436369201 0.0
4.02508769188 0.0
4.02581182201 0.0
4.0265360824 0.0
4.0272604731 0.0
4.02798499411 0.0
4.02870964547 0.0
4.0294344272 0.0
4.03015933932 0.0
4.03088438185 0.0
4.03160955482 0.0
4.03233485825 0.0
4.03306029217 0.0
4.0337858566 0.0
4.03451155155 0.0
4.03523737707 0.0
4.03596333316 0.0
4.03668941986 0.0
4.03741563718 0.0
4.03814198515 0.0
4.03886846379 0.0
4.03959507313 0.0
4.04032181319 0.0
4.041048684 0.0
4.04177568557 0.0
4.04250281793 0.0
4.04323008111 0.0
4.04395747512 0.0
4.044685 0.0
4.04541265576 0.0
4.04614044243 0.0
4.04686836003 0.0
4.04759640858 0.0
4.04832458812 0.0
4.04905289865 0.0
4.04978134022 0.0
4.05050991283 0.0
4.05123861652 0.0
4.0519674513 0.0
4.0526964172 0.0
4.05342551425 0.0
4.05415474246 0.0
4.05488410187 0.0
4.05561359249 0.0
4.05634321435 0.0
4.05707296747 0.0
4.05780285188 0.0
4.0585328676 0.0
4.05926301464 0.0
4.05999329305 0.0
4.06072370284 0.0
4.06145424403 0.0
4.06218491664 0.0
4.06291572071 0.0
4.06364665625 0.0
4.0643777233 0.0
4.06510892186 0.0
4.06584025197 0.0
4.06657171365 0.0
4.06730330692 0.0
4.06803503181 0.0
4.06876688833 0.0
4.06949887653 0.0
4.07023099641 0.0
4.070963248 0.0
4.07169563132 0.0
4.07242814641 0.0
4.07316079328 0.0
4.07389357195 0.0
4.07462648246 0.0
4.07535952481 0.0
4.07609269905 0.0
4.07682600519 0.0
4.07755944325 0.0
4.07829301326 0.0
4.07902671524 0.0
4.07976054922 0.0
4.08049451522 0.0
4.08122861326 0.0
4.08196284337 0.0
4.08269720557 0.0
4.08343169988 0.0
4.08416632633 0.0
4.08490108495 0.0
4.08563597575 0.0
4.08637099876 0.0
4.08710615401 0.0
4.08784144151 0.0
4.0885768613 0.0
4.08931241339 0.0
4.09004809781 0.0
4.09078391458 0.0
4.09151986372 0.0
4.09225594527 0.0
4.09299215924 0.0
4.09372850566 0.0
4.09446498456 0.0
4.09520159594 0.0
4.09593833985 0.0
4.0966752163 0.0
4.09741222532 0.0
4.09814936693 0.0
4.09888664115 0.0
4.09962404801 0.0
4.10036158754 0.0
4.10109925975 0.0
4.10183706467 0.0
4.10257500232 0.0
4.10331307274 0.0
4.10405127593 0.0
4.10478961193 0.0
4.10552808077 0.0
4.10626668245 0.0
4.10700541701 0.0
4.10774428448 0.0
4.10848328487 0.0
4.1092224182 0.0
4.10996168452 0.0
4.11070108382 0.0
4.11144061615 0.0
4.11218028153 0.0
4.11292007997 0.0
4.11366001151 0.0
4.11440007616 0.0
4.11514027396 0.0
4.11588060491 0.0
4.11662106906 0.0
4.11736166642 0.0
4.11810239702 0.0
4.11884326087 0.0
4.11958425802 0.0
4.12032538847 0.0
4.12106665225 0.0
4.12180804939 0.0
4.12254957991 0.0
4.12329124383 0.0
4.12403304118 0.0
4.12477497199 0.0
4.12551703627 0.0
4.12625923405 0.0
4.12700156536 0.0
4.12774403021 0.0
4.12848662864 0.0
4.12922936066 0.0
4.12997222631 0.0
4.13071522559 0.0
4.13145835855 0.0
4.1322016252 0.0
4.13294502557 0.0
4.13368855968 0.0
4.13443222755 0.0
4.13517602921 0.0
4.13591996469 0.0
4.136664034 0.0
4.13740823717 0.0
4.13815257423 0.0
4.1388970452 0.0
4.1396416501 0.0
4.14038638896 0.0
4.1411312618 0.0
4.14187626864 0.0
4.14262140952 0.0
4.14336668445 0.0
4.14411209346 0.0
4.14485763657 0.0
4.1456033138 0.0
4.14634912519 0.0
4.14709507075 0.0
4.14784115051 0.0
4.1485873645 0.0
4.14933371273 0.0
4.15008019523 0.0
4.15082681202 0.0
4.15157356314 0.0
4.1523204486 0.0
4.15306746843 0.0
4.15381462265 0.0
4.15456191128 0.0
4.15530933436 0.0
4.1560568919 0.0
4.15680458393 0.0
4.15755241047 0.0
4.15830037155 0.0
4.15904846719 0.0
4.15979669742 0.0
4.16054506225 0.0
4.16129356172 0.0
4.16204219585 0.0
4.16279096466 0.0
4.16353986818 0.0
4.16428890643 0.0
4.16503807943 0.0
4.16578738721 0.0
4.1665368298 0.0
4.16728640721 0.0
4.16803611948 0.0
4.16878596662 0.0
4.16953594867 0.0
4.17028606564 0.0
4.17103631755 0.0
4.17178670444 0.0
4.17253722633 0.0
4.17328788324 0.0
4.1740386752 0.0
4.17478960223 0.0
4.17554066435 0.0
4.17629186159 0.0
4.17704319398 0.0
4.17779466153 0.0
4.17854626427 0.0
4.17929800224 0.0
4.18004987544 0.0
4.18080188391 0.0
4.18155402766 0.0
4.18230630673 0.0
4.18305872114 0.0
4.18381127091 0.0
4.18456395607 0.0
4.18531677664 0.0
4.18606973265 0.0
4.18682282411 0.0
4.18757605106 0.0
4.18832941352 0.0
4.18908291151 0.0
4.18983654506 0.0
4.19059031419 0.0
4.19134421893 0.0
4.19209825929 0.0
4.19285243532 0.0
4.19360674702 0.0
4.19436119442 0.0
4.19511577756 0.0
4.19587049644 0.0
4.19662535111 0.0
4.19738034157 0.0
4.19813546786 0.0
4.19889073 0.0
4.19964612802 0.0
4.20040166193 0.0
4.20115733177 0.0
4.20191313756 0.0
4.20266907932 0.0
4.20342515708 0.0
4.20418137086 0.0
4.20493772068 0.0
4.20569420658 0.0
4.20645082857 0.0
4.20720758668 0.0
4.20796448093 0.0
4.20872151135 0.0
4.20947867797 0.0
4.2102359808 0.0
4.21099341987 0.0
4.21175099521 0.0
4.21250870685 0.0
4.21326655479 0.0
4.21402453908 0.0
4.21478265973 0.0
4.21554091677 0.0
4.21629931023 0.0
4.21705784012 0.0
4.21781650647 0.0
4.21857530932 0.0
4.21933424867 0.0
4.22009332456 0.0
4.22085253701 0.0
4.22161188605 0.0
4.2223713717 0.0
4.22313099398 0.0
4.22389075292 0.0
4.22465064855 0.0
4.22541068088 0.0
4.22617084995 0.0
4.22693115577 0.0
4.22769159838 0.0
4.22845217779 0.0
4.22921289403 0.0
4.22997374713 0.0
4.23073473711 0.0
4.231495864 0.0
4.23225712782 0.0
4.23301852859 0.0
4.23378006634 0.0
4.23454174109 0.0
4.23530355287 0.0
4.23606550171 0.0
4.23682758762 0.0
4.23758981064 0.0
4.23835217078 0.0
4.23911466808 0.0
4.23987730255 0.0
4.24064007422 0.0
4.24140298312 0.0
4.24216602926 0.0
4.24292921269 0.0
4.24369253341 0.0
4.24445599146 0.0
4.24521958686 0.0
4.24598331963 0.0
4.2467471898 0.0
4.24751119739 0.0
4.24827534243 0.0
4.24903962495 0.0
4.24980404496 0.0
4.2505686025 0.0
4.25133329758 0.0
4.25209813023 0.0
4.25286310048 0.0
4.25362820835 0.0
4.25439345387 0.0
4.25515883706 0.0
4.25592435794 0.0
4.25669001655 0.0
4.2574558129 0.0
4.25822174702 0.0
4.25898781893 0.0
4.25975402866 0.0
4.26052037624 0.0
4.26128686169 0.0
4.26205348503 0.0
4.26282024629 0.0
4.2635871455 0.0
4.26435418267 0.0
4.26512135783 0.0
4.26588867102 0.0
4.26665612224 0.0
4.26742371154 0.0
4.26819143892 0.0
4.26895930443 0.0
4.26972730807 0.0
4.27049544989 0.0
4.27126372989 0.0
4.27203214811 0.0
4.27280070458 0.0
4.27356939931 0.0
4.27433823233 0.0
4.27510720366 0.0
4.27587631334 0.0
4.27664556139 0.0
4.27741494782 0.0
4.27818447268 0.0
4.27895413597 0.0
4.27972393773 0.0
4.28049387797 0.0
4.28126395674 0.0
4.28203417404 0.0
4.28280452991 0.0
4.28357502437 0.0
4.28434565745 0.0
4.28511642916 0.0
4.28588733954 0.0
4.28665838861 0.0
4.2874295764 0.0
4.28820090292 0.0
4.28897236821 0.0
4.28974397229 0.0
4.29051571519 0.0
4.29128759692 0.0
4.29205961752 0.0
4.29283177701 0.0
4.29360407541 0.0
4.29437651276 0.0
4.29514908907 0.0
4.29592180436 0.0
4.29669465868 0.0
4.29746765203 0.0
4.29824078445 0.0
4.29901405595 0.0
4.29978746657 0.0
4.30056101634 0.0
4.30133470526 0.0
4.30210853338 0.0
4.30288250071 0.0
4.30365660728 0.0
4.30443085312 0.0
4.30520523824 0.0
4.30597976268 0.0
4.30675442646 0.0
4.30752922961 0.0
4.30830417215 0.0
4.3090792541 0.0
4.30985447549 0.0
4.31062983635 0.0
4.3114053367 0.0
4.31218097656 0.0
4.31295675597 0.0
4.31373267494 0.0
4.3145087335 0.0
4.31528493168 0.0
4.3160612695 0.0
4.31683774699 0.0
4.31761436417 0.0
4.31839112106 0.0
4.3191680177 0.0
4.3199450541 0.0
4.3207222303 0.0
4.32149954631 0.0
4.32227700217 0.0
4.32305459789 0.0
4.32383233351 0.0
4.32461020904 0.0
4.32538822452 0.0
4.32616637996 0.0
4.3269446754 0.0
4.32772311086 0.0
4.32850168636 0.0
4.32928040193 0.0
4.33005925759 0.0
4.33083825337 0.0
4.3316173893 0.0
4.3323966654 0.0
4.33317608169 0.0
4.3339556382 0.0
4.33473533496 0.0
4.33551517199 0.0
4.33629514932 0.0
4.33707526696 0.0
4.33785552496 0.0
4.33863592332 0.0
4.33941646208 0.0
4.34019714127 0.0
4.3409779609 0.0
4.341758921 0.0
4.3425400216 0.0
4.34332126273 0.0
4.3441026444 0.0
4.34488416665 0.0
4.34566582949 0.0
4.34644763297 0.0
4.34722957709 0.0
4.34801166188 0.0
4.34879388738 0.0
4.3495762536 0.0
4.35035876057 0.0
4.35114140832 0.0
4.35192419687 0.0
4.35270712625 0.0
4.35349019648 0.0
4.35427340758 0.0
4.35505675959 0.0
4.35584025253 0.0
4.35662388643 0.0
4.3574076613 0.0
4.35819157717 0.0
4.35897563408 0.0
4.35975983204 0.0
4.36054417108 0.0
4.36132865123 0.0
4.3621132725 0.0
4.36289803494 0.0
4.36368293855 0.0
4.36446798338 0.0
4.36525316944 0.0
4.36603849675 0.0
4.36682396535 0.0
4.36760957526 0.0
4.3683953265 0.0
4.3691812191 0.0
4.36996725309 0.0
4.37075342849 0.0
4.37153974532 0.0
4.37232620362 0.0
4.37311280341 0.0
4.3738995447 0.0
4.37468642754 0.0
4.37547345193 0.0
4.37626061792 0.0
4.37704792552 0.0
4.37783537476 0.0
4.37862296567 0.0
4.37941069827 0.0
4.38019857258 0.0
4.38098658864 0.0
4.38177474646 0.0
4.38256304608 0.0
4.38335148751 0.0
4.38414007079 0.0
4.38492879594 0.0
4.38571766298 0.0
4.38650667194 0.0
4.38729582285 0.0
4.38808511573 0.0
4.38887455061 0.0
4.38966412751 0.0
4.39045384646 0.0
4.39124370748 0.0
4.39203371061 0.0
4.39282385585 0.0
4.39361414325 0.0
4.39440457282 0.0
4.3951951446 0.0
4.3959858586 0.0
4.39677671485 0.0
4.39756771339 0.0
4.39835885422 0.0
4.39915013739 0.0
4.39994156291 0.0
4.40073313082 0.0
4.40152484112 0.0
4.40231669386 0.0
4.40310868906 0.0
4.40390082675 0.0
4.40469310694 0.0
4.40548552966 0.0
4.40627809495 0.0
4.40707080282 0.0
4.4078636533 0.0
4.40865664642 0.0
4.4094497822 0.0
4.41024306067 0.0
4.41103648186 0.0
4.41183004578 0.0
4.41262375247 0.0
4.41341760195 0.0
4.41421159425 0.0
4.41500572939 0.0
4.4158000074 0.0
4.41659442831 0.0
4.41738899213 0.0
4.4181836989 0.0
4.41897854864 0.0
4.41977354137 0.0
4.42056867713 0.0
4.42136395594 0.0
4.42215937782 0.0
4.4229549428 0.0
4.4237506509 0.0
4.42454650216 0.0
4.42534249659 0.0
4.42613863423 0.0
4.4269349151 0.0
4.42773133922 0.0
4.42852790661 0.0
4.42932461732 0.0
4.43012147136 0.0
4.43091846875 0.0
4.43171560953 0.0
4.43251289372 0.0
4.43331032134 0.0
4.43410789242 0.0
4.43490560699 0.0
4.43570346507 0.0
4.43650146668 0.0
4.43729961187 0.0
4.43809790064 0.0
4.43889633303 0.0
4.43969490905 0.0
4.44049362875 0.0
4.44129249214 0.0
4.44209149925 0.0
4.4428906501 0.0
4.44368994472 0.0
4.44448938314 0.0
4.44528896538 0.0
4.44608869147 0.0
4.44688856144 0.0
4.4476885753 0.0
4.44848873309 0.0
4.44928903483 0.0
4.45008948055 0.0
4.45089007028 0.0
4.45169080403 0.0
4.45249168183 0.0
4.45329270372 0.0
4.45409386972 0.0
4.45489517985 0.0
4.45569663414 0.0
4.45649823261 0.0
4.45729997529 0.0
4.45810186221 0.0
4.4589038934 0.0
4.45970606887 0.0
4.46050838866 0.0
4.46131085279 0.0
4.46211346128 0.0
4.46291621417 0.0
4.46371911147 0.0
4.46452215322 0.0
4.46532533945 0.0
4.46612867016 0.0
4.4669321454 0.0
4.46773576519 0.0
4.46853952955 0.0
4.46934343852 0.0
4.47014749211 0.0
4.47095169035 0.0
4.47175603327 0.0
4.4725605209 0.0
4.47336515326 0.0
4.47416993037 0.0
4.47497485227 0.0
4.47577991897 0.0
4.47658513051 0.0
4.47739048691 0.0
4.4781959882 0.0
4.4790016344 0.0
4.47980742554 0.0
4.48061336165 0.0
4.48141944274 0.0
4.48222566886 0.0
4.48303204002 0.0
4.48383855624 0.0
4.48464521757 0.0
4.48545202401 0.0
4.4862589756 0.0
4.48706607237 0.0
4.48787331433 0.0
4.48868070153 0.0
4.48948823397 0.0
4.4902959117 0.0
4.49110373472 0.0
4.49191170308 0.0
4.4927198168 0.0
4.4935280759 0.0
4.4943364804 0.0
4.49514503035 0.0
4.49595372575 0.0
4.49676256664 0.0
4.49757155305 0.0
4.498380685 0.0
4.49918996251 0.0
4.49999938561 0.0
4.50080895434 0.0
4.50161866871 0.0
4.50242852875 0.0
4.50323853448 0.0
4.50404868594 0.0
4.50485898315 0.0
4.50566942614 0.0
4.50648001493 0.0
4.50729074954 0.0
4.50810163001 0.0
4.50891265636 0.0
4.50972382862 0.0
4.51053514681 0.0
4.51134661096 0.0
4.5121582211 0.0
4.51296997725 0.0
4.51378187944 0.0
4.51459392769 0.0
4.51540612203 0.0
4.51621846249 0.0
4.51703094909 0.0
4.51784358187 0.0
4.51865636084 0.0
4.51946928603 0.0
4.52028235747 0.0
4.52109557518 0.0
4.5219089392 0.0
4.52272244954 0.0
4.52353610624 0.0
4.52434990932 0.0
4.5251638588 0.0
4.52597795472 0.0
4.5267921971 0.0
4.52760658596 0.0
4.52842112134 0.0
4.52923580325 0.0
4.53005063173 0.0
4.53086560679 0.0
4.53168072848 0.0
4.53249599681 0.0
4.53331141181 0.0
4.53412697351 0.0
4.53494268193 0.0
4.53575853709 0.0
4.53657453904 0.0
4.53739068779 0.0
4.53820698336 0.0
4.53902342579 0.0
4.5398400151 0.0
4.54065675132 0.0
4.54147363448 0.0
4.54229066459 0.0
4.54310784169 0.0
4.54392516581 0.0
4.54474263696 0.0
4.54556025518 0.0
4.5463780205 0.0
4.54719593293 0.0
4.54801399251 0.0
4.54883219927 0.0
4.54965055322 0.0
4.55046905439 0.0
4.55128770282 0.0
4.55210649853 0.0
4.55292544154 0.0
4.55374453188 0.0
4.55456376958 0.0
4.55538315467 0.0
4.55620268716 0.0
4.55702236709 0.0
4.55784219449 0.0
4.55866216938 0.0
4.55948229178 0.0
4.56030256173 0.0
4.56112297925 0.0
4.56194354436 0.0
4.5627642571 0.0
4.56358511748 0.0
4.56440612555 0.0
4.56522728131 0.0
4.56604858481 0.0
4.56687003606 0.0
4.56769163509 0.0
4.56851338193 0.0
4.56933527661 0.0
4.57015731915 0.0
4.57097950958 0.0
4.57180184793 0.0
4.57262433421 0.0
4.57344696847 0.0
4.57426975072 0.0
4.57509268099 0.0
4.57591575932 0.0
4.57673898571 0.0
4.57756236021 0.0
4.57838588284 0.0
4.57920955362 0.0
4.58003337259 0.0
4.58085733976 0.0
4.58168145517 0.0
4.58250571884 0.0
4.58333013079 0.0
4.58415469107 0.0
4.58497939968 0.0
4.58580425667 0.0
4.58662926205 0.0
4.58745441585 0.0
4.5882797181 0.0
4.58910516882 0.0
4.58993076805 0.0
4.5907565158 0.0
4.59158241211 0.0
4.59240845701 0.0
4.59323465051 0.0
4.59406099265 0.0
4.59488748345 0.0
4.59571412294 0.0
4.59654091114 0.0
4.59736784809 0.0
4.59819493381 0.0
4.59902216832 0.0
4.59984955166 0.0
4.60067708385 0.0
4.60150476491 0.0
4.60233259487 0.0
4.60316057377 0.0
4.60398870162 0.0
4.60481697846 0.0
4.60564540431 0.0
4.60647397919 0.0
4.60730270314 0.0
4.60813157618 0.0
4.60896059834 0.0
4.60978976964 0.0
4.61061909011 0.0
4.61144855978 0.0
4.61227817868 0.0
4.61310794683 0.0
4.61393786425 0.0
4.61476793099 0.0
4.61559814705 0.0
4.61642851248 0.0
4.61725902729 0.0
4.61808969151 0.0
4.61892050518 0.0
4.61975146831 0.0
4.62058258093 0.0
4.62141384308 0.0
4.62224525477 0.0
4.62307681604 0.0
4.6239085269 0.0
4.6247403874 0.0
4.62557239755 0.0
4.62640455739 0.0
4.62723686693 0.0
4.62806932621 0.0
4.62890193525 0.0
4.62973469408 0.0
4.63056760273 0.0
4.63140066122 0.0
4.63223386959 0.0
4.63306722785 0.0
4.63390073603 0.0
4.63473439417 0.0
4.63556820228 0.0
4.63640216041 0.0
4.63723626856 0.0
4.63807052677 0.0
4.63890493507 0.0
4.63973949348 0.0
4.64057420204 0.0
4.64140906076 0.0
4.64224406968 0.0
4.64307922881 0.0
4.6439145382 0.0
4.64474999786 0.0
4.64558560783 0.0
4.64642136812 0.0
4.64725727877 0.0
4.64809333981 0.0
4.64892955125 0.0
4.64976591314 0.0
4.65060242548 0.0
4.65143908832 0.0
4.65227590168 0.0
4.65311286559 0.0
4.65394998007 0.0
4.65478724515 0.0
4.65562466086 0.0
4.65646222722 0.0
4.65729994426 0.0
4.65813781202 0.0
4.6589758305 0.0
4.65981399976 0.0
4.6606523198 0.0
4.66149079066 0.0
4.66232941236 0.0
4.66316818493 0.0
4.66400710841 0.0
4.66484618281 0.0
4.66568540816 0.0
4.66652478449 0.0
4.66736431183 0.0
4.6682039902 0.0
4.66904381964 0.0
4.66988380017 0.0
4.67072393181 0.0
4.67156421459 0.0
4.67240464854 0.0
4.6732452337 0.0
4.67408597007 0.0
4.6749268577 0.0
4.67576789661 0.0
4.67660908682 0.0
4.67745042837 0.0
4.67829192128 0.0
4.67913356558 0.0
4.67997536129 0.0
4.68081730844 0.0
4.68165940707 0.0
4.68250165719 0.0
4.68334405884 0.0
4.68418661203 0.0
4.68502931681 0.0
4.68587217319 0.0
4.68671518121 0.0
4.68755834089 0.0
4.68840165225 0.0
4.68924511533 0.0
4.69008873015 0.0
4.69093249675 0.0
4.69177641513 0.0
4.69262048535 0.0
4.69346470741 0.0
4.69430908136 0.0
4.69515360721 0.0
4.69599828499 0.0
4.69684311474 0.0
4.69768809647 0.0
4.69853323022 0.0
4.69937851602 0.0
4.70022395388 0.0
4.70106954384 0.0
4.70191528593 0.0
4.70276118017 0.0
4.70360722659 0.0
4.70445342521 0.0
4.70529977607 0.0
4.7061462792 0.0
4.70699293461 0.0
4.70783974234 0.0
4.70868670241 0.0
4.70953381486 0.0
4.7103810797 0.0
4.71122849697 0.0
4.7120760667 0.0
4.7129237889 0.0
4.71377166362 0.0
4.71461969087 0.0
4.71546787069 0.0
4.71631620309 0.0
4.71716468812 0.0
4.71801332579 0.0
4.71886211613 0.0
4.71971105917 0.0
4.72056015495 0.0
4.72140940348 0.0
4.72225880479 0.0
4.72310835891 0.0
4.72395806587 0.0
4.7248079257 0.0
4.72565793842 0.0
4.72650810406 0.0
4.72735842265 0.0
4.72820889422 0.0
4.72905951879 0.0
4.72991029639 0.0
4.73076122705 0.0
4.73161231079 0.0
4.73246354765 0.0
4.73331493765 0.0
4.73416648082 0.0
4.73501817718 0.0
4.73587002677 0.0
4.73672202961 0.0
4.73757418573 0.0
4.73842649515 0.0
4.73927895791 0.0
4.74013157403 0.0
4.74098434354 0.0
4.74183726646 0.0
4.74269034284 0.0
4.74354357268 0.0
4.74439695602 0.0
4.74525049289 0.0
4.74610418331 0.0
4.74695802732 0.0
4.74781202494 0.0
4.74866617619 0.0
4.74952048111 0.0
4.75037493972 0.0
4.75122955206 0.0
4.75208431814 0.0
4.752939238 0.0
4.75379431166 0.0
4.75464953915 0.0
4.7555049205 0.0
4.75636045574 0.0
4.7572161449 0.0
4.75807198799 0.0
4.75892798506 0.0
4.75978413612 0.0
4.76064044121 0.0
4.76149690035 0.0
4.76235351357 0.0
4.7632102809 0.0
4.76406720236 0.0
4.76492427799 0.0
4.76578150781 0.0
4.76663889185 0.0
4.76749643014 0.0
4.7683541227 0.0
4.76921196956 0.0
4.77006997076 0.0
4.77092812631 0.0
4.77178643625 0.0
4.7726449006 0.0
4.77350351939 0.0
4.77436229265 0.0
4.77522122041 0.0
4.7760803027 0.0
4.77693953953 0.0
4.77779893095 0.0
4.77865847697 0.0
4.77951817763 0.0
4.78037803296 0.0
4.78123804297 0.0
4.78209820771 0.0
4.78295852719 0.0
4.78381900145 0.0
4.78467963051 0.0
4.7855404144 0.0
4.78640135315 0.0
4.78726244678 0.0
4.78812369533 0.0
4.78898509883 0.0
4.78984665729 0.0
4.79070837075 0.0
4.79157023924 0.0
4.79243226278 0.0
4.7932944414 0.0
4.79415677513 0.0
4.795019264 0.0
4.79588190804 0.0
4.79674470726 0.0
4.79760766171 0.0
4.79847077141 0.0
4.79933403639 0.0
4.80019745667 0.0
4.80106103228 0.0
4.80192476325 0.0
4.80278864961 0.0
4.80365269139 0.0
4.80451688862 0.0
4.80538124131 0.0
4.80624574951 0.0
4.80711041324 0.0
4.80797523252 0.0
4.80884020739 0.0
4.80970533787 0.0
4.81057062399 0.0
4.81143606578 0.0
4.81230166326 0.0
4.81316741647 0.0
4.81403332544 0.0
4.81489939018 0.0
4.81576561073 0.0
4.81663198712 0.0
4.81749851938 0.0
4.81836520752 0.0
4.81923205159 0.0
4.82009905161 0.0
4.8209662076 0.0
4.8218335196 0.0
4.82270098763 0.0
4.82356861172 0.0
4.8244363919 0.0
4.8253043282 0.0
4.82617242065 0.0
4.82704066926 0.0
4.82790907408 0.0
4.82877763513 0.0
4.82964635244 0.0
4.83051522603 0.0
4.83138425594 0.0
4.83225344219 0.0
4.83312278481 0.0
4.83399228382 0.0
4.83486193927 0.0
4.83573175116 0.0
4.83660171955 0.0
4.83747184444 0.0
4.83834212587 0.0
4.83921256387 0.0
4.84008315846 0.0
4.84095390968 0.0
4.84182481755 0.0
4.8426958821 0.0
4.84356710336 0.0
4.84443848135 0.0
4.84531001611 0.0
4.84618170766 0.0
4.84705355603 0.0
4.84792556125 0.0
4.84879772335 0.0
4.84967004236 0.0
4.85054251829 0.0
4.85141515119 0.0
4.85228794109 0.0
4.85316088799 0.0
4.85403399195 0.0
4.85490725298 0.0
4.85578067112 0.0
4.85665424638 0.0
4.85752797881 0.0
4.85840186842 0.0
4.85927591525 0.0
4.86015011933 0.0
4.86102448067 0.0
4.86189899932 0.0
4.8627736753 0.0
4.86364850864 0.0
4.86452349936 0.0
4.8653986475 0.0
4.86627395308 0.0
4.86714941613 0.0
4.86802503668 0.0
4.86890081476 0.0
4.86977675039 0.0
4.87065284361 0.0
4.87152909444 0.0
4.87240550292 0.0
4.87328206906 0.0
4.8741587929 0.0
4.87503567447 0.0
4.87591271379 0.0
4.87678991089 0.0
4.87766726581 0.0
4.87854477857 0.0
4.87942244919 0.0
4.88030027771 0.0
4.88117826416 0.0
4.88205640856 0.0
4.88293471094 0.0
4.88381317133 0.0
4.88469178976 0.0
4.88557056626 0.0
4.88644950085 0.0
4.88732859356 0.0
4.88820784443 0.0
4.88908725348 0.0
4.88996682074 0.0
4.89084654624 0.0
4.89172643 0.0
4.89260647206 0.0
4.89348667244 0.0
4.89436703118 0.0
4.89524754829 0.0
4.89612822381 0.0
4.89700905777 0.0
4.8978900502 0.0
4.89877120112 0.0
4.89965251056 0.0
4.90053397855 0.0
4.90141560513 0.0
4.90229739031 0.0
4.90317933413 0.0
4.90406143661 0.0
4.90494369779 0.0
4.90582611769 0.0
4.90670869634 0.0
4.90759143377 0.0
4.90847433001 0.0
4.90935738508 0.0
4.91024059902 0.0
4.91112397186 0.0
4.91200750362 0.0
4.91289119433 0.0
4.91377504401 0.0
4.91465905271 0.0
4.91554322044 0.0
4.91642754724 0.0
4.91731203313 0.0
4.91819667815 0.0
4.91908148232 0.0
4.91996644566 0.0
4.92085156822 0.0
4.92173685001 0.0
4.92262229107 0.0
4.92350789142 0.0
4.9243936511 0.0
4.92527957013 0.0
4.92616564854 0.0
4.92705188635 0.0
4.92793828361 0.0
4.92882484033 0.0
4.92971155655 0.0
4.93059843229 0.0
4.93148546759 0.0
4.93237266246 0.0
4.93326001695 0.0
4.93414753107 0.0
4.93503520486 0.0
4.93592303835 0.0
4.93681103156 0.0
4.93769918453 0.0
4.93858749728 0.0
4.93947596984 0.0
4.94036460224 0.0
4.94125339451 0.0
4.94214234668 0.0
4.94303145877 0.0
4.94392073082 0.0
4.94481016285 0.0
4.94569975489 0.0
4.94658950698 0.0
4.94747941913 0.0
4.94836949139 0.0
4.94925972377 0.0
4.95015011631 0.0
4.95104066903 0.0
4.95193138197 0.0
4.95282225515 0.0
4.95371328861 0.0
4.95460448236 0.0
4.95549583644 0.0
4.95638735088 0.0
4.95727902571 0.0
4.95817086096 0.0
4.95906285665 0.0
4.95995501281 0.0
4.96084732948 0.0
4.96173980667 0.0
4.96263244443 0.0
4.96352524278 0.0
4.96441820174 0.0
4.96531132136 0.0
4.96620460164 0.0
4.96709804264 0.0
4.96799164436 0.0
4.96888540685 0.0
4.96977933013 0.0
4.97067341424 0.0
4.97156765919 0.0
4.97246206502 0.0
4.97335663175 0.0
4.97425135943 0.0
4.97514624807 0.0
4.9760412977 0.0
4.97693650835 0.0
4.97783188006 0.0
4.97872741285 0.0
4.97962310675 0.0
4.98051896179 0.0
4.981414978 0.0
4.9823111554 0.0
4.98320749403 0.0
4.98410399391 0.0
4.98500065508 0.0
4.98589747756 0.0
4.98679446139 0.0
4.98769160658 0.0
4.98858891318 0.0
4.9894863812 0.0
4.99038401069 0.0
4.99128180166 0.0
4.99217975414 0.0
4.99307786817 0.0
4.99397614378 0.0
4.99487458099 0.0
4.99577317983 0.0
4.99667194034 0.0
4.99757086253 0.0
4.99846994645 0.0
4.99936919211 0.0
5.00026859955 0.0
5.0011681688 0.0
5.00206789989 0.0
5.00296779284 0.0
5.00386784768 0.0
5.00476806445 0.0
5.00566844317 0.0
5.00656898388 0.0
5.00746968659 0.0
5.00837055134 0.0
5.00927157817 0.0
5.01017276709 0.0
5.01107411814 0.0
5.01197563135 0.0
5.01287730674 0.0
5.01377914435 0.0
5.0146811442 0.0
5.01558330633 0.0
5.01648563076 0.0
5.01738811752 0.0
5.01829076664 0.0
5.01919357815 0.0
5.02009655208 0.0
5.02099968846 0.0
5.02190298732 0.0
5.02280644869 0.0
5.02371007259 0.0
5.02461385906 0.0
5.02551780812 0.0
5.02642191981 0.0
5.02732619415 0.0
5.02823063117 0.0
5.02913523091 0.0
5.03003999338 0.0
5.03094491863 0.0
5.03185000668 0.0
5.03275525756 0.0
5.03366067129 0.0
5.03456624791 0.0
5.03547198745 0.0
5.03637788994 0.0
5.0372839554 0.0
5.03819018387 0.0
5.03909657537 0.0
5.04000312993 0.0
5.04090984759 0.0
5.04181672837 0.0
5.0427237723 0.0
5.04363097941 0.0
5.04453834973 0.0
5.0454458833 0.0
5.04635358013 0.0
5.04726144026 0.0
5.04816946371 0.0
5.04907765053 0.0
5.04998600073 0.0
5.05089451435 0.0
5.05180319141 0.0
5.05271203195 0.0
5.05362103599 0.0
5.05453020357 0.0
5.0554395347 0.0
5.05634902944 0.0
5.05725868779 0.0
5.05816850979 0.0
5.05907849548 0.0
5.05998864487 0.0
5.06089895801 0.0
5.06180943491 0.0
5.06272007562 0.0
5.06363088015 0.0
5.06454184853 0.0
5.06545298081 0.0
5.066364277 0.0
5.06727573714 0.0
5.06818736125 0.0
5.06909914937 0.0
5.07001110152 0.0
5.07092321774 0.0
5.07183549805 0.0
5.07274794249 0.0
5.07366055107 0.0
5.07457332384 0.0
5.07548626082 0.0
5.07639936204 0.0
5.07731262753 0.0
5.07822605732 0.0
5.07913965145 0.0
5.08005340993 0.0
5.0809673328 0.0
5.08188142009 0.0
5.08279567182 0.0
5.08371008804 0.0
5.08462466876 0.0
5.08553941402 0.0
5.08645432384 0.0
5.08736939827 0.0
5.08828463731 0.0
5.08920004102 0.0
5.0901156094 0.0
5.0910313425 0.0
5.09194724035 0.0
5.09286330297 0.0
5.09377953039 0.0
5.09469592265 0.0
5.09561247977 0.0
5.09652920178 0.0
5.09744608872 0.0
5.0983631406 0.0
5.09928035747 0.0
5.10019773935 0.0
5.10111528627 0.0
5.10203299826 0.0
5.10295087535 0.0
5.10386891757 0.0
5.10478712495 0.0
5.10570549752 0.0
5.10662403531 0.0
5.10754273834 0.0
5.10846160666 0.0
5.10938064028 0.0
5.11029983924 0.0
5.11121920357 0.0
5.1121387333 0.0
5.11305842845 0.0
5.11397828907 0.0
5.11489831516 0.0
5.11581850678 0.0
5.11673886394 0.0
5.11765938668 0.0
5.11858007502 0.0
5.119500929 0.0
5.12042194864 0.0
5.12134313398 0.0
5.12226448504 0.0
5.12318600186 0.0
5.12410768447 0.0
5.12502953289 0.0
5.12595154715 0.0
5.12687372729 0.0
5.12779607333 0.0
5.1287185853 0.0
5.12964126324 0.0
5.13056410718 0.0
5.13148711713 0.0
5.13241029314 0.0
5.13333363523 0.0
5.13425714344 0.0
5.13518081779 0.0
5.13610465831 0.0
5.13702866503 0.0
5.13795283799 0.0
5.13887717721 0.0
5.13980168272 0.0
5.14072635456 0.0
5.14165119274 0.0
5.14257619731 0.0
5.14350136829 0.0
5.14442670572 0.0
5.14535220961 0.0
5.14627788001 0.0
5.14720371694 0.0
5.14812972043 0.0
5.14905589052 0.0
5.14998222722 0.0
5.15090873058 0.0
5.15183540062 0.0
5.15276223737 0.0
5.15368924086 0.0
5.15461641113 0.0
5.15554374819 0.0
5.15647125209 0.0
5.15739892285 0.0
5.1583267605 0.0
5.15925476507 0.0
5.1601829366 0.0
5.16111127511 0.0
5.16203978063 0.0
5.16296845319 0.0
5.16389729282 0.0
5.16482629956 0.0
5.16575547343 0.0
5.16668481446 0.0
5.16761432268 0.0
5.16854399812 0.0
5.16947384082 0.0
5.1704038508 0.0
5.17133402809 0.0
5.17226437273 0.0
5.17319488474 0.0
5.17412556415 0.0
5.17505641099 0.0
5.1759874253 0.0
5.1769186071 0.0
5.17784995643 0.0
5.17878147331 0.0
5.17971315777 0.0
5.18064500984 0.0
5.18157702956 0.0
5.18250921696 0.0
5.18344157206 0.0
5.18437409489 0.0
5.18530678549 0.0
5.18623964388 0.0
5.1871726701 0.0
5.18810586417 0.0
5.18903922613 0.0
5.18997275601 0.0
5.19090645383 0.0
5.19184031962 0.0
5.19277435343 0.0
5.19370855527 0.0
5.19464292517 0.0
5.19557746318 0.0
5.19651216931 0.0
5.1974470436 0.0
5.19838208607 0.0
5.19931729677 0.0
5.20025267571 0.0
5.20118822293 0.0
5.20212393846 0.0
5.20305982233 0.0
5.20399587457 0.0
5.20493209521 0.0
5.20586848428 0.0
5.2068050418 0.0
5.20774176782 0.0
5.20867866236 0.0
5.20961572545 0.0
5.21055295713 0.0
5.21149035741 0.0
5.21242792634 0.0
5.21336566394 0.0
5.21430357024 0.0
5.21524164528 0.0
5.21617988908 0.0
5.21711830167 0.0
5.21805688309 0.0
5.21899563336 0.0
5.21993455252 0.0
5.22087364059 0.0
5.22181289761 0.0
5.22275232361 0.0
5.22369191861 0.0
5.22463168265 0.0
5.22557161576 0.0
5.22651171796 0.0
5.22745198929 0.0
5.22839242978 0.0
5.22933303947 0.0
5.23027381837 0.0
5.23121476652 0.0
5.23215588395 0.0
5.23309717069 0.0
5.23403862677 0.0
5.23498025223 0.0
5.23592204709 0.0
5.23686401138 0.0
5.23780614513 0.0
5.23874844838 0.0
5.23969092115 0.0
5.24063356348 0.0
5.24157637539 0.0
5.24251935692 0.0
5.24346250809 0.0
5.24440582894 0.0
5.2453493195 0.0
5.24629297979 0.0
5.24723680986 0.0
5.24818080972 0.0
5.24912497942 0.0
5.25006931897 0.0
5.25101382841 0.0
5.25195850778 0.0
5.2529033571 0.0
5.25384837639 0.0
5.25479356571 0.0
5.25573892506 0.0
5.25668445449 0.0
5.25763015403 0.0
5.2585760237 0.0
5.25952206353 0.0
5.26046827356 0.0
5.26141465382 0.0
5.26236120434 0.0
5.26330792515 0.0
5.26425481627 0.0
5.26520187774 0.0
5.2661491096 0.0
5.26709651186 0.0
5.26804408457 0.0
5.26899182775 0.0
5.26993974143 0.0
5.27088782565 0.0
5.27183608043 0.0
5.2727845058 0.0
5.27373310181 0.0
5.27468186846 0.0
5.27563080581 0.0
5.27657991387 0.0
5.27752919268 0.0
5.27847864227 0.0
5.27942826267 0.0
5.28037805391 0.0
5.28132801602 0.0
5.28227814904 0.0
5.28322845299 0.0
5.2841789279 0.0
5.2851295738 0.0
5.28608039073 0.0
5.28703137872 0.0
5.28798253779 0.0
5.28893386798 0.0
5.28988536932 0.0
5.29083704184 0.0
5.29178888557 0.0
5.29274090054 0.0
5.29369308678 0.0
5.29464544432 0.0
5.29559797319 0.0
5.29655067343 0.0
5.29750354507 0.0
5.29845658813 0.0
5.29940980264 0.0
5.30036318865 0.0
5.30131674617 0.0
5.30227047524 0.0
5.30322437589 0.0
5.30417844815 0.0
5.30513269205 0.0
5.30608710763 0.0
5.3070416949 0.0
5.30799645392 0.0
5.3089513847 0.0
5.30990648727 0.0
5.31086176167 0.0
5.31181720793 0.0
5.31277282608 0.0
5.31372861614 0.0
5.31468457816 0.0
5.31564071216 0.0
5.31659701817 0.0
5.31755349623 0.0
5.31851014636 0.0
5.31946696859 0.0
5.32042396296 0.0
5.3213811295 0.0
5.32233846824 0.0
5.32329597921 0.0
5.32425366243 0.0
5.32521151795 0.0
5.32616954579 0.0
5.32712774598 0.0
5.32808611856 0.0
5.32904466355 0.0
5.33000338099 0.0
5.33096227091 0.0
5.33192133333 0.0
5.3328805683 0.0
5.33383997583 0.0
5.33479955597 0.0
5.33575930874 0.0
5.33671923417 0.0
5.33767933229 0.0
5.33863960315 0.0
5.33960004675 0.0
5.34056066315 0.0
5.34152145237 0.0
5.34248241443 0.0
5.34344354938 0.0
5.34440485724 0.0
5.34536633804 0.0
5.34632799181 0.0
5.3472898186 0.0
5.34825181842 0.0
5.3492139913 0.0
5.35017633729 0.0
5.3511388564 0.0
5.35210154868 0.0
5.35306441415 0.0
5.35402745284 0.0
5.35499066479 0.0
5.35595405002 0.0
5.35691760857 0.0
5.35788134047 0.0
5.35884524575 0.0
5.35980932444 0.0
5.36077357657 0.0
5.36173800217 0.0
5.36270260128 0.0
5.36366737392 0.0
5.36463232013 0.0
5.36559743994 0.0
5.36656273337 0.0
5.36752820047 0.0
5.36849384126 0.0
5.36945965577 0.0
5.37042564403 0.0
5.37139180608 0.0
5.37235814195 0.0
5.37332465167 0.0
5.37429133526 0.0
5.37525819276 0.0
5.37622522421 0.0
5.37719242963 0.0
5.37815980905 0.0
5.37912736251 0.0
5.38009509004 0.0
5.38106299166 0.0
5.38203106742 0.0
5.38299931733 0.0
5.38396774144 0.0
5.38493633977 0.0
5.38590511235 0.0
5.38687405923 0.0
5.38784318041 0.0
5.38881247595 0.0
5.38978194587 0.0
5.3907515902 0.0
5.39172140897 0.0
5.39269140222 0.0
5.39366156998 0.0
5.39463191227 0.0
5.39560242913 0.0
5.39657312059 0.0
5.39754398668 0.0
5.39851502743 0.0
5.39948624288 0.0
5.40045763305 0.0
5.40142919798 0.0
5.4024009377 0.0
5.40337285224 0.0
5.40434494163 0.0
5.40531720591 0.0
5.4062896451 0.0
5.40726225923 0.0
5.40823504834 0.0
5.40920801246 0.0
5.41018115162 0.0
5.41115446586 0.0
5.41212795519 0.0
5.41310161966 0.0
5.4140754593 0.0
5.41504947414 0.0
5.4160236642 0.0
5.41699802952 0.0
5.41797257014 0.0
5.41894728608 0.0
5.41992217738 0.0
5.42089724406 0.0
5.42187248617 0.0
5.42284790372 0.0
5.42382349675 0.0
5.4247992653 0.0
5.42577520939 0.0
5.42675132906 0.0
5.42772762434 0.0
5.42870409526 0.0
5.42968074184 0.0
5.43065756414 0.0
5.43163456216 0.0
5.43261173595 0.0
5.43358908554 0.0
5.43456661096 0.0
5.43554431224 0.0
5.43652218941 0.0
5.4375002425 0.0
5.43847847156 0.0
5.43945687659 0.0
5.44043545765 0.0
5.44141421476 0.0
5.44239314795 0.0
5.44337225726 0.0
5.44435154271 0.0
5.44533100434 0.0
5.44631064218 0.0
5.44729045626 0.0
5.44827044661 0.0
5.44925061326 0.0
5.45023095626 0.0
5.45121147562 0.0
5.45219217138 0.0
5.45317304357 0.0
5.45415409222 0.0
5.45513531737 0.0
5.45611671905 0.0
5.45709829728 0.0
5.4580800521 0.0
5.45906198355 0.0
5.46004409165 0.0
5.46102637643 0.0
5.46200883793 0.0
5.46299147618 0.0
5.46397429121 0.0
5.46495728306 0.0
5.46594045175 0.0
5.46692379731 0.0
5.46790731978 0.0
5.46889101919 0.0
5.46987489558 0.0
5.47085894896 0.0
5.47184317939 0.0
5.47282758688 0.0
5.47381217146 0.0
5.47479693318 0.0
5.47578187207 0.0
5.47676698814 0.0
5.47775228145 0.0
5.47873775201 0.0
5.47972339986 0.0
5.48070922503 0.0
5.48169522756 0.0
5.48268140748 0.0
5.48366776481 0.0
5.48465429959 0.0
5.48564101185 0.0
5.48662790163 0.0
5.48761496896 0.0
5.48860221386 0.0
5.48958963637 0.0
5.49057723652 0.0
5.49156501434 0.0
5.49255296987 0.0
5.49354110314 0.0
5.49452941418 0.0
5.49551790301 0.0
5.49650656969 0.0
5.49749541422 0.0
5.49848443666 0.0
5.49947363702 0.0
5.50046301534 0.0
5.50145257166 0.0
5.50244230601 0.0
5.50343221841 0.0
5.5044223089 0.0
5.50541257751 0.0
5.50640302427 0.0
5.50739364922 0.0
5.50838445239 0.0
5.50937543381 1.97442434226e-23
5.51036659351 5.5914334511e-23
5.51135793152 7.61141638211e-23
5.51234944788 8.16873189114e-23
5.51334114262 8.47000546139e-23
5.51433301576 8.79057395203e-23
5.51532506735 9.23919948262e-23
5.51631729741 9.68750489411e-23
5.51730970598 9.95446723378e-23
5.51830229309 1.01033718446e-22
5.51929505877 1.04153274646e-22
5.52028800305 1.09461173735e-22
5.52128112597 1.14601521743e-22
5.52227442755 1.17469047098e-22
5.52326790783 1.18597291908e-22
5.52426156685 1.20212819821e-22
5.52525540462 1.23909464156e-22
5.5262494212 1.27918713097e-22
5.5272436166 1.28830125365e-22
5.52823799086 1.25150371394e-22
5.52923254401 1.17242559869e-22
5.53022727608 1.03466590861e-22
5.53122218712 8.63684039525e-23
5.53221727714 7.36416556581e-23
5.53321254618 6.91720093294e-23
5.53420799428 7.19806782361e-23
5.53520362146 7.68628350127e-23
5.53619942776 7.86831458249e-23
5.5371954132 7.46594811357e-23
5.53819157783 6.4388781222e-23
5.53918792168 4.9772473828e-23
5.54018444477 3.90939744246e-23
5.54118114714 3.60622247811e-23
5.54217802882 3.63884946073e-23
5.54317508984 3.84504880038e-23
5.54417233024 4.18433118691e-23
5.54516975005 4.61325550786e-23
5.54616734929 5.08510661329e-23
5.54716512801 5.62190845924e-23
5.54816308623 6.25664543877e-23
5.54916122399 6.99561598863e-23
5.55015954132 7.83339071533e-23
5.55115803826 8.81258382723e-23
5.55215671482 9.86187722394e-23
5.55315557105 1.08662683726e-22
5.55415460698 1.17934424309e-22
5.55515382264 1.25102399805e-22
5.55615321806 1.29166197953e-22
5.55715279328 1.32855335539e-22
5.55815254833 1.39189914717e-22
5.55915248323 1.48329177761e-22
5.56015259803 1.59613578284e-22
5.56115289276 1.72205122201e-22
5.56215336744 1.80872857828e-22
5.56315402211 1.83962567849e-22
5.5641548568 1.84782937364e-22
5.56515587155 1.82593412836e-22
5.56615706638 1.78549721312e-22
5.56715844133 1.76626175261e-22
5.56815999644 1.78905279319e-22
5.56916173172 1.85295259467e-22
5.57016364723 1.95861302664e-22
5.57116574298 2.11844721328e-22
5.57216801902 2.25981721039e-22
5.57317047536 2.3008607941e-22
5.57417311206 2.25477691455e-22
5.57517592913 2.13347717951e-22
5.57617892661 1.91116441609e-22
5.57718210454 1.56614965561e-22
5.57818546294 1.14385099137e-22
5.57918900186 7.9036586782e-23
5.58019272131 6.2870501774e-23
5.58119662133 6.03261005072e-23
5.58220070197 6.09724538208e-23
5.58320496324 5.93036243876e-23
5.58420940518 5.43226318461e-23
5.58521402782 4.90546082576e-23
5.5862188312 4.65013481127e-23
5.58722381535 4.71596235936e-23
5.5882289803 4.92918498051e-23
5.58923432608 5.22438820105e-23
5.59023985273 5.60733590869e-23
5.59124556027 6.05000726472e-23
5.59225144875 6.56212249232e-23
5.59325751819 7.22336462544e-23
5.59426376863 8.01897423752e-23
5.59527020009 8.89508716632e-23
5.59627681262 9.88358688182e-23
5.59728360624 1.09291440538e-22
5.59829058099 1.20087058231e-22
5.5992977369 1.31074163452e-22
5.60030507399 1.41065184828e-22
5.60131259232 1.49385929664e-22
5.6023202919 1.57068250237e-22
5.60332817276 1.64743462303e-22
5.60433623495 1.74887774965e-22
5.6053444785 1.87732442515e-22
5.60635290343 1.98613907541e-22
5.60736150978 2.10812427402e-22
5.60837029759 2.22498351978e-22
5.60937926688 2.30360855766e-22
5.61038841768 2.37777640561e-22
5.61139775004 2.45430681884e-22
5.61240726398 2.60909276968e-22
5.61341695954 2.79369328786e-22
5.61442683674 3.02209708661e-22
5.61543689563 3.37709936876e-22
5.61644713623 3.7645535354e-22
5.61745755858 4.14096027161e-22
5.6184681627 4.5250094897e-22
5.61947894864 4.71889112087e-22
5.62048991642 4.50337606443e-22
5.62150106608 3.91633279489e-22
5.62251239765 3.13662692598e-22
5.62352391116 2.28622996354e-22
5.62453560665 1.50113733027e-22
5.62554748415 9.54628500047e-23
5.62655954369 6.65780260314e-23
5.6275717853 5.78463980791e-23
5.62858420901 5.73137392548e-23
5.62959681487 5.71308774534e-23
5.6306096029 5.68435989726e-23
5.63162257313 5.74909318012e-23
5.63263572561 6.09163131413e-23
5.63364906035 6.6537452582e-23
5.63466257739 5.29688426617e-22
5.63567627677 4.84134244896e-21
5.63669015852 1.74692734587e-20
5.63770422267 3.63339421364e-20
5.63871846926 5.81497113185e-20
5.63973289831 8.17809447748e-20
5.64074750986 1.05506021239e-19
5.64176230395 1.28737191072e-19
5.6427772806 1.50028333912e-19
5.64379243985 1.75738492705e-19
5.64480778173 2.09173190978e-19
5.64582330628 2.45872283013e-19
5.64683901352 2.86001399233e-19
5.64785490349 3.31617804735e-19
5.64887097623 3.85214698696e-19
5.64988723176 4.44457434929e-19
5.65090367012 5.04767890698e-19
5.65192029134 5.63298812796e-19
5.65293709545 6.13888144515e-19
5.6539540825 6.56761804433e-19
5.6549712525 7.14845186668e-19
5.6559886055 8.01520095781e-19
5.65700614152 9.03332703803e-19
5.6580238606 1.02953470261e-18
5.65904176277 1.19232942848e-18
5.66005984807 1.37962643582e-18
5.66107811653 1.58091633963e-18
5.66209656818 1.78959723428e-18
5.66311520305 2.01728780953e-18
5.66413402117 2.22201053523e-18
5.66515302259 2.34595543163e-18
5.66617220733 2.37674813005e-18
5.66719157542 2.28701967752e-18
5.66821112691 2.06326839136e-18
5.66923086181 1.70745480405e-18
5.67025078017 1.26473934295e-18
5.67127088202 8.31271824e-19
5.67229116739 5.15605454587e-19
5.67331163631 3.98592945697e-19
5.67433228882 3.97110227076e-19
5.67535312495 4.09259326053e-19
5.67637414473 4.40398784408e-19
5.67739534819 4.88387457199e-19
5.67841673538 5.5141096677e-19
5.67943830631 6.2301518315e-19
5.68046006104 6.95782395756e-19
5.68148199958 7.70483314337e-19
5.68250412197 8.33336278948e-19
5.68352642824 8.85094498883e-19
5.68454891843 9.22552876743e-19
5.68557159258 9.24397124729e-19
5.6865944507 8.8809608071e-19
5.68761749284 8.28471613794e-19
5.68864071903 8.02953241992e-19
5.68966412931 8.3087640139e-19
5.6906877237 8.80555870775e-19
5.69171150224 9.43546694147e-19
5.69273546496 1.01118915466e-18
5.6937596119 1.06450887603e-18
5.69478394308 1.09428512062e-18
5.69580845855 1.11562571727e-18
5.69683315833 1.16316504284e-18
5.69785804246 1.24595567836e-18
5.69888311096 1.34531257887e-18
5.69990836389 1.4669180863e-18
5.70093380126 1.62492278528e-18
5.70195942311 1.80772168744e-18
5.70298522947 2.01158014677e-18
5.70401122039 2.25719998705e-18
5.70503739588 2.53809135875e-18
5.70606375598 2.82489758344e-18
5.70709030073 3.12276986879e-18
5.70811703017 3.39131984919e-18
5.70914394431 3.60598611599e-18
5.7101710432 3.81234242009e-18
5.71119832687 4.024941321e-18
5.71222579535 4.21329888801e-18
5.71325344868 4.28451966198e-18
5.71428128689 4.20762866854e-18
5.71530931001 3.99012830392e-18
5.71633751807 3.54062097737e-18
5.71736591112 2.67692934259e-18
5.71839448917 1.73125778051e-18
5.71942325228 1.14345080753e-18
5.72045220046 8.72685286603e-19
5.72148133375 8.08501654053e-19
5.72251065219 8.44518267135e-19
5.72354015581 9.23314482966e-19
5.72456984463 1.01673097241e-18
5.72559971871 1.12019172917e-18
5.72662977806 1.21792320184e-18
5.72766002273 1.29542572683e-18
5.72869045274 1.34862563047e-18
5.72972106813 1.35670656439e-18
5.73075186893 1.27531975551e-18
5.73178285517 1.14646044313e-18
5.7328140269 1.06882860398e-18
5.73384538414 1.06299951047e-18
5.73487692692 1.11191837524e-18
5.73590865528 1.21528890111e-18
5.73694056925 1.32527019616e-18
5.73797266887 1.43269198935e-18
5.73900495417 1.58411032714e-18
5.74003742518 1.76396792454e-18
5.74107008194 1.95243519336e-18
5.74210292448 2.15630199426e-18
5.74313595283 2.35864036741e-18
5.74416916702 2.51912578038e-18
5.7452025671 2.62561723622e-18
5.74623615308 2.63478791113e-18
5.74726992502 2.61023048151e-18
5.74830388293 2.6602048849e-18
5.74933802686 2.78138473031e-18
5.75037235683 3.00095278564e-18
5.75140687289 3.28998169413e-18
5.75244157505 3.59447122895e-18
5.75347646337 3.93728301912e-18
5.75451153787 4.35946129428e-18
5.75554679858 4.86392728243e-18
5.75658224553 5.48560293772e-18
5.75761787877 6.17542100074e-18
5.75865369833 6.72954992822e-18
5.75968970423 6.90886082217e-18
5.76072589651 6.41068716574e-18
5.76176227521 5.27482629525e-18
5.76279884036 3.86558732585e-18
5.76383559199 2.53009029005e-18
5.76487253014 1.56297708395e-18
5.76590965483 1.05152834759e-18
5.76694696611 8.75192054569e-19
5.76798446401 8.69068631621e-19
5.76902214856 9.2620321583e-19
5.77006001979 1.01086324035e-18
5.77109807773 1.11700360386e-18
5.77213632243 1.21973120631e-18
5.77317475391 1.28878714586e-18
5.77421337222 1.32289917375e-18
5.77525217737 1.33424032874e-18
5.77629116941 1.34532526413e-18
5.77733034836 1.39237246401e-18
5.77836971427 1.49898421202e-18
5.77940926717 1.66452546675e-18
5.78044900709 1.86933377803e-18
5.78148893405 2.11352825301e-18
5.78252904811 2.40611467512e-18
5.78356934929 2.67484704888e-18
5.78460983762 2.92104430562e-18
5.78565051314 3.18623269476e-18
5.78669137588 3.42198544846e-18
5.78773242588 3.59935036824e-18
5.78877366317 3.64639350003e-18
5.78981508778 3.53923803367e-18
5.79085669975 3.34960672306e-18
5.7918984991 3.15864423562e-18
5.79294048588 3.1053238491e-18
5.79398266012 3.25273814628e-18
5.79502502185 3.52791391146e-18
5.79606757111 3.87696118848e-18
5.79711030792 4.28996790147e-18
5.79815323233 4.72915388507e-18
5.79919634436 5.17296514235e-18
5.80023964406 5.62531181322e-18
5.80128313145 6.04980661833e-18
5.80232680656 6.36347198307e-18
5.80337066944 6.53902116232e-18
5.80441472011 6.5485434989e-18
5.80545895861 6.31752678578e-18
5.80650338498 5.90064350523e-18
5.80754799924 5.58157596025e-18
5.80859280143 5.44079009826e-18
5.80963779159 5.19339470441e-18
5.81068296974 4.53109735088e-18
5.81172833593 3.2888358786e-18
5.81277389018 2.05167600912e-18
5.81381963253 1.34629686121e-18
5.81486556301 1.05626305863e-18
5.81591168167 1.0314675092e-18
5.81695798852 1.08207645197e-18
5.81800448361 1.13995523934e-18
5.81905116697 1.22150263647e-18
5.82009803862 1.2969098319e-18
5.82114509862 1.38885329738e-18
5.82219234699 1.5170474586e-18
5.82323978376 1.65489653432e-18
5.82428740897 1.80252566198e-18
5.82533522265 1.978757878e-18
5.82638322484 2.19178234529e-18
5.82743141557 2.43880837759e-18
5.82847979487 2.71584938403e-18
5.82952836278 2.98037205294e-18
5.83057711933 3.22016101048e-18
5.83162606455 3.42686090142e-18
5.83267519849 3.56600974442e-18
5.83372452117 3.62758264472e-18
5.83477403263 3.59972120078e-18
5.8358237329 3.56476336965e-18
5.83687362201 3.62237994857e-18
5.83792370001 3.78031303791e-18
5.83897396691 4.01641510354e-18
5.84002442277 4.27273417621e-18
5.8410750676 4.52485580008e-18
5.84212590146 4.79270261766e-18
5.84317692436 5.09192116939e-18
5.84422813634 5.40106704462e-18
5.84527953744 5.7012447358e-18
5.8463311277 6.04519670416e-18
5.84738290713 6.5121918404e-18
5.84843487579 7.13617175562e-18
5.8494870337 7.88574778151e-18
5.8505393809 8.74894401311e-18
5.85159191743 9.68595321933e-18
5.8526446433 1.03496720149e-17
5.85369755857 1.03131388118e-17
5.85475066326 9.36133073091e-18
5.85580395741 7.47802024335e-18
5.85685744105 4.96754023774e-18
5.85791111422 2.87517610236e-18
5.85896497694 1.73776350787e-18
5.86001902926 1.16511594898e-18
5.86107327121 9.3110409881e-19
5.86212770282 8.81917750371e-19
5.86318232413 9.10435240717e-19
5.86423713517 9.61578691787e-19
5.86529213598 1.03692940294e-18
5.86634732658 1.12234382835e-18
5.86740270702 1.22553309484e-18
5.86845827732 1.35610528193e-18
5.86951403753 1.49860913923e-18
5.87056998767 1.64944534565e-18
5.87162612778 1.83439129221e-18
5.8726824579 2.06025518332e-18
5.87373897805 2.30310599281e-18
5.87479568827 2.55279225586e-18
5.87585258861 2.81839994473e-18
5.87690967908 3.04617919605e-18
5.87796695973 3.18783477258e-18
5.87902443059 3.28483811582e-18
5.88008209169 3.38570130168e-18
5.88113994307 3.56253488886e-18
5.88219798476 3.83493932967e-18
5.88325621679 4.16393213391e-18
5.88431463921 4.52123355886e-18
5.88537325204 4.93713575532e-18
5.88643205532 5.37861132459e-18
5.88749104908 5.76854572678e-18
5.88855023337 6.14793095705e-18
5.8896096082 6.59825183096e-18
5.89066917362 7.22870360353e-18
5.89172892966 8.04184709163e-18
5.89278887635 8.87979154486e-18
5.89384901373 9.8190018603e-18
5.89490934184 1.06857086213e-17
5.8959698607 1.12012311997e-17
5.89703057035 1.14817621454e-17
5.89809147083 1.13870920039e-17
5.89915256218 1.04717741601e-17
5.90021384441 8.98232616017e-18
5.90127531758 7.70189032172e-18
5.90233698171 7.08054333752e-18
5.90339883683 6.77433706786e-18
5.90446088299 6.01660842828e-18
5.90552312022 4.58437306991e-18
5.90658554854 2.86948183422e-18
5.907648168 1.70009078414e-18
5.90871097863 1.25290240257e-18
5.90977398047 1.13229290294e-18
5.91083717354 1.14285918831e-18
5.91190055789 1.2379190809e-18
5.91296413354 1.37521504219e-18
5.91402790054 1.4849404952e-18
5.91509185891 1.61436978927e-18
5.91615600869 1.77810603283e-18
5.91722034992 1.95008331111e-18
5.91828488263 2.12362676775e-18
5.91934960685 2.30325971218e-18
5.92041452261 2.43690701985e-18
5.92147962997 2.53218620581e-18
5.92254492893 2.65772267559e-18
5.92361041956 2.82571992843e-18
5.92467610186 3.02873095528e-18
5.92574197589 3.26309535366e-18
5.92680804167 3.52287376175e-18
5.92787429925 3.79976349744e-18
5.92894074864 4.13553495322e-18
5.9300073899 4.55779335775e-18
5.93107422305 5.02356368445e-18
5.93214124812 5.5035472268e-18
5.93320846516 6.03762031124e-18
5.9342758742 6.58810005504e-18
5.93534347526 7.13095101766e-18
5.9364112684 7.70104661433e-18
5.93747925363 8.23847322306e-18
5.938547431 8.60915662158e-18
5.93961580053 8.90022670253e-18
5.94068436228 9.2619575401e-18
5.94175311626 9.61180887044e-18
5.94282206251 9.85246539353e-18
5.94389120107 1.02379713307e-17
5.94496053198 1.09433758422e-17
5.94603005526 1.17213870403e-17
5.94709977095 1.21744273586e-17
5.94816967909 1.21212491276e-17
5.94923977971 1.16684988996e-17
5.95031007285 1.08202804521e-17
5.95138055853 9.18447479201e-18
5.95245123681 6.69356301384e-18
5.9535221077 4.14929522628e-18
5.95459317124 2.34484617848e-18
5.95566442747 1.58315690342e-18
5.95673587643 1.45414947229e-18
5.95780751815 1.47687110876e-18
5.95887935265 1.54425939854e-18
5.95995137999 1.63320936543e-18
5.96102360019 1.75097977482e-18
5.96209601328 1.8594443127e-18
5.96316861931 1.92438797481e-18
5.9642414183 2.00127067599e-18
5.96531441029 2.09913144844e-18
5.96638759532 2.20236241793e-18
5.96746097342 2.35035003945e-18
5.96853454463 2.52655844451e-18
5.96960830897 2.73214759412e-18
5.97068226649 2.98748954791e-18
5.97175641722 3.28307912379e-18
5.9728307612 3.5916464926e-18
5.97390529845 3.87165710942e-18
5.97498002901 4.16256086924e-18
5.97605495293 4.52250369497e-18
5.97713007023 4.8945191376e-18
5.97820538094 5.28093308161e-18
5.97928088511 5.70858954625e-18
5.98035658277 6.14455447911e-18
5.98143247395 6.59508300391e-18
5.98250855868 7.04178921302e-18
5.98358483701 7.47817702481e-18
5.98466130897 7.94458550648e-18
5.98573797459 8.50570785181e-18
5.9868148339 9.35689953461e-18
5.98789188694 1.05008764295e-17
5.98896913376 1.17609428434e-17
5.99004657437 1.30828681513e-17
5.99112420882 1.45557286058e-17
5.99220203714 1.60408915031e-17
5.99328005936 1.70158509264e-17
5.99435827553 1.66757489868e-17
5.99543668567 1.47935151309e-17
5.99651528983 1.22941507334e-17
5.99759408802 9.77214320134e-18
5.9986730803 6.94425929998e-18
5.9997522667 4.34737470251e-18
6.00083164724 2.71315842246e-18
6.00191122197 1.89880833847e-18
6.00299099092 1.65132276432e-18
6.00407095412 1.66601091499e-18
6.00515111162 1.75762366573e-18
6.00623146343 1.85789372546e-18
6.00731200961 1.94437502228e-18
6.00839275019 2.06624906928e-18
6.00947368519 2.27652819355e-18
6.01055481466 2.54167135068e-18
6.01163613862 2.77592701929e-18
6.01271765713 3.06334699606e-18
6.0137993702 3.43565351539e-18
6.01488127788 3.76844639087e-18
6.01596338019 4.05033161434e-18
6.01704567718 4.24988257748e-18
6.01812816888 4.33636820204e-18
6.01921085533 4.31555191117e-18
6.02029373655 4.20508230873e-18
6.02137681259 4.17239868825e-18
6.02246008348 4.33111693951e-18
6.02354354926 4.6212756488e-18
6.02462720995 4.99433978221e-18
6.0257110656 5.43272071844e-18
6.02679511625 5.91513374784e-18
6.02787936191 6.4266378703e-18
6.02896380264 7.0827063369e-18
6.03004843846 7.89079635308e-18
6.03113326941 8.79419479354e-18
6.03221829553 9.84406649049e-18
6.03330351685 1.10752208025e-17
6.0343889334 1.23864517262e-17
6.03547454523 1.35432177556e-17
6.03656035236 1.43580707702e-17
6.03764635483 1.45112135435e-17
6.03873255268 1.40054056985e-17
6.03981894594 1.31125258265e-17
6.04090553465 1.18804622008e-17
6.04199231883 1.05647543094e-17
6.04307929854 9.82200870347e-18
6.0441664738 9.82205622488e-18
6.04525384464 1.01468333257e-17
6.04634141111 1.00441552165e-17
6.04742917324 8.87580425238e-18
6.04851713106 6.92926549933e-18
6.0496052846 4.76807541164e-18
6.05069363391 3.21574707036e-18
6.05178217902 2.5849879664e-18
6.05287091997 2.44967380323e-18
6.05395985678 2.53964139595e-18
6.05504898949 2.74102929469e-18
6.05613831815 3.04148823831e-18
6.05722784278 3.37513787566e-18
6.05831756342 3.65241718119e-18
6.05940748011 3.80716905798e-18
6.06049759287 3.80875059942e-18
6.06158790176 3.69353724581e-18
6.06267840679 3.5820023138e-18
6.06376910801 3.56652736938e-18
6.06486000545 3.65876936161e-18
6.06595109915 3.85168563372e-18
6.06704238914 4.15013235181e-18
6.06813387546 4.54234069243e-18
6.06922555814 4.99090763865e-18
6.07031743722 5.47193560779e-18
6.07140951273 5.99378604293e-18
6.07250178472 6.56442077812e-18
6.0735942532 7.14360649036e-18
6.07468691823 7.67319897766e-18
6.07577977983 8.08578783683e-18
6.07687283804 8.4306420979e-18
6.0779660929 8.82748836677e-18
6.07905954444 9.30898726543e-18
6.08015319269 9.85941877896e-18
6.0812470377 1.0523273629e-17
6.08234107949 1.1352694962e-17
6.08343531811 1.23225085588e-17
6.08452975359 1.3513878992e-17
6.08562438595 1.50033591588e-17
6.08671921525 1.65905789754e-17
6.08781424151 1.79111209621e-17
6.08890946477 1.81560055157e-17
6.09000488507 1.68081022859e-17
6.09110050244 1.40437275469e-17
6.09219631691 9.8756276405e-18
6.09329232853 5.91225715863e-18
6.09438853732 3.56050711532e-18
6.09548494333 2.44440909854e-18
6.09658154658 2.14900227195e-18
6.09767834712 2.21473206797e-18
6.09877534497 2.40794187833e-18
6.09987254018 2.64456727511e-18
6.10096993278 2.86704840034e-18
6.10206752281 3.03127558849e-18
6.10316531029 3.14588895636e-18
6.10426329528 3.24443057223e-18
6.10536147779 3.47280258413e-18
6.10645985787 3.76973552535e-18
6.10755843556 4.01126281379e-18
6.10865721089 4.31062231039e-18
6.10975618388 4.71278171918e-18
6.11085535459 5.11833502639e-18
6.11195472305 5.44250562957e-18
6.11305428928 5.71029708371e-18
6.11415405334 5.91632456114e-18
6.11525401524 6.04726379557e-18
6.11635417503 6.12359618827e-18
6.11745453275 6.20319812605e-18
6.11855508842 6.29671628129e-18
6.11965584209 6.46006525815e-18
6.12075679379 6.79389948967e-18
6.12185794355 7.30426155737e-18
6.12295929142 8.00859380679e-18
6.12406083742 8.89301352656e-18
6.1251625816 9.91092599074e-18
6.12626452398 1.11199989667e-17
6.12736666461 1.24983344545e-17
6.12846900352 1.39287990562e-17
6.12957154074 1.53550635904e-17
6.13067427632 1.63985157854e-17
6.13177721028 1.66464757711e-17
6.13288034266 1.594150638e-17
6.1339836735 1.39811860438e-17
6.13508720284 1.13674199018e-17
6.13619093071 9.39337384744e-18
6.13729485714 8.55234114158e-18
6.13839898217 8.70398004355e-18
6.13950330584 9.16470965575e-18
6.14060782818 9.27829896012e-18
6.14171254922 8.86239114463e-18
6.14281746902 7.66561742179e-18
6.14392258759 5.92190211395e-18
6.14502790498 4.28329827187e-18
6.14613342122 3.21786405028e-18
6.14723913634 2.91089003456e-18
6.14834505039 3.02647005667e-18
6.1494511634 3.26620496862e-18
6.1505574754 3.60537468006e-18
6.15166398643 3.93356343109e-18
6.15277069653 4.20823158264e-18
6.15387760573 4.48483852699e-18
6.15498471407 4.66965765118e-18
6.15609202158 4.75344535354e-18
6.1571995283 4.83328732203e-18
6.15830723427 4.93487110748e-18
6.15941513951 5.07457792883e-18
6.16052324407 5.24570619736e-18
6.16163154799 5.43794023174e-18
6.16274005129 5.66338121899e-18
6.16384875402 6.10535050669e-18
6.16495765621 6.75418697875e-18
6.1660667579 7.4120967203e-18
6.16717605911 8.09804061242e-18
6.1682855599 8.69931893974e-18
6.16939526029 9.08693481623e-18
6.17050516031 9.28984764127e-18
6.17161526002 9.53999541256e-18
6.17272555943 9.97791382944e-18
6.1738360586 1.04799915025e-17
6.17494675754 1.09568232842e-17
6.17605765631 1.12576072182e-17
6.17716875493 1.15561238541e-17
6.17828005344 1.21653015968e-17
6.17939155188 1.31691841168e-17
6.18050325029 1.45277240305e-17
6.18161514869 1.59044271029e-17
6.18272724713 1.69593579242e-17
6.18383954564 1.72721360688e-17
6.18495204425 1.63515647957e-17
6.18606474301 1.428168497e-17
6.18717764195 1.14069586327e-17
6.1882907411 8.03479097511e-18
6.18940404051 5.08554410062e-18
6.1905175402 3.25146373265e-18
6.19163124021 2.55801524493e-18
6.19274514059 2.5677814748e-18
6.19385924136 2.70927814561e-18
6.19497354256 2.87302617293e-18
6.19608804423 3.10408052346e-18
6.1972027464 3.36272535783e-18
6.19831764911 3.59300907795e-18
6.1994327524 3.87772448875e-18
6.2005480563 4.20867490371e-18
6.20166356084 4.54965095797e-18
6.20277926607 4.91780764138e-18
6.20389517202 5.34052193256e-18
6.20501127873 5.78077987942e-18
6.20612758623 6.15952473721e-18
6.20724409456 6.44442062898e-18
6.20836080375 6.56807796091e-18
6.20947771384 6.54563416714e-18
6.21059482487 6.4575322177e-18
6.21171213687 6.31302975392e-18
6.21282964989 6.21842712318e-18
6.21394736394 6.36614817372e-18
6.21506527908 6.82965200923e-18
6.21618339534 7.54339068979e-18
6.21730171275 8.36370687697e-18
6.21842023135 9.26024898703e-18
6.21953895117 1.03323924877e-17
6.22065787226 1.15313981637e-17
6.22177699465 1.27352141485e-17
6.22289631837 1.39576542229e-17
6.22401584346 1.53382837569e-17
6.22513556996 1.65963992804e-17
6.2262554979 1.73509902383e-17
6.22737562733 1.74885198376e-17
6.22849595827 1.62312113022e-17
6.22961649076 1.36135520872e-17
6.23073722484 1.0905368861e-17
6.23185816054 9.18584016178e-18
6.23297929791 8.72254580848e-18
6.23410063697 8.6205178062e-18
6.23522217777 8.1604840191e-18
6.23634392033 7.08520130159e-18
6.23746586471 5.59427770927e-18
6.23858801092 4.28103687918e-18
6.23971035902 3.46080890551e-18
6.24083290902 3.24381454001e-18
6.24195566098 3.37125319627e-18
6.24307861493 3.57099896269e-18
6.24420177091 3.83285512151e-18
6.24532512894 4.16480254927e-18
6.24644868907 4.50219381593e-18
6.24757245133 4.75068114838e-18
6.24869641576 4.89433162996e-18
6.2498205824 4.98223555026e-18
6.25094495128 5.06527994214e-18
6.25206952244 5.15414250258e-18
6.25319429591 5.22520194926e-18
6.25431927174 5.2927301068e-18
6.25544444995 5.42470864533e-18
6.25656983059 5.74816443587e-18
6.25769541369 6.21419376356e-18
6.25882119929 6.69017063587e-18
6.25994718741 7.20974257853e-18
6.26107337811 7.73599972975e-18
6.26219977142 8.19055103519e-18
6.26332636737 8.5753658594e-18
6.264453166 9.01030957195e-18
6.26558016734 9.71801309458e-18
6.26670737143 1.0709709508e-17
6.26783477832 1.18158582483e-17
6.26896238803 1.27150896432e-17
6.2700902006 1.30857362791e-17
6.27121821607 1.29762754744e-17
6.27234643447 1.26446016968e-17
6.27347485585 1.26370979978e-17
6.27460348023 1.30151225729e-17
6.27573230766 1.33518904421e-17
6.27686133817 1.28682086729e-17
6.27799057179 1.17109204152e-17
6.27912000857 1.07473316488e-17
6.28024964854 1.01579924691e-17
6.28137949174 9.94762283935e-18
6.2825095382 9.69532053229e-18
6.28363978796 9.00871599716e-18
6.28477024106 7.57971875517e-18
6.28590089753 5.82720372103e-18
6.28703175741 4.47984146288e-18
6.28816282074 3.86657941365e-18
6.28929408754 3.87474474625e-18
6.29042555787 4.04724803064e-18
6.29155723176 4.24485130347e-18
6.29268910924 4.5404360809e-18
6.29382119035 4.86422326125e-18
6.29495347512 5.10101571842e-18
6.2960859636 5.35419043652e-18
6.29721865581 5.69693178952e-18
6.2983515518 6.02078354617e-18
6.29948465161 6.17609965801e-18
6.30061795526 6.08948163606e-18
6.3017514628 5.86713168889e-18
6.30288517427 5.6832893027e-18
6.30401908969 5.59913904089e-18
6.30515320911 5.69277211069e-18
6.30628753256 5.96451493856e-18
6.30742206008 6.36744880396e-18
6.30855679171 6.86629445357e-18
6.30969172748 7.38238765621e-18
6.31082686743 7.88319719515e-18
6.3119622116 8.41970802337e-18
6.31309776002 9.14682191953e-18
6.31423351273 9.98827064659e-18
6.31536946976 1.07042415804e-17
6.31650563116 1.13092532407e-17
6.31764199696 1.19735127437e-17
6.3187785672 1.28002241147e-17
6.31991534191 1.37910679797e-17
6.32105232113 1.49812341156e-17
6.3221895049 1.6000261799e-17
6.32332689325 1.62923667933e-17
6.32446448622 1.50870300821e-17
6.32560228385 1.27581414177e-17
6.32674028618 1.03648585505e-17
6.32787849324 8.15343340527e-18
6.32901690506 6.33078805012e-18
6.33015552169 4.93446571601e-18
6.33129434317 4.00104138838e-18
6.33243336952 3.62469421888e-18
6.33357260078 3.63533016758e-18
6.334712037 3.79367107696e-18
6.33585167821 4.05400401574e-18
6.33699152445 4.39067343842e-18
6.33813157574 4.76579291955e-18
6.33927183214 5.11393913204e-18
6.34041229368 5.39613670436e-18
6.34155296038 5.57418180419e-18
6.3426938323 5.64342209176e-18
6.34383490947 5.67254298198e-18
6.34497619192 5.65895881088e-18
6.34611767969 5.5801980012e-18
6.34725937283 5.49043178551e-18
6.34840127135 5.45383201835e-18
6.34954337531 5.51991866936e-18
6.35068568474 5.68081743844e-18
6.35182819967 5.78836327605e-18
6.35297092015 5.82916161155e-18
6.35411384621 5.96024586262e-18
6.35525697788 6.2998519293e-18
6.35640031521 6.90538361094e-18
6.35754385823 7.6798858873e-18
6.35868760698 8.53544887004e-18
6.3598315615 9.56671676439e-18
6.36097572181 1.07460608493e-17
6.36212008797 1.1923075575e-17
6.36326466 1.30440554031e-17
6.36440943794 1.36066485701e-17
6.36555442184 1.33424129318e-17
6.36669961172 1.24443433951e-17
6.36784500763 1.1030284843e-17
6.3689906096 9.44379602923e-18
6.37013641766 7.96376737697e-18
6.37128243187 6.97456304546e-18
6.37242865224 6.75013393106e-18
6.37357507883 7.05432590064e-18
6.37472171166 7.61494064558e-18
6.37586855078 8.22703429491e-18
6.37701559621 8.72269619014e-18
6.37816284801 9.00740979387e-18
6.3793103062 8.69568515194e-18
6.38045797083 7.79479045855e-18
6.38160584192 6.77140488242e-18
6.38275391952 6.01846798039e-18
6.38390220366 5.6855414967e-18
6.38505069439 5.53007318227e-18
6.38619939173 5.3973579287e-18
6.38734829573 5.30632712864e-18
6.38849740642 5.31758142333e-18
6.38964672384 5.4206611708e-18
6.39079624803 5.54508049592e-18
6.39194597903 5.58673637239e-18
6.39309591686 5.52520252067e-18
6.39424606157 5.39413312124e-18
6.3953964132 5.29008335828e-18
6.39654697178 5.2610980125e-18
6.39769773735 5.26329359545e-18
6.39884870995 5.29853326029e-18
6.39999988962 5.42438524908e-18
6.40115127638 5.68189165759e-18
6.40230287029 6.05044254845e-18
6.40345467137 6.48463707025e-18
6.40460667967 6.91982823179e-18
6.40575889522 7.2969700955e-18
6.40691131805 7.56765088931e-18
6.40806394821 7.76447488721e-18
6.40921678574 7.94873484615e-18
6.41036983066 8.14061283026e-18
6.41152308302 8.57784787457e-18
6.41267654286 9.39423481955e-18
6.41383021021 1.03298116734e-17
6.41498408511 1.13265203602e-17
6.4161381676 1.236953392e-17
6.41729245771 1.32536948663e-17
6.41844695548 1.32456640801e-17
6.41960166095 1.21881391166e-17
6.42075657415 1.06269921409e-17
6.42191169514 8.48280669648e-18
6.42306702393 6.38420616713e-18
6.42422256057 5.04218011294e-18
6.42537830509 4.47565164619e-18
6.42653425754 4.51540860743e-18
6.42769041795 4.77183968149e-18
6.42884678636 5.01970316814e-18
6.43000336281 5.35707063716e-18
6.43116014732 5.83380900502e-18
6.43231713995 6.31269626547e-18
6.43347434073 6.68254821578e-18
6.43463174969 6.86121691083e-18
6.43578936687 6.87418312157e-18
6.43694719231 6.70776909201e-18
6.43810522605 6.33223632339e-18
6.43926346813 5.85835276979e-18
6.44042191858 5.46210267154e-18
6.44158057743 5.09823073927e-18
6.44273944474 4.72166487434e-18
6.44389852053 4.40633260977e-18
6.44505780485 4.23115419282e-18
6.44621729772 4.29698058512e-18
6.44737699919 4.59498268029e-18
6.4485369093 5.06162078487e-18
6.44969702808 5.59733433978e-18
6.45085735557 6.15883557979e-18
6.4520178918 6.81391456242e-18
6.45317863683 7.5486124805e-18
6.45433959067 8.29440704595e-18
6.45550075338 9.02503872712e-18
6.45666212498 9.55775739225e-18
6.45782370552 9.74465813175e-18
6.45898549504 9.62827936753e-18
6.46014749356 9.15246660096e-18
6.46130970113 8.3790489705e-18
6.46247211779 7.47540553906e-18
6.46363474357 6.48234646013e-18
6.46479757851 5.91248441222e-18
6.46596062266 5.98852606911e-18
6.46712387603 6.36860590214e-18
6.46828733869 6.93448723111e-18
6.46945101065 7.58224951918e-18
6.47061489196 8.25118001693e-18
6.47177898267 8.79040840378e-18
6.47294328279 8.9563988455e-18
6.47410779238 8.70834427225e-18
6.47527251147 8.10109288428e-18
6.47643744009 7.33776431692e-18
6.47760257829 6.7028705269e-18
6.47876792611 6.33775253087e-18
6.47993348358 6.08703219133e-18
6.48109925073 5.73744500452e-18
6.48226522761 5.3080543865e-18
6.48343141426 4.82822555259e-18
6.4845978107 4.46711121875e-18
6.48576441699 4.34260063818e-18
6.48693123315 4.42121116653e-18
6.48809825923 4.67088744218e-18
6.48926549526 5.00699466123e-18
6.49043294129 5.30140463337e-18
6.49160059734 5.47665252367e-18
6.49276846345 5.49307481584e-18
6.49393653968 5.28622381825e-18
6.49510482604 5.03006518032e-18
6.49627332258 4.94483226246e-18
6.49744202934 5.03911886325e-18
6.49861094636 5.29186153872e-18
6.49978007366 5.63075777971e-18
6.5009494113 5.97863202312e-18
6.50211895931 6.21169505153e-18
6.50328871773 6.38120933611e-18
6.50445868658 6.64437279379e-18
6.50562886593 7.0512923898e-18
6.50679925579 7.53901608643e-18
6.50796985621 7.93475916077e-18
6.50914066722 8.12388730796e-18
6.51031168887 8.32678363377e-18
6.51148292119 8.5894464524e-18
6.51265436422 8.66301615854e-18
6.513826018 8.35600873279e-18
6.51499788256 7.66384168716e-18
6.51616995795 6.82734093349e-18
6.5173422442 6.25336120981e-18
6.51851474134 6.10539059942e-18
6.51968744943 6.1139320624e-18
6.52086036849 6.04868174359e-18
6.52203349856 5.8642444008e-18
6.52320683968 5.7215308724e-18
6.5243803919 5.77005066962e-18
6.52555415523 6.0508328947e-18
6.52672812974 6.45732998159e-18
6.52790231545 6.89744168228e-18
6.52907671239 7.27400987483e-18
6.53025132062 7.4437119731e-18
6.53142614017 7.33493268002e-18
6.53260117106 6.66809894205e-18
6.53377641336 5.46570183587e-18
6.53495186708 4.16526161795e-18
6.53612753227 3.33331331723e-18
6.53730340897 3.19723179582e-18
6.53847949721 3.39783998831e-18
6.53965579704 3.64575789279e-18
6.54083230849 3.94146436188e-18
6.5420090316 4.27240206299e-18
6.5431859664 4.44403891435e-18
6.54436311294 4.40744495705e-18
6.54554047126 4.2644071493e-18
6.54671804138 4.11371588344e-18
6.54789582336 3.96726537075e-18
6.54907381722 3.95112875086e-18
6.55025202301 4.16258469889e-18
6.55143044077 4.41056609983e-18
6.55260907052 4.58677521376e-18
6.55378791232 4.75391891311e-18
6.5549669662 4.93203471998e-18
6.55614623219 5.04109674228e-18
6.55732571034 5.0366722344e-18
6.55850540068 4.99804991836e-18
6.55968530325 4.95448361585e-18
6.56086541809 4.90380085361e-18
6.56204574524 4.8415966235e-18
6.56322628473 4.8065158314e-18
6.56440703661 4.77386683617e-18
6.56558800091 4.66188384272e-18
6.56676917767 4.53417280603e-18
6.56795056693 4.42924515726e-18
6.56913216872 4.29328403802e-18
6.5703139831 3.96308900743e-18
6.57149601008 3.4680490972e-18
6.57267824972 3.00430765391e-18
6.57386070204 2.66907518907e-18
6.5750433671 2.5099396733e-18
6.57622624492 2.48591270235e-18
6.57740933554 2.64061497534e-18
6.57859263901 2.94454354042e-18
6.57977615536 3.29522819931e-18
6.58095988463 3.66367547808e-18
6.58214382686 3.88305959148e-18
6.58332798208 3.82707046196e-18
6.58451235034 3.48957509823e-18
6.58569693167 3.12396209559e-18
6.58688172611 3.02795842304e-18
6.5880667337 3.22834502843e-18
6.58925195448 3.53015780509e-18
6.59043738848 3.68491483005e-18
6.59162303575 3.66998053429e-18
6.59280889632 3.65352021418e-18
6.59399497024 3.72927171044e-18
6.59518125753 3.82159018294e-18
6.59636775824 3.86577317159e-18
6.59755447241 3.88582451136e-18
6.59874140007 3.96442394034e-18
6.59992854127 4.15400318417e-18
6.60111589604 4.24984095296e-18
6.60230346441 4.0746603001e-18
6.60349124644 3.69831957038e-18
6.60467924215 3.40692391243e-18
6.60586745159 3.41646746287e-18
6.6070558748 3.6598950026e-18
6.6082445118 3.94932660294e-18
6.60943336265 4.08432323725e-18
6.61062242737 4.0379513347e-18
6.61181170601 3.92250148524e-18
6.61300119861 3.87904582521e-18
6.6141909052 3.91727878065e-18
6.61538082583 3.98228216042e-18
6.61657096053 4.09357572144e-18
6.61776130934 4.3273981997e-18
6.61895187229 4.67999376079e-18
6.62014264944 4.88870747118e-18
6.62133364081 4.70232779149e-18
6.62252484644 4.06150502224e-18
6.62371626638 3.21227959863e-18
6.62490790066 2.4866037778e-18
6.62609974932 2.02762437128e-18
6.6272918124 1.87852441066e-18
6.62848408993 1.90986959794e-18
6.62967658196 2.04987719087e-18
6.63086928853 2.27073052855e-18
6.63206220966 2.52947364568e-18
6.63325534541 2.73710720878e-18
6.63444869581 2.78553238429e-18
6.6356422609 2.71965749493e-18
6.63683604071 2.7082742642e-18
6.6380300353 2.81225834371e-18
6.63922424468 2.89459259453e-18
6.64041866891 2.73585887835e-18
6.64161330802 2.24287100997e-18
6.64280816205 1.70186624927e-18
6.64400323104 1.49618673652e-18
6.64519851503 1.7530935351e-18
6.64639401406 2.25829253196e-18
6.64758972816 2.74152901537e-18
6.64878565737 3.22882392377e-18
6.64998180174 3.67802528891e-18
6.6511781613 4.00203282034e-18
6.65237473609 4.24550262858e-18
6.65357152615 4.59168001833e-18
6.65476853151 5.14425093309e-18
6.65596575222 5.57977926078e-18
6.65716318832 5.57735524181e-18
6.65836083984 5.16770695847e-18
6.65955870682 4.47349440271e-18
6.66075678931 3.70868054387e-18
6.66195508733 3.04087072838e-18
6.66315360093 2.61414225689e-18
6.66435233015 2.44290504411e-18
6.66555127503 2.34574342658e-18
6.6667504356 2.11198104487e-18
6.66794981191 1.80573779547e-18
6.66914940399 1.66358623629e-18
6.67034921188 1.83761040592e-18
6.67154923562 2.22756218558e-18
6.67274947525 2.55743615541e-18
6.67394993081 2.68460639688e-18
6.67515060233 2.62073823386e-18
6.67635148986 2.50720229713e-18
6.67755259344 2.40660991638e-18
6.6787539131 2.35246000955e-18
6.67995544888 2.36739730473e-18
6.68115720082 2.50118561811e-18
6.68235916897 2.73588994472e-18
6.68356135335 2.96422727238e-18
6.68476375401 3.0975069931e-18
6.68596637099 3.07734215888e-18
6.68716920432 2.95591137796e-18
6.68837225405 2.82063479371e-18
6.68957552021 2.82495535278e-18
6.69077900284 3.09952961217e-18
6.69198270199 3.67169169446e-18
6.69318661769 4.31652683196e-18
6.69439074997 4.70721432561e-18
6.69559509889 4.74641331538e-18
6.69679966447 4.61400293989e-18
6.69800444676 4.47650365286e-18
6.69920944579 4.28159292648e-18
6.70041466161 3.92872598551e-18
6.70162009425 3.49267747239e-18
6.70282574375 3.14987295807e-18
6.70403161016 3.16609299121e-18
6.7052376935 3.46934114026e-18
6.70644399383 3.72181449473e-18
6.70765051117 3.56769884668e-18
6.70885724557 3.12260981232e-18
6.71006419707 2.86179329944e-18
6.7112713657 3.07583134301e-18
6.71247875151 3.56103122038e-18
6.71368635453 3.81221948028e-18
6.71489417481 3.35916439207e-18
6.71610221237 2.35438223253e-18
6.71731046727 1.42754009571e-18
6.71851893954 9.6811783466e-19
6.71972762921 1.08707441077e-18
6.72093653634 1.4778687528e-18
6.72214566095 1.70343659596e-18
6.72335500309 1.71438590725e-18
6.72456456279 1.8354871592e-18
6.7257743401 2.13172261711e-18
6.72698433506 2.4198005916e-18
6.72819454769 2.4969789529e-18
6.72940497805 2.58378618502e-18
6.73061562617 2.87609549314e-18
6.73182649209 3.33162735406e-18
6.73303757585 3.59629540452e-18
6.73424887749 3.51582617358e-18
6.73546039705 3.28167007903e-18
6.73667213457 3.14812412058e-18
6.73788409008 2.95569687867e-18
6.73909626363 2.41154217952e-18
6.74030865525 1.64456627175e-18
6.74152126499 1.32413551048e-18
6.74273409288 1.88686330199e-18
6.74394713897 2.99301813774e-18
6.74516040328 3.86933726471e-18
6.74637388587 3.98076140497e-18
6.74758758677 3.13027713562e-18
6.74880150601 1.88235975681e-18
6.75001564365 1.08367474462e-18
6.75122999972 1.38796816055e-18
6.75244457425 2.44861017216e-18
6.75365936729 3.26854218372e-18
6.75487437888 3.45163484713e-18
6.75608960905 2.97034475764e-18
6.75730505785 2.30273118326e-18
6.75852072531 2.1062188507e-18
6.75973661147 2.1767901233e-18
6.76095271638 1.8848824454e-18
6.76216904007 1.51575449779e-18
6.76338558258 1.21902917083e-18
6.76460234396 9.79362694335e-19
6.76581932423 9.82080979532e-19
6.76703652345 1.39410968718e-18
6.76825394164 2.06049731441e-18
6.76947157885 2.04311569685e-18
6.77068943512 1.27697541839e-18
6.77190751049 5.47987573112e-19
6.77312580499 4.16349270277e-19
6.77434431867 8.06242582674e-19
6.77556305157 1.1403082021e-18
6.77678200372 1.29784528168e-18
6.77800117516 1.31108559654e-18
6.77922056594 1.32444696563e-18
6.7804401761 1.33772819212e-18
6.78166000566 1.35088393439e-18
6.78288005468 1.3638876222e-18
6.78410032319 1.37366830127e-18
6.78532081123 1.38216753869e-18
6.78654151885 1.39389039577e-18
6.78776244607 1.40717366696e-18
6.78898359294 1.42051045556e-18
6.79020495951 1.43371474005e-18
6.7914265458 1.44698902083e-18
6.79264835186 1.46032051354e-18
6.79387037773 1.47351675297e-18
6.79509262344 1.48664698621e-18
6.79631508904 1.49983895627e-18
6.79753777457 1.51316365892e-18
6.79876068007 1.5264220829e-18
6.79998380557 1.53804896193e-18
6.80120715112 1.54646056716e-18
6.80243071675 1.55627131299e-18
6.80365450251 1.56935158139e-18
6.80487850843 1.58265693962e-18
6.80610273455 1.5959061568e-18
6.80732718092 1.60907572287e-18
6.80855184757 1.62237108696e-18
6.80977673454 1.63561602869e-18
6.81100184188 1.64872460281e-18
6.81222716962 1.6618222518e-18
6.8134527178 1.67503396246e-18
6.81467848646 1.68708740599e-18
6.81590447564 1.6957498521e-18
6.81713068538 1.70518980908e-18
6.81835711572 1.71798610208e-18
6.81958376671 1.73115596786e-18
6.82081063837 1.74434647909e-18
6.82203773075 1.75762466426e-18
6.82326504389 1.77079105479e-18
6.82449257783 1.78397064531e-18
6.82572033261 1.79724184371e-18
6.82694830826 1.81040497708e-18
6.82817650484 1.82347132624e-18
6.82940492237 1.83578437378e-18
6.8306335609 1.84489683771e-18
6.83186242046 1.85390727509e-18
6.83309150111 1.86614127399e-18
6.83432080287 1.87935656494e-18
6.83555032578 1.89258173549e-18
6.83678006989 1.90569431009e-18
6.83801003524 1.91889789514e-18
6.83924022187 1.93212053484e-18
6.84047062981 1.9452083569e-18
6.84170125911 1.95824927938e-18
6.8429321098 1.97136694538e-18
6.84416318192 1.98460340423e-18
6.84539447552 1.99775756604e-18
6.84662599064 2.00899987709e-18
6.84785772731 2.01722939724e-18
6.84908968558 2.02724476137e-18
6.85032186548 2.04033781112e-18
6.85155426705 2.05356040061e-18
6.85278689034 2.06671087768e-18
6.85401973538 2.07979129989e-18
6.85525280222 2.09300330674e-18
6.85648609089 2.10615226725e-18
6.85771960144 2.11916563312e-18
6.8589533339 2.13217408136e-18
6.86018728831 2.14529883836e-18
6.86142146471 2.15723084119e-18
6.86265586315 2.16579197133e-18
6.86389048366 2.17517447242e-18
6.86512532629 2.18789154362e-18
6.86636039107 2.20097276643e-18
6.86759567804 2.21407091765e-18
6.86883118725 2.22726006345e-18
6.87006691873 2.24034056512e-18
6.87130287252 2.25332490092e-18
6.87253904866 2.26633575882e-18
6.8737754472 2.27947694731e-18
6.87501206817 2.29262562514e-18
6.87624891162 2.30566176633e-18
6.87748597758 2.31878897767e-18
6.87872326609 2.32982047059e-18
6.8799607772 2.3378496012e-18
6.88119851094 2.34807959225e-18
6.88243646735 2.36122805429e-18
6.88367464647 2.37425018268e-18
6.88491304835 2.3873488039e-18
6.88615167303 2.4216040833e-18
6.88739052053 2.4945890201e-18
